connectortype,durationcharge,durationsession,energy,tariff,cost,meanpower,maxpower,anomaly
0.0,0.82,0.83,15.834,0.0,0.0,5.346,7.2,1
0.0,1.3749995,7.3150015,7.974001,0.0,0.0,5.4759984,7.2,1
0.0,0.6600001,2.6950006,4.024,1.1650006,4.2249985,5.4099984,7.2,1
0.0,0.56499994,1.3800002,4.820998,0.074999996,0.074999996,3.7019994,7.2,1
0.0,0.0,0.024999999,0.137,1.0349995,0.0,6.2750015,7.2,1
0.0,1.1449995,1.2950006,-0.40200007,0.39499992,2.2550006,5.8959985,7.2,1
0.0,2.8550007,2.1749992,11.988003,0.40499994,4.0550013,4.192002,7.2,1
0.0,2.2849994,8.705003,6.6080017,0.26500008,2.1450007,2.8810008,7.2,1
0.0,5.75,1.81,3.814,0.24,0.92,2.889,7.2,1
0.0,4.504998,4.665002,7.4510016,0.074999996,0.074999996,6.0889983,7.2,1
0.0,0.4,0.4,25.787,0.59,1.54,6.515,7.2,1
0.0,0.19499993,0.47499993,2.2830007,0.5950001,1.6550006,5.9700017,7.2,1
0.0,0.61499995,2.035,12.024003,0.47499993,4.915002,6.686002,7.2,1
0.0,3.2350006,3.3949993,2.1179993,0.94499993,9.535003,3.2620006,7.2,1
0.0,0.25499994,0.25499994,3.9440002,0.9549999,1.0250001,6.086002,7.2,1
0.0,2.4150007,2.9249992,2.9339993,0.074999996,0.074999996,5.570998,7.2,1
0.0,3.01,3.02,84.31,0.0,0.0,5.104,7.2,1
0.0,4.8049984,3.2849994,15.838003,0.795,12.964997,3.3359993,7.2,1
0.0,0.7749999,1.0649995,3.6680007,1.0149995,4.1550016,3.3869994,7.2,1
0.0,0.55500007,1.6249995,3.7729993,0.43499994,1.2549995,5.794998,7.2,1
0.0,3.2650006,16.694998,11.082997,0.0,0.0,3.2210007,7.2,1
0.0,0.054999992,0.06500001,-0.46700007,0.0,0.0,2.9790006,7.2,1
0.0,1.0449995,1.2050005,2.6359994,0.074999996,0.0,5.8039985,7.2,1
0.0,2.4350007,2.7850006,1.8220005,1.1850005,7.3049984,2.5740006,7.2,1
0.0,0.32500008,0.15499997,0.32599992,0.0,0.0,3.0620008,7.2,1
0.0,7.81,2.19,13.178,1.22,16.08,6.017,7.2,1
0.0,2.1749992,7.624998,11.024003,0.074999996,0.0,5.209998,7.2,1
0.0,0.61499995,2.0749993,11.722003,0.074999996,0.074999996,6.033002,7.2,1
0.0,0.63500005,6.484998,1.6679995,1.1950005,2.025,2.5299993,7.2,1
0.0,1.29,1.3,30.763,0.0,0.0,3.109,7.2,1
0.0,7.62,1.78,5.326,0.0,0.0,2.992,7.2,1
0.0,2.8849993,10.685003,11.027003,0.074999996,0.0,3.8760006,7.2,1
0.0,1.5249995,2.8250008,3.4599993,0.074999996,0.059999995,4.5819983,7.2,1
0.0,2.3750007,2.8199997,1.8020005,0.074999996,0.0,2.9660006,7.2,1
0.0,2.27,2.28,79.386,0.0,0.0,5.544,7.2,1
0.0,7.8849983,7.9249988,6.699002,0.074999996,0.074999996,3.1460006,7.2,1
0.0,1.5249995,3.2749994,0.37499994,0.074999996,0.0,3.1140006,7.2,1
0.0,0.095,1.7749995,0.24300006,0.074999996,0.0,5.125002,7.2,1
0.0,2.6650007,2.6349993,4.843002,0.074999996,0.074999996,5.4049983,7.2,1
0.0,2.2050006,1.1850005,6.9109983,0.074999996,0.0,3.1389992,7.2,1
0.0,2.36,0.61,3.596,0.0,0.0,5.993,7.2,1
0.0,1.3449994,1.4800004,3.2389994,1.2950006,10.1950035,5.854998,7.2,1
0.0,15.75,3.23,20.015,0.81,16.21,6.197,7.2,1
0.0,2.95,2.95,102.763,0.0,0.0,4.408,7.2,1
0.0,1.74,1.74,72.353,0.74,7.7,5.977,7.2,1
0.0,1.96,2.47,37.111,1.13,6.7,3.024,7.2,1
0.0,1.3749995,2.4750006,1.4840006,0.074999996,0.0,2.9130006,7.2,1
0.0,0.8249999,1.9950005,6.7139983,0.9949997,7.1350017,3.3709993,7.2,1
0.0,2.5349994,9.175003,7.4570017,0.0,0.0,2.9260006,7.2,1
0.0,1.5450006,6.1949983,4.718002,0.0,0.0,3.0840006,7.2,1
0.0,2.3350008,1.5350006,13.826003,0.022499999,0.074999996,5.843002,7.2,1
0.0,2.3950007,2.7849994,0.68899995,0.074999996,0.0,5.5169983,7.2,1
0.0,1.33,1.34,22.576,0.0,0.0,6.072,7.2,1
0.0,3.2349994,8.465003,18.900997,0.5249999,8.544997,5.8829985,7.2,1
0.0,4.85,1.5,5.334,0.71,3.79,5.443,7.2,1
0.0,4.06,1.18,13.306,0.0,0.0,3.277,7.2,1
0.0,0.17000003,0.14499998,1.0729995,0.50499994,0.52,5.8150015,7.2,1
0.0,3.01,4.32,116.325,0.77,9.12,3.937,7.2,1
0.0,1.5,1.5,47.342,0.0,0.0,3.257,7.2,1
0.0,1.4850005,3.8650007,4.2869983,0.0,0.074999996,3.1689994,7.2,1
0.0,15.59,3.3,11.328,0.0,0.0,3.443,7.2,1
0.0,0.8449999,1.9299998,7.0929985,0.0,0.074999996,5.053002,7.2,1
0.0,1.2249994,1.3750005,-0.13600007,0.81499994,3.1050007,3.2350006,7.2,1
0.0,5.894998,3.2649994,7.5750017,0.56499994,3.5950007,2.7340007,7.2,1
0.0,1.4549994,1.6150005,3.5649993,0.074999996,0.0,4.8969984,7.2,1
0.0,2.4350007,12.894997,7.9850025,0.0,0.0,3.2859993,7.2,1
0.0,7.71,2.61,5.953,0.52,3.1,2.918,7.2,1
0.0,2.43,0.73,7.619,1.2,9.14,3.135,7.2,1
0.0,0.9149999,2.0549996,11.800003,0.074999996,0.074999996,6.072002,7.2,1
0.0,2.4849994,10.285003,14.417003,0.0,0.0,5.9379983,7.2,1
0.0,2.1249998,2.2049994,16.076002,0.074999996,0.074999996,2.9989994,7.2,1
0.0,0.9150001,1.0650004,-0.4100001,0.074999996,0.0,2.1740007,7.2,1
0.0,3.13,0.69,2.275,0.0,0.0,3.297,7.2,1
0.0,3.9,4.15,96.485,0.11,1.3,3.04,7.2,1
0.0,0.5149999,1.6349995,3.0650008,0.97499967,3.3749993,4.3180017,7.2,1
0.0,0.27499995,0.5949999,2.8150008,0.6750001,2.2449994,5.633002,7.2,1
0.0,3.4750006,3.6249993,3.4829993,0.22499993,2.3550007,4.479998,7.2,1
0.0,0.94499993,2.6349993,11.641003,0.074999996,0.074999996,5.962002,7.2,1
0.0,0.23499992,0.50999993,1.2949995,0.059999995,0.074999996,3.1889994,7.2,1
0.0,1.2350005,5.084998,2.7600007,0.022499999,0.074999996,2.4739997,7.2,1
0.0,0.9549999,2.1450007,2.7430007,0.074999996,0.074999996,3.187,7.2,1
0.0,2.84,2.98,90.895,0.0,0.0,5.812,7.2,1
0.0,0.055,0.01,0.24799992,0.044999998,0.0,6.124998,7.2,1
0.0,0.15499997,0.17,0.46600008,0.037499998,0.074999996,3.2569993,7.2,1
0.0,0.40499994,3.3950007,1.4859995,0.074999996,0.074999996,4.8050017,7.2,1
0.0,1.31,1.31,46.704,0.0,0.0,5.882,7.2,1
0.0,1.015,1.5249995,2.6490006,0.37499994,0.8949999,2.0070004,7.2,1
0.0,0.8349999,1.8549994,5.3579984,0.9549999,4.855002,2.9049993,7.2,1
0.0,2.4749994,9.935003,12.744003,0.45500004,6.7149982,5.4010015,7.2,1
0.0,2.3350008,1.5550005,12.825003,1.2650006,15.424997,5.428002,7.2,1
0.0,1.1149995,1.2750006,1.6740005,0.074999996,0.059999995,3.2860007,7.2,1
0.0,3.05,4.35,127.528,0.0,0.0,5.032,7.2,1
0.0,2.3550007,0.93499994,2.7639992,0.9049999,2.1550007,3.0520008,7.2,1
0.0,2.3049994,8.335003,6.429002,0.0,0.0,2.7740006,7.2,1
0.0,1.3550005,4.734998,3.8220007,0.0,0.074999996,3.1199994,7.2,1
0.0,0.34499994,0.86499995,4.1929984,0.0,0.074999996,5.547002,7.2,1
0.0,3.87,3.95,62.077,0.26,3.05,3.031,7.2,1
0.0,2.85,1.04,6.032,0.44,2.65,5.8,7.2,1
0.0,4.05,1.17,4.211,0.0,0.0,3.599,7.2,1
0.0,4.3050017,16.965004,19.246,0.074999996,0.0,4.4749985,7.2,1
0.0,1.67,1.73,36.663,0.0,0.0,5.688,7.2,1
0.0,0.92499995,1.8350005,10.384003,0.074999996,0.074999996,6.052002,7.2,1
0.0,1.5549995,1.1150005,9.651003,0.9949996,10.484997,6.0420017,7.2,1
0.0,0.7950001,1.0950005,-0.42500007,0.54499996,2.7250006,6.7779984,7.2,1
0.0,0.70500004,0.37499994,3.5980008,0.42499992,1.3650005,4.9720016,7.2,1
0.0,4.94,1.1,6.526,0.77,5.03,5.987,7.2,1
0.0,2.7649994,3.2149994,20.172003,0.0,0.074999996,2.8689992,7.2,1
0.0,2.15,2.15,83.663,0.0,0.0,4.107,7.2,1
0.0,1.3749995,0.79499996,4.162998,0.47499993,1.6249995,2.9979994,7.2,1
0.0,3.3749993,7.6349983,11.153997,0.41499993,3.6950006,3.2820008,7.2,1
0.0,3.1150007,3.2749994,7.534002,0.0,0.074999996,6.0109982,7.2,1
0.0,4.0,1.18,12.904,0.0,0.0,3.226,7.2,1
0.0,1.9249995,2.9850006,0.5989999,0.6449999,3.4050007,2.9780006,7.2,1
0.0,0.35500008,0.25499994,2.4580007,1.2850006,3.1349993,5.9660015,7.2,1
0.0,2.5,2.51,126.493,0.0,0.0,5.974,7.2,1
0.0,4.4949985,2.4549994,5.620002,1.0750005,5.6150017,3.1120007,7.2,1
0.0,0.39500007,0.23499992,0.5619999,0.98499995,0.36500007,2.9690006,7.2,1
0.0,1.3849995,0.5749999,1.5500005,0.074999996,0.0,2.9350007,7.2,1
0.0,8.22,2.46,7.646,0.0,0.0,3.121,7.2,1
0.0,0.7150001,0.37499994,0.93999994,0.93499994,0.6650001,2.9080007,7.2,1
0.0,19.61,4.55,14.174,0.0,0.0,3.579,7.2,1
0.0,0.43,0.44,8.001,0.0,0.0,3.884,7.2,1
0.0,4.29,0.9,2.917,0.53,1.55,3.241,7.2,1
0.0,2.34,0.55,1.021,0.0,0.0,2.127,7.2,1
0.0,2.3750007,2.5349994,3.6049993,0.074999996,0.074999996,5.8959985,7.2,1
0.0,1.4249995,8.624997,4.6549983,0.0,0.0,3.2279994,7.2,1
0.0,0.29499993,0.93499994,4.9779983,0.59000003,3.3549993,6.020002,7.2,1
0.0,2.77,0.83,8.05,0.75,6.04,2.906,7.2,1
0.0,2.2850006,1.1250005,7.3449984,1.3,9.424997,3.2189994,7.2,1
0.0,0.43,0.43,8.3,0.37,0.51,3.221,7.2,1
0.0,1.1350005,3.0350006,7.8239985,1.0349995,8.844997,2.7079992,7.2,1
0.0,3.4350007,2.4349992,5.5630016,0.074999996,0.0,3.3130007,7.2,1
0.0,1.1450006,2.9050007,6.117998,0.17500007,1.6250005,3.0959992,7.2,1
0.0,2.81,2.82,96.104,0.0,0.0,5.937,7.2,1
0.0,2.99,2.99,43.914,0.28,4.31,5.148,7.2,1
0.0,3.52,3.76,36.935,0.0,0.0,3.077,7.2,1
0.0,15.5,3.23,17.678,0.32,5.66,5.473,7.2,1
0.0,1.4849994,0.87499994,7.9219985,0.0,0.074999996,5.2010016,7.2,1
0.0,1.5149995,1.6650006,1.7220005,1.0550004,5.0949984,3.2400007,7.2,1
0.0,3.2,3.2,97.261,0.0,0.0,3.149,7.2,1
0.0,1.5049995,0.7849999,8.948003,0.21500006,2.6949992,5.7860017,7.2,1
0.0,1.1550006,2.3250008,6.0609984,0.0,0.0075,3.0829992,7.2,1
0.0,4.3249984,2.4249992,3.0179994,0.074999996,0.0,1.8609995,7.2,1
0.0,0.92,0.92,33.006,1.18,6.36,5.858,7.2,1
0.0,1.5149995,0.61499995,4.9689984,0.074999996,0.0,3.2469993,7.2,1
0.0,4.1150017,15.845003,17.361998,0.33499992,4.414998,4.203998,7.2,1
0.0,1.4250005,5.2649984,7.2909985,1.1650006,8.104997,5.380998,7.2,1
0.0,1.8750005,3.8350008,12.660003,0.0,0.0,3.3319993,7.2,1
0.0,8.28,3.24,10.619,0.0,0.0,3.277,7.2,1
0.0,13.73,2.87,12.308,0.0,0.0,4.349,7.2,1
0.0,1.5549995,0.7249999,7.624998,0.32500008,3.1549993,4.7990017,7.2,1
0.0,2.1750007,1.6450006,6.4899983,0.56499994,3.2949994,2.9929993,7.2,1
0.0,1.1449995,1.2950006,1.8790005,0.074999996,0.0,3.2280006,7.2,1
0.0,0.27499995,0.80499995,2.3510008,0.007499997,0.074999996,3.3979993,7.2,1
0.0,2.0150006,14.854997,6.7000012,0.0,0.0,3.2589993,7.2,1
0.0,0.38499993,0.62000006,1.7939994,0.074999996,0.074999996,2.8169994,7.2,1
0.0,1.2049994,0.74499995,3.6780007,1.3,4.765002,3.0069993,7.2,1
0.0,2.96,0.81,9.693,0.5,4.85,3.275,7.2,1
0.0,1.2350005,3.5749993,20.634003,0.074999996,0.074999996,6.0090017,7.2,1
0.0,0.62499994,2.2900004,6.0139985,1.0049995,6.6550016,3.3139994,7.2,1
0.0,0.47500002,2.3649993,1.5649998,0.5749999,0.7250001,3.0969996,7.2,1
0.0,2.43,1.11,13.701,0.0,0.0,5.638,7.2,1
0.0,3.4450006,3.0849993,6.9100018,0.074999996,0.074999996,5.8169985,7.2,1
0.0,0.56500006,0.7149999,0.57799995,0.074999996,0.0,3.0080006,7.2,1
0.0,2.07,0.55,11.523,0.15,1.73,5.567,7.2,1
0.0,1.2349994,1.3850005,-0.30900007,0.074999996,0.0,5.392998,7.2,1
0.0,3.2550006,3.935,7.4520016,0.074999996,0.074999996,5.6869984,7.2,1
0.0,0.49499992,1.0149995,1.1440005,0.074999996,0.0,2.4700007,7.2,1
0.0,4.09,1.45,8.713,0.7,6.1,6.051,7.2,1
0.0,1.3049995,1.4650005,1.3010005,0.79499996,6.064998,6.1079984,7.2,1
0.0,2.58,0.7,7.835,0.0,0.0,3.037,7.2,1
0.0,2.63,2.71,33.216,0.0,0.0,2.867,7.2,1
0.0,12.88,2.75,7.729,0.0,0.0,2.996,7.2,1
0.0,0.9050001,1.0650004,1.4320005,0.40499994,0.95499986,3.1170006,7.2,1
0.0,0.23499992,0.43499994,1.1479995,0.80499995,0.9649999,3.2109993,7.2,1
0.0,1.6750005,2.5750008,8.427997,0.074999996,0.0,5.1459985,7.2,1
0.0,1.4649994,0.6549999,0.49399993,0.074999996,0.0,1.0889995,7.2,1
0.0,0.7649999,2.4449992,13.086003,0.0,0.074999996,5.6280017,7.2,1
0.0,1.5450006,10.674997,8.052003,0.21500006,2.2850006,5.6040015,7.2,1
0.0,2.82,0.72,16.399,0.34,5.58,5.815,7.2,1
0.0,0.27499995,0.6050001,2.1300006,0.80499995,1.6850005,3.3179994,7.2,1
0.0,3.41,1.03,3.391,0.0,0.0,3.325,7.2,1
0.0,1.6049994,1.7750006,0.8019999,0.17499995,0.43500006,2.9670007,7.2,1
0.0,4.99,1.71,7.786,0.0,0.0,5.81,7.2,1
0.0,2.91,2.91,42.674,1.02,9.99,3.366,7.2,1
0.0,4.69,1.86,11.317,0.0,0.0,6.084,7.2,1
0.0,0.7649999,2.1950006,7.372998,0.074999996,0.0,3.3559992,7.2,1
0.0,1.8449994,2.1750004,2.6339993,0.074999996,0.0,3.3120008,7.2,1
0.0,8.15,1.82,5.158,0.56,2.89,2.866,7.2,1
0.0,1.9149995,2.0649996,2.3479993,1.3,11.005003,4.308998,7.2,1
0.0,0.5249999,1.1850005,5.5599985,0.074999996,0.074999996,5.152002,7.2,1
0.0,0.105,0.105,0.40000007,0.5249999,0.115,2.8479998,7.2,1
0.0,3.0549994,14.285003,9.644997,0.10500006,1.6449995,3.1360006,7.2,1
0.0,3.1949992,11.375003,9.724997,0.6750001,7.164998,3.0180006,7.2,1
0.0,0.86499995,2.8149993,11.604003,0.8949999,9.654997,4.337002,7.2,1
0.0,6.71,1.64,9.139,0.0,0.0,5.573,7.2,1
0.0,0.36500007,0.41000003,1.3000005,0.79499996,1.8149995,5.9049983,7.2,1
0.0,3.0450006,3.1949992,6.448002,0.074999996,0.074999996,6.0369983,7.2,1
0.0,2.0450006,12.504997,6.2940016,0.115000054,1.1049994,3.0079994,7.2,1
0.0,0.49500006,1.1750005,-0.10000004,0.0,0.0,3.5360007,7.2,1
0.0,1.3949995,0.6449999,2.0020006,0.074999996,0.074999996,5.7639985,7.2,1
0.0,1.75,2.28,24.752,0.0,0.0,3.227,7.2,1
0.0,0.83,0.9,13.932,0.42,1.75,5.034,7.2,1
0.0,3.4550006,6.4249983,3.9899993,0.074999996,0.074999996,5.0699983,7.2,1
0.0,5.71,1.18,2.144,0.0,0.0,1.832,7.2,1
0.0,1.9750005,6.9549985,6.5640016,0.9250001,6.5650015,3.3400006,7.2,1
0.0,2.1050007,2.2649994,2.2389994,0.6649999,7.5949984,5.887998,7.2,1
0.0,2.04,2.05,88.303,0.62,7.36,5.82,7.2,1
0.0,0.0,0.36499992,0.47099993,1.2050005,0.37500006,5.6419997,7.2,1
0.0,12.38,2.65,14.911,0.68,10.14,5.627,7.2,1
0.0,1.2,1.2,38.199,0.0,0.0,3.183,7.2,1
0.0,0.92499995,4.064998,2.6480007,0.31500003,0.9599999,3.2789993,7.2,1
0.0,8.58,8.58,-0.337,0.19,9.9,6.072,7.2,1
0.0,1.2650006,2.4949994,13.075003,0.074999996,0.0,5.5310016,7.2,1
0.0,1.2950001,4.314998,7.612002,0.074999996,0.074999996,5.8129983,7.2,1
0.0,4.4349985,2.4549994,6.693,0.8949999,5.5650015,3.0970006,7.2,1
0.0,0.26500002,2.5550008,1.5279995,0.074999996,0.0,5.6649985,7.2,1
0.0,0.89,1.35,21.793,0.0,0.0,2.742,7.2,1
0.0,0.895,0.32499993,5.0089984,0.49499992,2.2149994,6.0560017,7.2,1
0.0,1.4949995,0.99499995,5.1599984,0.5249999,2.4349992,3.4089994,7.2,1
0.0,2.7150006,2.8649993,4.9630017,0.38499993,5.3050017,5.9749985,7.2,1
0.0,1.1650006,4.8249984,4.583998,0.42499992,1.5549995,4.349002,7.2,1
0.0,2.35,2.35,148.585,0.0,0.0,6.939,7.2,1
0.0,0.23499992,0.23499992,4.413998,0.74499995,0.42499992,3.2939994,7.2,1
0.0,2.6449993,10.145003,15.622003,0.074999996,0.0,6.032998,7.2,1
0.0,0.70500004,0.38499993,3.9190006,0.0525,0.0,5.4000015,7.2,1
0.0,0.9050001,0.29499993,0.7519999,0.0,0.0,3.1490006,7.2,1
0.0,1.2249994,1.3850005,-0.38100007,0.074999996,0.0,3.4220006,7.2,1
0.0,4.144998,3.7049994,2.7679994,0.074999996,0.0,2.9170008,7.2,1
0.0,0.35500005,0.22499993,2.2990007,0.6049999,1.3350005,6.0100017,7.2,1
0.0,0.88000005,0.50499994,5.052998,0.0525,0.0,5.710002,7.2,1
0.0,4.66,1.08,3.423,0.0,0.0,3.169,7.2,1
0.0,0.50499994,4.144998,2.4340007,0.074999996,0.074999996,5.8199997,7.2,1
0.0,2.035,6.8449984,6.224002,0.0,0.0,3.0620008,7.2,1
0.0,2.1449993,7.5549984,6.534002,1.2250003,7.6950016,3.0450006,7.2,1
0.0,2.1549993,7.7649984,6.9580016,0.57500005,4.5450015,3.2340007,7.2,1
0.0,0.8949999,2.1550007,3.9839993,1.3,4.774998,4.6919985,7.2,1
0.0,2.5550008,3.1750007,4.263002,0.34499994,4.0749984,5.7639985,7.2,1
0.0,0.41499993,0.68499994,3.3220007,0.49500006,2.0150003,5.737002,7.2,1
0.0,0.29499993,0.69499993,3.5790007,0.0,0.074999996,6.0650015,7.2,1
0.0,1.6849995,0.81499994,2.8229992,1.2450005,3.1450007,3.6390007,7.2,1
0.0,0.41499993,0.485,1.6539994,0.044999998,0.074999996,3.3999994,7.2,1
0.0,19.69,5.44,33.01,0.0,0.0,6.079,7.2,1
0.0,3.3850007,3.5449994,3.9019992,0.074999996,0.074999996,5.3969984,7.2,1
0.0,1.5349995,0.7749999,4.9029984,0.67499995,3.0649993,3.1669993,7.2,1
0.0,1.3549994,0.5949999,2.9349992,0.074999996,0.074999996,5.4249983,7.2,1
0.0,7.0350018,33.985004,41.137005,0.0,0.0,5.8459983,7.2,1
0.0,3.11,0.86,12.222,1.28,15.64,3.93,7.2,1
0.0,5.31,1.08,6.529,0.8,5.22,6.045,7.2,1
0.0,18.4,4.08,16.517,0.0,0.0,4.048,7.2,1
0.0,0.5350001,0.33499992,1.8849995,0.074999996,0.0,3.2879994,7.2,1
0.0,2.6750007,1.9250005,1.6410005,0.074999996,0.0,1.5389994,7.2,1
0.0,1.7550005,5.394998,4.8990016,0.007499999,0.074999996,2.7960007,7.2,1
0.0,1.4450005,4.939999,16.292004,0.10500003,2.3850007,3.3679993,7.2,1
0.0,2.3650007,2.5249994,4.6140018,1.1850005,16.505003,6.0469985,7.2,1
0.0,4.6550016,12.125003,27.451002,0.074999996,0.0,5.9349985,7.2,1
0.0,1.06,1.07,31.322,0.0,0.0,5.994,7.2,1
0.0,0.7,1.21,18.019,0.65,1.39,3.046,7.2,1
0.0,1.1249995,1.2750006,-0.09000004,0.36499992,1.8149995,5.366998,7.2,1
0.0,9.85,3.63,11.897,0.59,7.02,5.457,7.2,1
0.0,0.57500005,0.7249999,1.016,0.37499994,0.57500005,3.2510006,7.2,1
0.0,0.81,0.81,12.812,0.58,1.55,3.293,7.2,1
0.0,1.3049995,0.80499995,4.334998,1.2850006,5.415002,3.2709994,7.2,1
0.0,4.834998,4.9850016,13.259997,0.074999996,0.074999996,5.9429984,7.2,1
0.0,1.9249995,2.0749993,3.2829993,0.074999996,0.067499995,3.1480007,7.2,1
0.0,2.4,0.72,7.838,0.0,0.0,3.266,7.2,1
0.0,0.73499995,2.1449993,11.054003,1.1149997,12.984997,5.4510016,7.2,1
0.0,0.7649999,1.7750006,8.183003,0.074999996,0.074999996,4.9330015,7.2,1
0.0,7.86,8.02,289.157,0.25,11.66,5.934,7.2,1
0.0,0.0,0.7649999,-0.22300008,0.47500008,0.0,1.8249995,7.2,1
0.0,3.03,3.03,56.924,0.58,9.17,5.22,7.2,1
0.0,2.52,4.85,81.629,0.79,9.18,4.609,7.2,1
0.0,2.48,0.87,7.74,0.42,3.25,3.121,7.2,1
0.0,0.6049999,2.8550007,6.6269984,0.50500005,0.99499995,3.0619993,7.2,1
0.0,14.6,3.9,9.947,1.23,12.23,3.283,7.2,1
0.0,1.33,1.33,26.442,0.74,3.14,3.189,7.2,1
0.0,3.32,1.18,19.294,0.0,0.0,5.811,7.2,1
0.0,0.5149999,1.9549999,5.6409984,0.6449999,3.1850007,3.3979993,7.2,1
0.0,0.38499993,0.39499992,4.0689983,0.0,0.074999996,6.0620017,7.2,1
0.0,2.3749993,4.7449985,7.4579983,0.9150001,7.5350018,1.6380005,7.2,1
0.0,0.30499995,1.4349995,2.4370008,1.2549996,3.3449993,3.1379993,7.2,1
0.0,2.4350007,2.6749992,1.4100006,0.074999996,0.0,2.0050006,7.2,1
0.0,0.75500005,0.9500001,1.7290006,0.074999996,0.0,6.006998,7.2,1
0.0,1.2649995,1.7750006,1.8740005,0.074999996,0.074999996,5.703998,7.2,1
0.0,7.55,1.86,8.46,1.26,10.66,5.255,7.2,1
0.0,2.1350007,0.9649999,6.1459985,0.9649999,5.6150017,2.8899994,7.2,1
0.0,4.07,1.02,3.364,0.0,0.0,3.298,7.2,1
0.0,0.79499996,3.7349994,11.660003,0.0,0.074999996,4.251002,7.2,1
0.0,1.08,1.09,22.862,0.0,0.0,5.843,7.2,1
0.0,1.4950005,2.2449994,13.001003,0.074999996,0.0,6.185002,7.2,1
0.0,2.3349993,7.4249983,7.5100017,0.62500006,5.2750015,3.2150006,7.2,1
0.0,2.0150006,15.924997,6.4260015,0.0,0.0,3.1139994,7.2,1
0.0,2.0450006,1.0650004,6.603998,0.074999996,0.0,3.2249994,7.2,1
0.0,2.9850006,3.1349993,0.132,0.074999996,0.0,3.1850007,7.2,1
0.0,3.83,1.31,11.593,0.87,10.09,3.027,7.2,1
0.0,4.7,0.99,5.896,0.5,2.95,5.956,7.2,1
0.0,0.61499995,1.7749995,4.959998,1.0750005,5.1150017,2.9519994,7.2,1
0.0,2.94,0.75,9.807,1.14,11.18,3.336,7.2,1
0.0,3.0250006,3.1749992,1.8700005,0.7649999,12.575003,5.8369985,7.2,1
0.0,0.51500005,0.33499992,1.7559994,0.074999996,0.0,3.1779993,7.2,1
0.0,10.29,2.56,15.496,0.0,0.0,6.053,7.2,1
0.0,1.0549997,1.1750005,13.690003,0.80749995,4.8150015,5.885001,7.2,1
0.0,0.54499996,2.2649994,9.472003,0.39500007,4.5650015,5.469002,7.2,1
0.0,1.4250005,5.794998,3.7540002,0.0,0.037499998,2.8669994,7.2,1
0.0,0.97499967,0.49499992,3.2210007,0.0,0.029999997,3.2139993,7.2,1
0.0,0.46499994,1.0749995,1.3330005,0.43499994,0.39000005,2.9200006,7.2,1
0.0,0.9649999,1.7949995,2.7140007,0.074999996,0.074999996,3.0590007,7.2,1
0.0,1.5649995,1.015,4.203998,0.074999996,0.015,2.6839993,7.2,1
0.0,0.7049999,2.6350007,4.767998,0.0,0.074999996,2.8109994,7.2,1
0.0,2.7450006,2.9849994,0.7479999,1.1150005,8.365003,2.8020008,7.2,1
0.0,3.0750008,1.6450006,7.670998,0.48499992,3.2549994,4.8589983,7.2,1
0.0,2.5549994,4.085002,21.662003,1.3,11.594997,3.6759994,7.2,1
0.0,3.1550007,3.3049994,2.6729994,0.74499995,7.164998,3.2710006,7.2,1
0.0,4.14,4.15,120.683,0.0,0.0,3.853,7.2,1
0.0,8.62,1.84,10.048,0.0,0.0,5.491,7.2,1
0.0,0.6449999,2.4150007,6.374998,0.56500006,4.205002,2.9669993,7.2,1
0.0,3.12,0.95,11.974,0.26,3.11,3.838,7.2,1
0.0,2.1,2.11,37.692,1.12,12.78,5.433,7.2,1
0.0,4.06,1.84,12.329,0.0,0.0,3.037,7.2,1
0.0,1.3650005,2.9650006,9.998003,1.0349995,11.254997,3.3879993,7.2,1
0.0,1.2049994,0.9049999,7.7609982,0.074999996,0.074999996,6.197002,7.2,1
0.0,1.35,3.24,36.037,0.0,0.0,5.093,7.2,1
0.0,2.1949992,3.2650006,13.145003,0.0,0.074999996,4.0450006,7.2,1
0.0,1.66,1.67,38.322,0.0,0.0,4.049,7.2,1
0.0,1.51,1.52,38.978,0.22,0.88,2.662,7.2,1
0.0,1.0,1.01,13.623,1.05,3.43,3.262,7.2,1
0.0,6.51,1.53,9.201,1.2,11.04,6.014,7.2,1
0.0,0.62499994,4.0049996,4.953998,0.7150001,4.0450006,2.9649994,7.2,1
0.0,2.0450006,2.2749994,1.3520005,0.074999996,0.074999996,5.354998,7.2,1
0.0,2.06,2.07,55.964,0.37,2.37,3.109,7.2,1
0.0,13.35,4.95,28.223,0.0,0.0,5.868,7.2,1
0.0,1.6849995,12.595003,9.415003,0.42500007,4.6749983,5.467002,7.2,1
0.0,1.5349995,0.8349999,9.373003,0.12500007,1.9650005,5.9430017,7.2,1
0.0,0.6750001,0.27499995,2.3580008,0.0525,0.074999996,3.3189993,7.2,1
0.0,0.38499993,1.1650003,3.6430006,0.074999996,0.074999996,3.4249992,7.2,1
0.0,1.99,2.01,51.004,0.0,0.0,3.201,7.2,1
0.0,2.6950006,1.6950005,8.685003,0.074999996,0.0,3.2369993,7.2,1
0.0,1.6149995,1.7750006,0.42699993,0.074999996,0.0,5.7929983,7.2,1
0.0,2.08,4.15,59.717,0.0,0.0,3.222,7.2,1
0.0,1.6549995,1.8549994,1.9820005,0.074999996,0.0,2.4790006,7.2,1
0.0,2.29,2.31,35.697,0.0,0.0,3.267,7.2,1
0.0,4.72,2.01,5.62,0.0,0.0,5.854,7.2,1
0.0,2.2850006,2.5550008,0.44099993,0.5249999,2.0350006,1.9119995,7.2,1
0.0,1.5749995,0.50499994,1.5400006,0.5949999,0.68500006,3.3320007,7.2,1
0.0,4.02,1.45,4.462,0.0,0.0,3.077,7.2,1
0.0,8.0,2.42,6.265,1.19,7.46,2.928,7.2,1
0.0,5.334998,5.374998,14.621997,1.2250005,36.765003,5.846998,7.2,1
0.0,3.36,1.23,10.292,0.46,4.73,3.063,7.2,1
0.0,1.7749995,1.9350005,1.1630006,0.35499993,1.6249995,3.2000008,7.2,1
0.0,1.8649995,0.61499995,5.9699984,1.2850006,7.3850017,3.1909993,7.2,1
0.0,1.9550005,9.475003,10.759003,0.044999998,0.0,5.6879983,7.2,1
0.0,2.9750006,1.9650005,10.034003,1.1750005,11.194997,3.3889992,7.2,1
0.0,0.30499995,0.9149999,4.952998,0.14500007,1.1850005,6.133002,7.2,1
0.0,6.56,2.21,12.856,1.05,13.5,5.897,7.2,1
0.0,0.74499995,0.75500005,2.109,0.0,0.074999996,3.0500007,7.2,1
0.0,2.5050006,2.6549993,0.076,0.68499994,4.1749983,2.6270006,7.2,1
0.0,0.61,0.61,23.469,0.0,0.0,6.103,7.2,1
0.0,3.5049994,15.125003,11.514997,1.1749995,14.359998,3.2600007,7.2,1
0.0,1.5649995,1.7250005,1.6680006,0.074999996,0.074999996,5.997998,7.2,1
0.0,0.14500007,0.29499993,-0.25900006,0.76500005,0.9949996,5.843002,7.2,1
0.0,1.7349994,2.2050006,2.7959993,0.9649999,2.3450007,5.5939984,7.2,1
0.0,0.9549999,2.3750007,7.7069983,0.074999996,0.0,3.2639992,7.2,1
0.0,1.7249994,1.8950006,3.4979994,1.3,12.355003,5.4509983,7.2,1
0.0,0.74499995,1.2050005,6.2579985,1.0650004,6.3450017,5.679002,7.2,1
0.0,7.01,2.07,8.812,1.2,10.57,5.341,7.2,1
0.0,0.33500007,0.49499992,0.14899997,0.74499995,0.86500007,3.1980007,7.2,1
0.0,3.2749994,9.1950035,18.183996,0.074999996,0.0,5.583998,7.2,1
0.0,1.1649995,0.53499997,4.071998,1.015,3.9749994,3.4189994,7.2,1
0.0,2.0550008,2.7850006,3.1169994,0.9549999,5.5149984,2.9060006,7.2,1
0.0,7.3249984,6.0750017,23.810003,0.41499993,8.194997,3.1530006,7.2,1
0.0,1.2249994,1.3750005,0.34099993,0.074999996,0.0,3.0420008,7.2,1
0.0,1.5350006,2.8750007,8.855997,0.074999996,0.074999996,5.938998,7.2,1
0.0,0.9649999,2.3350008,7.3899984,0.76500005,6.3450017,3.1849992,7.2,1
0.0,3.68,4.38,48.474,0.0,0.0,3.082,7.2,1
0.0,3.4049993,3.4149992,21.020002,0.86500007,9.964997,3.2359993,7.2,1
0.0,1.1050005,4.2049985,4.5149984,0.8249999,3.5149994,4.5310016,7.2,1
0.0,2.29,2.31,51.067,0.0,0.0,3.223,7.2,1
0.0,0.35500008,0.27499995,1.3129995,0.0,0.0,3.3029993,7.2,1
0.0,1.4049995,0.73499995,3.7479994,0.6649999,2.2449994,5.5759983,7.2,1
0.0,1.5199997,1.6350005,14.956003,0.074999996,0.0,3.3879993,7.2,1
0.0,0.45,0.45,7.115,0.0,0.0,3.313,7.2,1
0.0,5.79,1.32,4.259,0.0,0.0,3.227,7.2,1
0.0,0.23499992,0.62499994,1.6949995,0.41499993,0.67499995,3.3529994,7.2,1
0.0,1.43,1.5450006,12.491003,0.42499992,1.5750005,3.0809994,7.2,1
0.0,2.85,2.85,78.221,0.0,0.0,4.674,7.2,1
0.0,2.1749992,8.725003,11.389003,0.5400001,6.8049984,5.489001,7.2,1
0.0,5.91,2.78,8.691,0.82,7.13,3.138,7.2,1
0.0,0.014999999,0.074999996,0.113,0.074999996,0.0,2.5900006,7.2,1
0.0,0.91499996,0.34499994,5.129998,0.29499993,1.2250005,6.0580015,7.2,1
0.0,7.86,3.39,12.565,0.0,0.0,5.56,7.2,1
0.0,4.71,2.38,13.777,0.43,5.92,7.029,7.2,1
0.0,0.67499995,3.2850006,9.054003,0.75500005,7.6550016,5.4770017,7.2,1
0.0,0.8349999,3.1250007,7.5809984,0.31500006,2.9150007,2.6529994,7.2,1
0.0,1.6549995,1.8150005,-0.27100006,1.2150005,4.004998,1.9940006,7.2,1
0.0,25.31,11.45,30.998,0.0,0.0,5.973,7.2,1
0.0,1.1949995,0.54499996,4.0279984,0.074999996,0.0,3.3059993,7.2,1
0.0,0.23499992,0.6649999,3.1310008,0.8450001,3.0249994,6.618002,7.2,1
0.0,4.21,1.4,7.862,0.93,7.31,5.616,7.2,1
0.0,1.7949995,0.9549999,4.7550015,0.074999996,0.029999997,5.3039985,7.2,1
0.0,0.32000005,1.4250005,1.2819997,0.014999999,0.0,3.5369997,7.2,1
0.0,6.84,1.76,5.821,1.25,7.28,3.326,7.2,1
0.0,6.44,1.43,8.614,0.12,1.03,6.024,7.2,1
0.0,0.5850001,0.73499995,-0.24700007,0.0,0.0,3.1700006,7.2,1
0.0,0.705,0.7649999,7.0749984,0.074999996,0.0,2.3069994,7.2,1
0.0,0.91,0.91,53.602,0.0,0.0,5.987,7.2,1
0.0,2.53,2.73,46.809,0.0,0.0,3.198,7.2,1
0.0,0.37499994,0.8949999,2.6460006,0.044999998,0.074999996,3.3929994,7.2,1
0.0,0.9549999,3.9250007,4.3649983,0.37499994,1.2549995,5.090001,7.2,1
0.0,0.9250001,1.0850005,0.64699996,0.8349999,4.144998,5.4769983,7.2,1
0.0,1.37,1.37,31.522,0.0,0.0,3.102,7.2,1
0.0,0.7750001,2.5250006,5.197002,0.53499997,2.2850006,5.9509983,7.2,1
0.0,0.48500007,0.29499993,1.7849995,0.074999996,0.0,3.3959994,7.2,1
0.0,5.26,1.18,5.738,1.01,5.8,4.863,7.2,1
0.0,5.6949983,7.6949983,4.3970017,0.50499994,14.555003,5.822998,7.2,1
0.0,2.2450006,0.8549999,2.6489992,0.074999996,0.0,3.2250006,7.2,1
0.0,2.3049994,8.965003,6.7820015,0.0,0.0,2.9330006,7.2,1
0.0,2.5850008,2.5850008,8.387997,0.56499994,9.244997,6.958998,7.2,1
0.0,1.5150006,2.8750007,7.0359983,0.0,0.067499995,2.9309993,7.2,1
0.0,1.4250005,2.2850006,7.5679984,0.044999994,0.99499995,3.5179994,7.2,1
0.0,1.8799998,6.9749985,11.361997,0.074999996,0.029999997,5.833998,7.2,1
0.0,0.7049999,2.2450006,7.5599985,0.7249999,5.0350018,3.7109993,7.2,1
0.0,1.0350002,1.6649995,6.346998,0.48500007,3.585,3.7869992,7.2,1
0.0,2.2949994,4.9349985,10.985997,1.1150005,11.424997,4.8399982,7.2,1
0.0,19.23,4.08,15.482,1.03,15.95,3.851,7.2,1
0.0,2.88,2.95,27.515,0.0,0.0,2.115,7.2,1
0.0,2.57,0.59,1.877,1.03,1.93,3.236,7.2,1
0.0,1.4849994,2.2449994,1.6900005,0.61499995,3.8650007,4.6059985,7.2,1
0.0,0.79,1.55,13.757,0.0,0.0,3.068,7.2,1
0.0,0.53499997,1.7250005,9.1620035,1.1049994,10.974997,5.673002,7.2,1
0.0,1.5550005,4.4049983,4.716999,1.0550004,4.745002,3.1430006,7.2,1
0.0,1.4249995,1.9049995,3.3789992,1.1550006,9.265003,5.6929984,7.2,1
0.0,2.3250008,3.0649993,1.1530005,0.41499993,4.314998,5.3059983,7.2,1
0.0,0.96499974,2.4450006,6.2820015,0.81499994,4.5149984,5.892998,7.2,1
0.0,2.0750008,1.0350002,6.7969985,0.074999996,0.0,3.2709994,7.2,1
0.0,2.73,0.71,4.126,0.82,3.38,5.98,7.2,1
0.0,0.97499967,0.4649999,3.1480007,0.99499995,2.9550002,3.1449993,7.2,1
0.0,1.6950005,3.5950007,11.433003,0.26500008,3.9849994,3.2189994,7.2,1
0.0,18.28,5.32,25.496,0.26,6.63,5.821,7.2,1
0.0,2.23,2.24,27.955,0.0,0.0,5.604,7.2,1
0.0,2.1750007,2.4449992,1.0180001,0.074999996,0.0,3.5520008,7.2,1
0.0,0.26499993,0.27499995,1.5369995,0.8349999,0.29000002,2.3119993,7.2,1
0.0,1.7750006,3.5649993,20.878002,0.39499992,6.7750015,6.079002,7.2,1
0.0,7.25,3.08,11.658,0.0,0.0,3.785,7.2,1
0.0,1.2749995,9.184997,3.7970006,0.0,0.0,2.9429994,7.2,1
0.0,1.4249995,1.6550006,0.129,0.074999996,0.0,2.7310007,7.2,1
0.0,2.0050006,1.2050005,6.715998,1.1050005,7.0650015,3.3399994,7.2,1
0.0,1.7150005,4.0049996,18.857002,0.22500005,5.1700015,4.9170017,7.2,1
0.0,2.4550006,1.4350005,10.179003,0.35500008,4.4850016,4.1280017,7.2,1
0.0,4.254998,20.204996,8.195997,0.55500007,5.044998,1.8009995,7.2,1
0.0,1.005,1.6049994,5.2969985,0.325,1.67,3.2919993,7.2,1
0.0,8.87,1.97,5.897,0.0,0.0,3.009,7.2,1
0.0,1.7849995,1.6550006,3.2459993,1.3,4.0149984,3.4480007,7.2,1
0.0,0.3,0.3,16.862,1.29,2.26,5.83,7.2,1
0.0,2.0550008,0.92499995,3.2530007,0.074999996,0.0,1.4869995,7.2,1
0.0,0.15500008,0.16499996,0.5030001,0.49499992,0.19500004,2.5879993,7.2,1
0.0,7.21,2.45,3.016,0.0,0.0,1.946,7.2,1
0.0,1.5050005,4.6849985,8.287002,1.3,10.634997,5.7409983,7.2,1
0.0,0.7049999,1.6849995,5.3849983,0.73499995,3.5250006,3.2309992,7.2,1
0.0,13.39,3.02,10.055,0.0,0.0,3.341,7.2,1
0.0,3.6349993,3.6449993,24.607002,0.0,0.074999996,3.3099992,7.2,1
0.0,3.8249993,14.325003,13.410997,0.9649999,11.795003,3.4810007,7.2,1
0.0,0.33499992,1.4049995,3.3970006,1.1849995,4.4450016,4.1600018,7.2,1
0.0,3.8,1.1,22.813,0.0,0.0,6.003,7.2,1
0.0,2.4949994,11.4450035,13.712997,1.1200004,14.544997,5.5669985,7.2,1
0.0,2.2550006,0.81499994,4.335998,0.73499995,2.8350008,5.966998,7.2,1
0.0,0.9649999,3.2950006,8.859003,0.41500008,4.455002,3.4719994,7.2,1
0.0,1.47,1.47,30.194,0.52,2.36,3.094,7.2,1
0.0,0.33,1.41,14.377,0.26,0.51,5.952,7.2,1
0.0,2.2,2.2,53.782,1.0,7.03,3.193,7.2,1
0.0,0.98499995,3.1850007,5.198002,0.074999996,0.0,5.374998,7.2,1
0.0,1.14,1.15,40.365,0.4,2.55,5.589,7.2,1
0.0,0.9749999,0.9749999,11.516003,0.074999996,0.074999996,6.126002,7.2,1
0.0,4.69,1.76,10.506,0.0,0.0,6.003,7.2,1
0.0,1.6649995,0.7649999,6.4419985,0.059999995,0.03,3.8199992,7.2,1
0.0,0.92499995,3.6649992,14.383003,0.08500002,2.3849993,4.4170017,7.2,1
0.0,0.5749999,1.8649995,0.77699995,0.62499994,0.31500006,1.3289995,7.2,1
0.0,7.7649984,5.6150017,10.795997,1.2450005,12.614997,3.7680006,7.2,1
0.0,1.81,1.83,35.536,0.19,1.24,3.603,7.2,1
0.0,0.6549999,1.4550005,7.0089984,0.22499993,1.1350005,5.2460017,7.2,1
0.0,4.46,0.96,3.07,1.11,3.41,3.198,7.2,1
0.0,0.49499992,1.2150005,6.624998,0.074999996,0.074999996,5.9520016,7.2,1
0.0,0.50499994,1.5450006,8.716003,0.074999996,0.074999996,6.0550017,7.2,1
0.0,1.6,1.61,28.305,0.0,0.0,3.351,7.2,1
0.0,7.87,1.6,10.769,0.25,2.69,6.773,7.2,1
0.0,2.9650006,1.3350005,4.165002,0.074999996,0.0,3.1710007,7.2,1
0.0,1.6149995,0.8549999,5.3049984,0.059999995,0.0,3.2579994,7.2,1
0.0,2.4449992,7.374998,13.546997,1.1149995,16.104998,5.6089983,7.2,1
0.0,1.1749997,0.6649999,7.4419985,0.7749999,5.335002,6.2360015,7.2,1
0.0,2.8750007,3.0749993,4.191002,0.074999996,0.074999996,6.0539985,7.2,1
0.0,0.14499998,0.15500002,0.85800004,0.41499996,0.41499993,6.165001,7.2,1
0.0,2.8950007,1.2850006,7.2969985,1.3,9.584997,6.1680017,7.2,1
0.0,2.8950007,1.6150005,9.637003,1.1649997,11.824997,3.3449993,7.2,1
0.0,1.97,0.52,6.113,0.43,2.63,3.103,7.2,1
0.0,5.05,1.31,3.972,0.18,0.71,3.032,7.2,1
0.0,0.30499995,0.95,2.4690006,0.074999996,0.074999996,2.9989994,7.2,1
0.0,2.0549996,7.044998,11.023003,0.074999996,0.0,5.5219984,7.2,1
0.0,5.88,2.43,10.975,0.99,10.87,5.965,7.2,1
0.0,1.18,1.19,13.746,1.26,4.89,3.286,7.2,1
0.0,9.61,2.13,12.64,1.23,15.55,5.934,7.2,1
0.0,0.38500008,0.53499997,-0.21000007,0.74499995,0.8950001,3.0770006,7.2,1
0.0,5.0,1.2,3.866,0.0,0.0,3.222,7.2,1
0.0,0.88499993,4.064998,10.681003,0.0,0.074999996,5.480002,7.2,1
0.0,1.1150005,4.774998,11.687003,0.022499999,0.0,3.0829992,7.2,1
0.0,10.82,3.85,11.109,0.0,0.0,3.493,7.2,1
0.0,1.3550005,3.0550003,10.682003,0.0,0.0,3.5449994,7.2,1
0.0,1.2550005,5.1149983,3.5710006,0.0,0.074999996,3.1649992,7.2,1
0.0,4.59,1.43,4.457,1.27,5.66,3.117,7.2,1
0.0,0.8949999,2.3349993,9.043003,0.074999996,0.0,4.127002,7.2,1
0.0,3.1850007,1.9550005,6.8979983,0.8249999,5.3050017,2.0640006,7.2,1
0.0,0.81500006,2.8050008,5.264002,0.074999996,0.0,5.754998,7.2,1
0.0,1.5849994,3.1750007,2.5219994,1.3,11.465003,5.531998,7.2,1
0.0,12.82,3.39,10.963,0.51,5.59,3.292,7.2,1
0.0,1.8050005,8.525,5.3519983,0.0,0.0,3.2119994,7.2,1
0.0,1.8649995,0.7149999,6.4949985,0.55499995,3.2249994,3.4619994,7.2,1
0.0,4.245002,5.2350016,38.822002,0.08500002,2.2749994,3.3699994,7.2,1
0.0,0.41500005,2.2800002,1.4869996,0.42999995,0.49500006,3.4379992,7.2,1
0.0,3.17,1.07,19.053,0.0,0.0,6.01,7.2,1
0.0,1.0750005,1.0950005,12.513003,0.074999996,0.074999996,5.8780017,7.2,1
0.0,8.505003,14.954997,8.571997,0.27499995,9.645003,5.5879984,7.2,1
0.0,8.055003,18.264997,9.3049965,0.4649999,3.6749992,3.4350007,7.2,1
0.0,1.3550005,4.0749984,13.204003,0.0525,0.0,3.2979994,7.2,1
0.0,1.24,1.25,17.502,0.0,0.0,3.242,7.2,1
0.0,2.42,2.42,77.005,0.0,0.0,4.205,7.2,1
0.0,2.47,0.61,1.966,0.0,0.0,3.223,7.2,1
0.0,0.62500006,1.6850005,-0.44400007,0.074999996,0.0,1.5289994,7.2,1
0.0,1.3549994,1.5150006,-0.47200006,0.074999996,0.0,3.7240007,7.2,1
0.0,3.7749994,14.745003,12.465997,1.2050005,13.925003,3.2740006,7.2,1
0.0,1.2449995,0.55499995,1.5870005,0.074999996,0.074999996,3.0750008,7.2,1
0.0,0.5749999,0.95499986,1.5980005,0.81499994,1.0999998,2.9710007,7.2,1
0.0,0.77,0.37499994,4.539998,0.037499998,0.074999996,6.0690017,7.2,1
0.0,1.0750005,4.0749984,3.0770006,0.0,0.074999996,3.2269993,7.2,1
0.0,1.7149999,1.8150005,10.850003,0.074999996,0.015,3.0959992,7.2,1
0.0,1.58,1.58,29.394,0.0,0.0,3.2,7.2,1
0.0,0.56499994,1.3449994,4.5899982,1.2450005,5.5350018,3.3599994,7.2,1
0.0,5.72,1.28,3.855,0.8,3.08,3.012,7.2,1
0.0,8.604997,27.015003,51.072,0.81499994,37.665005,5.9039984,7.2,1
0.0,0.61499995,1.6850005,8.048003,0.074999996,0.074999996,5.9190016,7.2,1
0.0,1.33,1.34,40.07,0.0,0.0,4.956,7.2,1
0.0,0.41500008,0.22499993,1.6879995,0.30499995,0.33500007,3.6729994,7.2,1
0.0,0.50499994,0.50499994,7.387998,0.074999996,0.074999996,6.1010017,7.2,1
0.0,0.33499992,1.0450003,4.649998,0.81499994,3.5749993,4.9970016,7.2,1
0.0,0.55499995,1.8150005,10.421003,0.72,8.264997,6.107002,7.2,1
0.0,0.10500006,0.115000054,-0.007999994,0.6549999,0.55500007,5.952998,7.2,1
0.0,0.79,0.79,22.85,0.8,2.65,4.194,7.2,1
0.0,0.0,1.0400003,-0.009999998,0.0075,0.0,1.2249994,7.2,1
0.0,1.3249995,0.6649999,2.8430007,0.074999996,0.0,2.1589994,7.2,1
0.0,4.45,1.45,8.438,0.59,4.98,5.86,7.2,1
0.0,2.6549993,5.1149983,13.476997,0.074999996,0.074999996,5.1199985,7.2,1
0.0,2.52,2.53,58.848,0.23,1.92,3.318,7.2,1
0.0,1.72,1.72,29.77,0.53,2.9,3.182,7.2,1
0.0,1.1,1.1,22.46,0.0,0.0,2.236,7.2,1
0.0,32.96,12.64,53.411,0.31,16.56,6.022,7.2,1
0.0,0.53499997,1.7149994,5.755998,0.8949999,4.855002,3.3509994,7.2,1
0.0,7.09,1.8,5.328,1.18,6.29,3.153,7.2,1
0.0,2.5550008,1.8050005,7.769998,0.074999996,0.0,3.0579994,7.2,1
0.0,4.06,4.06,67.011,0.0,0.0,3.29,7.2,1
0.0,2.3650007,13.384997,7.927002,1.1649995,9.665003,3.1430006,7.2,1
0.0,3.4249992,11.355003,10.844997,0.074999996,0.0,3.1400006,7.2,1
0.0,2.19,2.58,90.968,0.0,0.0,4.833,7.2,1
0.0,1.76,2.51,48.17,0.0,0.0,5.931,7.2,1
0.0,13.15,3.39,14.759,0.0,0.0,4.354,7.2,1
0.0,1.0950005,3.325,10.360003,0.0,0.0,3.2089994,7.2,1
0.0,3.68,3.69,82.631,0.0,0.0,6.029,7.2,1
0.0,2.39,2.39,62.461,1.0,12.07,5.05,7.2,1
0.0,2.2249994,6.774998,6.3660016,0.0,0.0,2.8510008,7.2,1
0.0,11.67,2.83,9.276,0.15,1.39,3.278,7.2,1
0.0,2.42,0.78,13.625,0.0,0.0,5.63,7.2,1
0.0,3.0450006,3.2049994,-0.116000056,0.074999996,0.0,3.7240007,7.2,1
0.0,1.0650004,1.8849995,6.0209985,0.074999996,0.0,3.1849992,7.2,1
0.0,2.1649992,6.7049985,10.054003,0.074999996,0.0,4.7709985,7.2,1
0.0,2.5549994,7.4349985,15.01,0.074999996,0.0,5.9829984,7.2,1
0.0,2.09,0.56,12.595,0.99,12.47,6.026,7.2,1
0.0,0.7749999,1.4750005,8.505003,0.9649999,7.7150016,6.204002,7.2,1
0.0,0.36000004,2.02,1.0440003,1.0499998,0.9849996,2.2680006,7.2,1
0.0,0.95,0.95,26.246,1.01,5.77,6.008,7.2,1
0.0,0.7649999,2.7749994,12.398003,0.0,0.074999996,5.4980016,7.2,1
0.0,0.8949999,0.8450001,4.4640017,0.074999996,0.074999996,5.4120016,7.2,1
0.0,1.1449995,1.3250005,1.7900006,1.3,9.025003,5.846998,7.2,1
0.0,0.56500006,2.8649993,3.8279998,0.75499994,2.5050006,5.8589983,7.2,1
0.0,2.6450007,2.8949993,2.1379993,0.074999996,0.0,2.8080006,7.2,1
0.0,1.7250005,8.3049965,5.6529984,0.0,0.0,3.5469992,7.2,1
0.0,1.71,1.72,73.785,0.0,0.0,5.084,7.2,1
0.0,0.38500008,0.6649999,0.41999993,0.074999996,0.0,5.7859983,7.2,1
0.0,0.9049999,2.6349993,14.057003,0.25499994,2.6149993,5.6170015,7.2,1
0.0,4.0349984,4.544998,2.2359993,0.9549999,12.505003,3.4030006,7.2,1
0.0,1.7449995,0.80499995,5.5489984,0.074999996,0.0,3.1649992,7.2,1
0.0,0.75499994,1.9549999,6.669998,0.074999996,0.0,3.3979993,7.2,1
0.0,3.05,1.2,10.074,0.0,0.0,3.303,7.2,1
0.0,2.18,0.75,9.632,0.95,9.15,4.418,7.2,1
0.0,1.4749994,1.6350005,0.90699995,0.074999996,0.029999997,5.070998,7.2,1
0.0,1.24,1.25,16.226,0.17,1.29,6.123,7.2,1
0.0,5.39,1.46,4.807,0.0,0.0,3.315,7.2,1
0.0,0.8350001,1.015,0.50399995,0.7749999,2.5350006,4.0289984,7.2,1
0.0,4.31,2.14,13.052,0.0,0.0,6.099,7.2,1
0.0,1.5250006,2.9650006,9.788003,0.0,0.0,3.3299994,7.2,1
0.0,1.5850005,7.5650015,5.572998,0.0,0.0,3.8149993,7.2,1
0.0,2.1150007,2.5250006,2.6939993,0.55499995,2.4650006,2.3430007,7.2,1
0.0,1.3350005,3.2749994,18.379004,0.37499994,5.6150017,5.8780017,7.2,1
0.0,1.5250006,5.044998,4.6760006,0.47999996,2.0150006,3.1290007,7.2,1
0.0,0.44500005,0.25499994,0.5909999,1.1850005,0.49500006,2.7920008,7.2,1
0.0,0.15499997,0.40499994,0.92100006,0.0,0.074999996,3.1869993,7.2,1
0.0,1.0450003,2.025,11.333003,0.074999996,0.0,3.0389993,7.2,1
0.0,2.6449993,5.754998,15.183997,0.074999996,0.074999996,5.8039985,7.2,1
0.0,22.54,7.27,27.886,0.73,20.36,5.959,7.2,1
0.0,0.55499995,1.9250005,11.134003,0.48499992,4.6750016,6.1670017,7.2,1
0.0,1.0749995,0.48499992,6.2859983,0.074999996,0.03,5.606002,7.2,1
0.0,1.3449994,0.48499992,4.531998,1.1050005,4.8250017,3.3189993,7.2,1
0.0,0.39,0.4,22.788,0.6,1.41,6.013,7.2,1
0.0,1.7049994,0.5849999,5.5949984,0.7249999,3.7649994,3.2599993,7.2,1
0.0,2.1850007,2.8450007,4.6150017,0.42499992,4.1549983,5.2739983,7.2,1
0.0,8.56,3.14,12.495,0.47,5.87,3.979,7.2,1
0.0,9.29,2.78,7.107,1.12,7.96,3.063,7.2,1
0.0,2.76,2.76,85.269,0.31,5.28,6.172,7.2,1
0.0,14.14,4.46,12.234,0.0,0.0,3.066,7.2,1
0.0,1.6549995,0.53499997,5.5569983,0.074999996,0.0,3.3299994,7.2,1
0.0,2.0450006,0.8949999,7.822998,0.074999996,0.0,3.7999992,7.2,1
0.0,2.5850008,3.0950005,1.6140006,0.074999996,0.0,3.1340008,7.2,1
0.0,1.1550006,3.1400003,10.5370035,0.7849999,7.605002,3.7849994,7.2,1
0.0,0.9150001,0.42499992,2.9840007,0.0,0.059999995,3.1649992,7.2,1
0.0,7.56,3.1,18.841,0.92,17.33,2.492,7.2,1
0.0,2.86,2.88,37.215,0.0,0.0,2.732,7.2,1
0.0,0.92,3.4950006,5.5110016,0.6049999,2.8050008,5.833998,7.2,1
0.0,3.48,1.17,6.677,0.0,0.0,5.756,7.2,1
0.0,1.2050005,2.6349993,14.629004,0.53499997,1.2449995,2.6179993,7.2,1
0.0,1.2150005,4.8249984,3.5650008,0.67,2.55,3.2679994,7.2,1
0.0,2.9350007,3.0949993,2.7559993,0.074999996,0.074999996,3.6290007,7.2,1
0.0,9.31,3.04,9.62,0.0,0.0,3.196,7.2,1
0.0,3.4249992,12.555003,19.837997,0.8950001,19.244997,5.8239985,7.2,1
0.0,2.7750006,2.9249992,5.4510016,0.074999996,0.074999996,6.004998,7.2,1
0.0,3.1,3.11,102.808,0.22,3.99,5.847,7.2,1
0.0,6.7,2.69,14.193,1.2,17.03,5.276,7.2,1
0.0,2.6549993,10.245003,8.609997,0.39500007,3.9350007,3.2330008,7.2,1
0.0,9.56,2.97,12.173,0.0,0.0,4.099,7.2,1
0.0,2.97,0.89,9.285,0.47,4.36,3.126,7.2,1
0.0,2.1649992,6.1949983,6.231002,0.0,0.0,2.8700006,7.2,1
0.0,0.8249999,2.3449993,7.2669983,0.53499997,3.3050008,3.3089993,7.2,1
0.0,3.8850007,3.4149992,6.1810017,0.86499995,4.895002,3.9959986,7.2,1
0.0,0.74999994,3.0100005,2.0750008,0.074999996,0.014999997,3.1909993,7.2,1
0.0,1.9750001,0.79499996,2.4419994,0.23499992,0.30500007,3.2590008,7.2,1
0.0,1.3399998,1.4450005,11.916003,0.074999996,0.0,2.7689993,7.2,1
0.0,1.2350005,1.5850005,9.543003,0.074999996,0.074999996,2.0999994,7.2,1
0.0,3.61,3.62,97.924,0.0,0.0,4.398,7.2,1
0.0,1.1650006,4.1550016,4.722998,0.0,0.074999996,2.5359993,7.2,1
0.0,1.6250005,5.854998,5.1350017,0.0,0.0,3.1900008,7.2,1
0.0,4.24,1.1,6.534,0.73,4.77,5.94,7.2,1
0.0,0.48499992,1.3850005,7.7009983,0.074999996,0.074999996,6.0110016,7.2,1
0.0,0.62499994,1.9050006,11.092003,1.0249995,12.354997,6.177002,7.2,1
0.0,8.05,3.29,55.186,0.0,0.0,6.855,7.2,1
0.0,2.0350006,0.9549999,6.149998,0.074999996,0.0,3.0249994,7.2,1
0.0,2.2550006,1.7950006,13.484003,0.37499994,4.145002,5.8940015,7.2,1
0.0,1.5949994,2.0150006,3.7659993,0.074999996,0.074999996,5.247998,7.2,1
0.0,3.4550006,4.064998,3.6629994,0.68499994,6.734998,3.0870006,7.2,1
0.0,7.18,7.43,288.6,0.93,39.38,5.897,7.2,1
0.0,2.0850008,1.5350006,6.8049984,0.4,2.8249993,3.2599993,7.2,1
0.0,5.95,2.91,34.644,0.0,0.0,5.823,7.2,1
0.0,3.37,1.41,6.501,0.26,1.69,4.644,7.2,1
0.0,2.3950007,2.5449994,0.6599999,0.27499995,2.6350007,5.407998,7.2,1
0.0,3.11,3.11,85.563,0.0,0.0,3.931,7.2,1
0.0,3.46,3.95,61.725,1.08,11.64,3.116,7.2,1
0.0,3.1,3.11,41.169,0.71,6.94,3.152,7.2,1
0.0,2.55,2.85,97.054,0.0,0.0,5.056,7.2,1
0.0,0.30499995,0.99499995,2.8010006,0.074999996,0.074999996,3.2009993,7.2,1
0.0,1.72,1.73,53.888,0.0,0.0,3.256,7.2,1
0.0,0.93499994,2.6949992,10.883003,0.8950001,10.704997,5.1020017,7.2,1
0.0,3.4949994,8.535003,10.635997,0.074999996,0.0,3.0130007,7.2,1
0.0,1.3649995,1.5250006,-0.4330001,0.074999996,0.0,4.032998,7.2,1
0.0,1.0749995,1.2350005,1.8160006,0.074999996,0.0,3.0540006,7.2,1
0.0,4.4049983,4.705002,1.7750006,0.074999996,0.0,5.545998,7.2,1
0.0,0.98499995,2.1150007,6.6919985,0.48499992,2.6950006,3.1649992,7.2,1
0.0,0.7149999,2.7750006,4.690998,0.0,0.074999996,3.0909994,7.2,1
0.0,2.71,20.01,79.219,0.0,0.0,3.574,7.2,1
0.0,6.6,2.46,6.047,0.0,0.0,3.054,7.2,1
0.0,0.93499994,2.2349994,12.874003,0.44499993,4.7149982,6.0980015,7.2,1
0.0,1.4150006,3.1949992,16.623003,0.074999996,0.044999998,5.8730016,7.2,1
0.0,0.28499994,0.44999996,1.2979995,1.0450003,1.4050006,3.3439994,7.2,1
0.0,1.4849994,1.6350005,1.8600005,0.074999996,0.0,3.0770006,7.2,1
0.0,0.9949996,0.49499992,6.019998,0.98499995,5.625002,5.771002,7.2,1
0.0,1.0649997,0.50499994,6.5609984,1.3,8.564997,6.053002,7.2,1
0.0,2.0750008,2.2349994,0.0039999997,0.45499992,4.794998,5.881998,7.2,1
0.0,1.2500005,3.8650007,7.1820016,0.39499992,2.1950006,5.8969984,7.2,1
0.0,0.43499994,1.3850005,5.683998,0.7850001,5.0250015,4.4710016,7.2,1
0.0,0.9549999,2.2950006,2.7730007,0.074999996,0.074999996,3.236,7.2,1
0.0,0.15,0.13499999,0.37400007,0.074999996,0.044999998,3.0679994,7.2,1
0.0,4.05,4.45,-0.347,1.03,12.79,3.065,7.2,1
0.0,1.8450005,7.064998,6.1160016,0.0,0.0,3.4879994,7.2,1
0.0,1.2649995,6.725002,7.459998,0.0,0.0,5.5479984,7.2,1
0.0,1.1949995,0.8549999,3.9330003,0.074999996,0.0,3.2309992,7.2,1
0.0,0.9549999,7.254998,0.7840001,0.0,0.074999996,0.9010001,7.2,1
0.0,34.19,12.29,45.011,0.0,0.0,6.083,7.2,1
0.0,0.0,0.01,-0.13000007,0.0,0.0,3.5949996,7.2,1
0.0,1.28,0.41499993,7.5629983,0.33999994,2.2149994,6.0270014,7.2,1
0.0,3.31,0.83,2.716,1.28,3.48,3.312,7.2,1
0.0,1.05,1.06,15.764,0.0,0.0,6.017,7.2,1
0.0,3.25,1.33,15.691,0.0,0.0,4.828,7.2,1
0.0,1.4,1.41,25.386,0.0,0.0,6.239,7.2,1
0.0,2.0350006,0.99499995,3.1159992,0.074999996,0.074999996,5.5559983,7.2,1
0.0,1.0850005,22.644997,7.3859982,1.0249995,8.135003,3.6619992,7.2,1
0.0,1.27,1.28,68.981,0.0,0.0,5.438,7.2,1
0.0,0.51500005,0.6649999,-0.19100007,0.8349999,1.3849995,3.1710007,7.2,1
0.0,1.9250005,3.2550006,10.584003,0.044999994,1.2049994,3.2859993,7.2,1
0.0,5.58,5.59,93.518,0.97,21.6,3.99,7.2,1
0.0,1.3,2.67,26.203,0.56,1.62,2.229,7.2,1
0.0,1.2050005,4.0349984,3.5840006,0.63500005,2.6749992,3.3129992,7.2,1
0.0,0.40499994,1.3450005,7.537998,0.74499995,5.1750016,6.0690017,7.2,1
0.0,1.2349994,11.0549965,3.8920007,0.13500006,0.75500005,3.1029994,7.2,1
0.0,2.0950007,1.4850005,6.2779984,0.5749999,3.2549994,3.0029993,7.2,1
0.0,12.1,3.17,10.353,0.98,10.15,3.276,7.2,1
0.0,2.7150006,17.664997,15.9920025,0.0,0.0,5.683998,7.2,1
0.0,0.86500007,1.0250001,-0.14400007,0.074999996,0.0,5.715998,7.2,1
0.0,1.2150005,2.8950007,3.6000006,0.0,0.074999996,3.2989993,7.2,1
0.0,1.61,1.61,24.453,0.67,6.38,5.911,7.2,1
0.0,0.5949999,1.7850006,9.050003,0.38500008,4.2750015,5.4110017,7.2,1
0.0,0.5949999,1.5649995,2.8770006,0.9849996,3.2049994,3.1819994,7.2,1
0.0,2.54,0.75,11.387,0.44,5.01,4.483,7.2,1
0.0,1.2650006,2.8550007,2.4959993,0.074999996,0.0,1.9589999,7.2,1
0.0,0.83500004,0.48499992,5.091998,0.67499995,3.1749992,6.1540017,7.2,1
0.0,6.54,1.83,5.532,0.0,0.0,3.04,7.2,1
0.0,2.1749992,5.2049985,7.007002,0.27499995,1.3149995,3.2260008,7.2,1
0.0,2.0749993,5.5749984,5.7010016,0.0,0.074999996,2.7380006,7.2,1
0.0,3.55,3.55,42.479,0.87,7.17,2.321,7.2,1
0.0,0.46,0.46,7.107,0.0,0.0,2.209,7.2,1
0.0,2.6650007,1.4150006,9.735003,0.074999996,0.0,3.6549993,7.2,1
0.0,8.94,3.08,9.93,0.0,0.0,3.776,7.2,1
0.0,2.1549993,7.9449997,12.560997,0.9649999,11.184997,5.927998,7.2,1
0.0,0.27500007,0.42499992,-0.15000007,1.1550006,1.1449995,3.1420007,7.2,1
0.0,3.26,3.26,86.373,0.0,0.0,2.884,7.2,1
0.0,1.4,0.37,8.363,0.0,0.0,5.974,7.2,1
0.0,1.3349994,0.9649999,4.307998,0.5749999,2.2649994,3.1839993,7.2,1
0.0,3.69,0.77,4.51,0.0,0.0,5.857,7.2,1
0.0,2.0150006,2.1649992,2.1889994,0.074999996,0.074999996,5.4019985,7.2,1
0.0,1.0449995,3.8549993,0.088,0.0,0.0,2.5650008,7.2,1
0.0,0.015,0.0325,0.099,0.855,0.015,2.415,7.2,1
0.0,1.3049995,1.4550005,0.8039999,0.8349999,3.3750007,3.2180007,7.2,1
0.0,0.81499994,2.7549994,14.583003,0.034999996,1.6850005,6.0090017,7.2,1
0.0,1.9850004,0.53499997,1.3710005,1.1150005,1.2749995,2.8050008,7.2,1
0.0,0.6449999,1.9750005,7.743998,0.865,6.955002,4.1900015,7.2,1
0.0,2.27,2.75,44.303,0.0,0.0,3.18,7.2,1
0.0,2.56,1.08,9.544,0.0,0.0,3.728,7.2,1
0.0,9.06,3.0,10.099,0.0,0.0,3.366,7.2,1
0.0,2.64,0.77,14.74,1.16,17.1,5.583,7.2,1
0.0,2.13,2.13,25.694,0.0,0.0,5.539,7.2,1
0.0,1.1150005,1.7650006,9.878003,0.074999996,0.074999996,5.9990015,7.2,1
0.0,0.05,0.0175,0.13399999,0.5149999,0.044999998,2.8900006,7.2,1
0.0,0.14,0.13499999,0.36899996,0.53499997,0.115000024,2.4959993,7.2,1
0.0,0.88499993,3.1849992,10.092003,0.20499992,1.2449995,3.3439994,7.2,1
0.0,1.47,1.47,38.89,0.0,0.0,5.108,7.2,1
0.0,1.13,1.13,41.297,0.0,0.0,5.791,7.2,1
0.0,5.74,2.41,9.228,0.0,0.0,5.184,7.2,1
0.0,1.7649995,2.3949993,0.93099993,1.0250001,10.295003,5.8579984,7.2,1
0.0,12.32,2.94,15.289,0.12,1.83,5.972,7.2,1
0.0,1.61,0.41,9.706,0.0,0.0,6.029,7.2,1
0.0,0.5250001,0.25499994,1.8569995,1.0250001,1.7649995,3.2949994,7.2,1
0.0,2.4050007,2.9199994,1.2280005,1.1650006,8.015003,2.9170008,7.2,1
0.0,9.94,3.15,14.429,1.03,14.86,5.324,7.2,1
0.0,2.61,2.97,66.829,0.0,0.0,5.867,7.2,1
0.0,2.6249993,7.274998,8.057998,0.074999996,0.0,3.0560007,7.2,1
0.0,2.2350006,1.5350006,8.985003,0.73499995,6.0550017,3.9969993,7.2,1
0.0,0.22500008,0.15499997,0.4690001,1.1350005,0.50500005,1.8880005,7.2,1
0.0,0.16500007,0.14499998,0.6820001,0.40500006,0.31500006,3.2289994,7.2,1
0.0,1.0949994,0.6649999,2.2970006,0.074999996,0.0,2.1019993,7.2,1
0.0,0.9999998,0.47499993,5.8579984,0.37499994,1.8550005,5.835002,7.2,1
0.0,1.9850004,2.845,-0.11400005,0.074999996,0.0,2.8460007,7.2,1
0.0,9.33,3.06,14.695,0.0,0.0,4.802,7.2,1
0.0,0.007499999,0.07,0.101,0.47499993,0.0,2.5250006,7.2,1
0.0,1.8049995,1.9550005,1.9820005,0.074999996,0.074999996,6.953998,7.2,1
0.0,1.7949995,0.5849999,5.406998,1.0450003,5.395002,3.0069993,7.2,1
0.0,0.6750001,0.35499993,1.7170005,0.40499994,0.61499995,6.005998,7.2,1
0.0,1.965,0.8949999,2.7619994,0.30499995,0.5450001,3.2420006,7.2,1
0.0,0.022499999,0.01,0.137,0.074999996,0.0,6.1399984,7.2,1
0.0,2.04,2.05,63.112,0.0,0.0,3.237,7.2,1
0.0,0.43499994,0.5250001,1.7269995,0.8949999,1.4349997,3.1289992,7.2,1
0.0,1.9299998,9.734997,8.337003,0.0,0.0,4.3670015,7.2,1
0.0,4.0549984,4.734998,6.6560016,0.25499994,2.4450006,3.3140006,7.2,1
0.0,3.1749992,10.985003,10.131997,0.074999996,0.0,3.1690006,7.2,1
0.0,1.1249995,0.55499995,6.5679984,0.074999996,0.0525,5.6110015,7.2,1
0.0,2.8150008,1.3650005,2.0389998,0.074999996,0.0,2.8130007,7.2,1
0.0,2.09,2.43,50.801,0.0,0.0,3.612,7.2,1
0.0,0.022499999,0.024999999,0.13299999,0.022499999,0.0,5.830001,7.2,1
0.0,2.75,2.75,68.713,0.11,1.0,3.3,7.2,1
0.0,0.83000004,2.1850007,4.7860017,0.61499995,2.4650006,5.4029984,7.2,1
0.0,4.5749984,3.1849992,5.416002,0.5149999,2.2750006,3.4160006,7.2,1
0.0,0.7749999,2.3949993,8.059003,0.45499992,3.0150006,3.9299994,7.2,1
0.0,2.0650008,2.0750008,5.6340017,1.1250005,13.535003,5.979998,7.2,1
0.0,1.5049995,1.6650006,2.8339994,0.48499992,2.4949994,3.6590006,7.2,1
0.0,2.32,0.93,14.443,0.22,3.18,6.225,7.2,1
0.0,0.10500006,0.39499992,-0.36100006,0.022499999,0.0,2.2920008,7.2,1
0.0,0.7150001,0.56499994,3.8820007,0.69499993,2.3750007,5.0840015,7.2,1
0.0,1.49,0.42,9.226,1.24,11.44,6.192,7.2,1
0.0,14.274997,37.125004,58.408005,0.074999996,0.0,4.0439982,7.2,1
0.0,0.26500008,0.36999997,0.7239999,0.92499995,1.6749995,5.971998,7.2,1
0.0,1.31,1.31,33.681,0.0,0.0,5.83,7.2,1
0.0,1.4950005,7.394998,4.5139985,0.0,0.0,3.3069994,7.2,1
0.0,1.35,1.36,18.899,0.94,4.18,3.29,7.2,1
0.0,0.935,0.40499994,4.4419985,0.074999996,0.0,4.547002,7.2,1
0.0,0.94499993,1.6749995,3.6320007,0.075000025,0.60499996,2.2049994,7.2,1
0.0,1.5850005,6.8449984,8.777003,0.94500005,8.834997,5.7869983,7.2,1
0.0,0.7150001,3.6749992,4.7619987,0.7649999,3.2550006,6.0289984,7.2,1
0.0,0.17499995,0.44499993,1.0909995,1.2850006,1.4850005,3.3139994,7.2,1
0.0,2.46,0.5,3.053,0.0,0.0,6.106,7.2,1
0.0,0.9849996,0.37499994,3.1250007,1.0250001,3.1149993,3.0939994,7.2,1
0.0,2.3549993,11.285003,13.364003,0.80500007,11.904997,5.8189983,7.2,1
0.0,0.7249999,2.4649994,14.198003,0.074999996,0.074999996,6.072002,7.2,1
0.0,2.4950006,2.6449993,0.27199993,0.074999996,0.0,5.670998,7.2,1
0.0,0.39500007,1.1349995,2.7179992,0.074999996,0.0,5.5479984,7.2,1
0.0,1.59,0.55,9.214,0.39,3.59,5.795,7.2,1
0.0,0.38,0.38,18.22,1.25,2.63,5.542,7.2,1
0.0,0.88500005,0.38499993,3.0780008,0.0,0.0,3.3589993,7.2,1
0.0,1.5950005,3.8450007,10.931003,0.6550001,8.104997,3.1409993,7.2,1
0.0,2.2249994,5.4049983,12.943999,0.074999996,0.074999996,5.9379983,7.2,1
0.0,6.37,1.9,11.297,0.76,8.59,5.977,7.2,1
0.0,0.12500007,0.13500006,0.67999995,0.39,0.36500007,5.9749985,7.2,1
0.0,0.45000002,0.28499994,2.5610006,0.06,0.037499998,5.567002,7.2,1
0.0,1.0750005,2.7749994,11.690003,0.95499986,12.194997,4.449002,7.2,1
0.0,1.91,2.0,56.09,0.42,2.54,3.169,7.2,1
0.0,0.8549999,1.6049994,2.4950004,0.074999996,0.074999996,3.1770005,7.2,1
0.0,2.38,2.38,117.534,1.2,15.49,5.423,7.2,1
0.0,9.26,3.45,11.027,0.0,0.0,3.196,7.2,1
0.0,0.5249999,1.2650006,5.492998,0.0,0.074999996,5.936002,7.2,1
0.0,2.2650006,3.6649992,-0.024999999,0.7649999,7.4749985,4.6019983,7.2,1
0.0,2.2850006,2.7449994,-0.17100008,0.074999996,0.0,2.9970007,7.2,1
0.0,2.1649992,2.3849993,17.655003,0.9749999,7.515002,4.0330005,7.2,1
0.0,1.7949995,1.1950005,6.4819984,1.2950006,8.074997,3.5809994,7.2,1
0.0,2.87,2.87,68.439,0.0,0.0,4.243,7.2,1
0.0,0.57,2.495,1.8069994,0.074999996,0.0,3.3769994,7.2,1
0.0,10.75,3.52,7.767,0.0,0.0,2.505,7.2,1
0.0,16.29,3.32,15.667,0.0,0.0,4.777,7.2,1
0.0,3.0,3.01,58.911,0.0,0.0,5.822,7.2,1
0.0,0.18500006,0.34499994,-0.26700008,1.1749995,1.7249994,5.527,7.2,1
0.0,8.42,2.06,6.34,0.0,0.0,3.078,7.2,1
0.0,2.3849993,12.414997,12.116003,0.34500006,5.044998,5.3520017,7.2,1
0.0,7.74,1.71,10.326,0.0,0.0,6.039,7.2,1
0.0,0.48499992,1.6950005,9.598003,0.074999996,0.074999996,6.0830016,7.2,1
0.0,0.5749999,2.9850006,5.576998,0.0,0.074999996,3.4799993,7.2,1
0.0,0.5950001,1.6250005,0.26299992,0.31500006,1.0049995,4.057998,7.2,1
0.0,1.63,0.41,7.358,0.0,0.0,4.514,7.2,1
0.0,0.53499997,1.7149994,3.5240006,0.074999996,0.0,2.0969994,7.2,1
0.0,0.26500008,0.17499995,1.0399995,0.42500007,0.56,3.3539994,7.2,1
0.0,2.1050007,13.924997,6.3860016,0.0,0.0,2.9699993,7.2,1
0.0,1.4449995,0.40499994,2.0120003,0.074999996,0.037499998,5.794998,7.2,1
0.0,2.6550007,1.4350005,4.515002,0.074999996,0.0,3.1900008,7.2,1
0.0,1.85,1.85,54.574,0.0,0.0,3.31,7.2,1
0.0,1.02,1.02,71.876,0.0,0.0,7.053,7.2,1
0.0,0.37499994,0.38499993,3.1350007,0.50499994,0.27500007,2.7949994,7.2,1
0.0,1.2149994,1.3650005,2.0999994,0.074999996,0.0,3.0650008,7.2,1
0.0,0.89,0.34499994,5.0679984,0.0,0.074999996,6.0550017,7.2,1
0.0,3.22,3.22,75.369,0.0,0.0,3.335,7.2,1
0.0,3.2550006,2.1449993,10.624003,0.074999996,0.0,3.2879994,7.2,1
0.0,3.1,3.11,66.614,0.23,2.52,3.531,7.2,1
0.0,0.88499993,1.9850005,10.393003,1.1100003,11.384997,5.9560018,7.2,1
0.0,3.0450006,3.1949992,3.5709994,0.074999996,0.074999996,3.0290008,7.2,1
0.0,1.9050006,3.1649992,18.708004,0.97499967,19.794996,6.1540017,7.2,1
0.0,9.12,3.05,6.199,0.0,0.0,2.605,7.2,1
0.0,0.61499995,1.7749995,4.327998,0.35499993,1.1549995,3.0699992,7.2,1
0.0,0.92499995,1.2249994,1.5660005,0.074999996,0.0,1.7119995,7.2,1
0.0,3.79,5.67,47.919,0.0,0.0,4.317,7.2,1
0.0,1.3750005,4.0749984,12.364003,0.70500004,9.774997,3.1089993,7.2,1
0.0,1.5049995,0.7749999,5.4159985,1.1750005,6.1150017,3.5499992,7.2,1
0.0,2.36,0.84,14.327,0.0,0.0,6.071,7.2,1
0.0,1.0550004,1.8849995,5.090998,0.17500007,1.3650005,3.3449993,7.2,1
0.0,0.0,0.01,-0.26800007,0.074999996,0.0,1.6249995,7.2,1
0.0,7.24,3.44,21.055,0.0,0.0,6.138,7.2,1
0.0,0.99499995,4.2449985,2.9610007,1.2400002,3.6999998,3.3749993,7.2,1
0.0,3.0649993,9.655003,12.460997,0.8949999,10.085003,4.0669985,7.2,1
0.0,2.9750006,3.1249993,5.033002,0.074999996,0.074999996,4.4439983,7.2,1
0.0,0.26500008,0.36499998,0.19799994,0.93499994,0.81500006,2.9630008,7.2,1
0.0,0.7649999,2.3549993,13.726003,0.074999996,0.074999996,6.1550016,7.2,1
0.0,0.8449999,5.734998,2.1370006,1.1450006,2.2950006,2.9479992,7.2,1
0.0,3.3349993,11.595003,12.329997,0.074999996,0.0,3.6840007,7.2,1
0.0,2.4149992,7.484998,7.7490015,0.48500007,4.375002,3.2040007,7.2,1
0.0,1.6449995,2.2750006,0.8039999,0.074999996,0.0,2.9260006,7.2,1
0.0,3.15,3.83,73.757,1.26,10.69,2.693,7.2,1
0.0,4.4,1.04,6.168,0.15,0.93,5.988,7.2,1
0.0,3.0,3.16,179.116,0.0,0.0,6.1,7.2,1
0.0,4.515002,13.165003,26.160997,0.074999996,0.0,5.7999983,7.2,1
0.0,2.9150007,3.0749993,1.1610005,0.074999996,0.0,3.6780007,7.2,1
0.0,1.5649995,1.7150005,1.8420005,0.074999996,0.074999996,5.8329983,7.2,1
0.0,0.81499994,2.3349993,12.385003,0.37000003,4.9499993,5.5880017,7.2,1
0.0,0.35499993,1.3349994,2.4640007,0.0,0.074999996,4.042001,7.2,1
0.0,2.84,3.76,53.182,0.0,0.0,3.283,7.2,1
0.0,14.55,3.53,21.422,0.0,0.0,6.086,7.2,1
0.0,1.5249995,2.0449998,-0.37700006,0.74499995,2.4050007,2.2360008,7.2,1
0.0,5.26,1.06,5.633,0.0,0.0,5.314,7.2,1
0.0,1.0750005,3.2750006,10.632003,0.50500005,6.2850018,3.2709994,7.2,1
0.0,2.0450006,11.454997,6.710998,0.0,0.0,3.2759993,7.2,1
0.0,0.16000003,0.14499998,0.48600006,0.30000004,0.19,3.0279994,7.2,1
0.0,18.38,4.51,18.876,0.27,5.1,4.462,7.2,1
0.0,0.95,0.96,23.991,0.0,0.0,3.923,7.2,1
0.0,1.4749997,0.55499995,9.079003,1.0049995,9.964997,6.0970016,7.2,1
0.0,3.59,3.95,84.351,0.46,5.03,3.047,7.2,1
0.0,0.26499993,0.92499995,3.4630008,0.0,0.074999996,5.2030015,7.2,1
0.0,0.96,0.35499993,5.551998,0.074999996,0.074999996,5.936002,7.2,1
0.0,1.4249995,1.4249995,4.052001,0.99499995,7.374998,5.3239985,7.2,1
0.0,1.0649995,1.5949994,1.0960006,0.074999996,0.0,1.9289994,7.2,1
0.0,0.14500007,0.12,0.5529999,0.0,0.0,5.899998,7.2,1
0.0,0.54,1.25,16.49,0.0,0.0,4.574,7.2,1
0.0,2.8650007,1.9850005,11.145003,0.115000054,2.2049994,3.8909993,7.2,1
0.0,8.25,1.92,11.634,0.0,0.0,6.091,7.2,1
0.0,2.34,2.34,39.333,0.87,6.55,3.215,7.2,1
0.0,2.0849993,3.5249994,20.584003,0.074999996,0.0,6.0630016,7.2,1
0.0,2.06,2.09,63.708,0.0,0.0,5.88,7.2,1
0.0,4.13,1.3,4.327,0.21,0.91,3.354,7.2,1
0.0,0.835,0.38499993,4.8059983,0.40499994,1.6850005,6.027002,7.2,1
0.0,0.21500006,0.24000007,0.33699992,0.0,0.0,5.721998,7.2,1
0.0,1.8750005,6.4949985,11.179003,1.1250005,11.894997,6.176998,7.2,1
0.0,1.9249995,2.0849993,1.1740005,1.3,8.035003,3.2200007,7.2,1
0.0,15.5,3.62,13.555,0.91,12.34,3.755,7.2,1
0.0,7.81,3.27,12.171,1.0,12.17,3.733,7.2,1
0.0,1.5349995,0.7649999,5.1079984,0.43499994,1.9450005,3.2939994,7.2,1
0.0,1.0949994,1.5450006,-0.16700007,0.074999996,0.0,1.9489998,7.2,1
0.0,0.7849999,2.8699996,8.743003,0.044999998,0.074999996,3.8269994,7.2,1
0.0,2.7550006,2.9049993,0.66099995,0.29499993,1.2849995,2.1040006,7.2,1
0.0,0.93499994,3.6349993,15.698003,0.5450001,9.854997,5.9390016,7.2,1
0.0,1.9150006,7.814998,9.480003,0.074999996,0.0,5.117998,7.2,1
0.0,0.9949996,1.6449995,0.54099995,1.0850005,2.0050006,1.8489995,7.2,1
0.0,0.88500005,0.47499993,2.9820006,1.0750005,3.0300002,3.2589993,7.2,1
0.0,1.8149995,0.5849999,6.0279984,0.73499995,4.105002,3.3039994,7.2,1
0.0,0.85,0.85,13.674,0.99,2.76,3.278,7.2,1
0.0,5.14,1.91,11.047,0.26,2.87,5.784,7.2,1
0.0,0.56500006,0.32499993,0.81899995,0.06,0.0,3.0250006,7.2,1
0.0,5.1,1.32,7.959,0.47,3.74,6.03,7.2,1
0.0,1.3649995,1.5250006,3.1949992,0.074999996,0.074999996,5.755998,7.2,1
0.0,4.45,0.92,5.503,0.0,0.0,5.982,7.2,1
0.0,6.47,1.87,10.989,0.0,0.0,5.908,7.2,1
0.0,0.18499994,0.32999995,0.76500005,0.0,0.074999996,3.1859994,7.2,1
0.0,1.6349995,0.5949999,5.552998,0.074999996,0.0,3.3659992,7.2,1
0.0,0.55499995,1.7949995,5.7969985,0.074999996,0.074999996,3.2319994,7.2,1
0.0,0.53499997,1.5749995,5.3169985,0.074999996,0.074999996,3.3429992,7.2,1
0.0,1.5350006,2.3849993,14.040003,0.074999996,0.0,6.212002,7.2,1
0.0,0.055,0.01,0.23,0.074999996,0.0,5.7650003,7.2,1
0.0,2.2050006,2.6449993,1.3120005,0.7149999,5.334998,3.6320007,7.2,1
0.0,1.2749995,0.6649999,2.5090008,1.1050005,2.6899998,1.9890006,7.2,1
0.0,1.1249995,0.38499993,3.4430006,0.014999997,0.0,3.0069993,7.2,1
0.0,0.54499996,1.6100003,5.610998,0.074999996,0.074999996,3.6969993,7.2,1
0.0,1.1450006,1.8249995,6.176998,0.0,0.0,3.3659992,7.2,1
0.0,2.0150006,2.9150007,1.2010006,0.074999996,0.0,2.9900007,7.2,1
0.0,3.4349992,11.135003,10.299997,0.074999996,0.0,2.9680007,7.2,1
0.0,2.2249994,6.044998,7.2140017,0.61499995,3.7850006,3.2450006,7.2,1
0.0,2.1849992,5.7049985,9.092997,0.8349999,6.9250016,4.1989985,7.2,1
0.0,0.32499993,1.0900002,2.2120006,0.03,0.059999995,5.924001,7.2,1
0.0,0.5949999,1.6649995,1.5060005,0.50499994,0.5450001,2.6770008,7.2,1
0.0,7.15,1.5,4.955,0.49,2.43,3.303,7.2,1
0.0,1.5249995,1.6750005,0.69399995,1.3,6.1949983,3.0620008,7.2,1
0.0,2.95,2.96,149.048,0.0,0.0,5.937,7.2,1
0.0,0.87,0.87,20.167,0.0,0.0,3.167,7.2,1
0.0,0.08,0.024999999,0.32099995,0.55499995,0.089999996,4.8449984,7.2,1
0.0,0.8950001,1.1250005,0.41799992,0.7149999,1.4549994,2.3830006,7.2,1
0.0,1.9349996,1.3150005,4.5370016,0.29499993,0.9050001,5.795998,7.2,1
0.0,1.4250005,3.0750008,4.5419993,0.8249999,3.43,3.3570004,7.2,1
0.0,0.22499993,0.63499993,1.6979995,0.80499995,1.3650005,5.290002,7.2,1
0.0,2.82,0.74,4.402,0.0,0.0,6.03,7.2,1
0.0,0.23500007,0.27500004,0.40399992,0.0,0.0,5.795998,7.2,1
0.0,1.2949995,0.45499992,3.9180007,0.32499993,0.9250001,2.9899993,7.2,1
0.0,1.8149995,1.3350005,10.716003,0.34499994,2.9849994,5.7850018,7.2,1
0.0,2.1650007,0.73499995,2.1599994,0.074999996,0.0,3.1330006,7.2,1
0.0,1.59,1.6,53.481,0.55,5.15,5.89,7.2,1
0.0,1.4050006,4.7849984,4.390002,1.3,5.515002,3.1690006,7.2,1
0.0,1.1749995,0.44499993,6.768998,0.8249999,5.205002,5.5500016,7.2,1
0.0,1.52,1.53,33.035,0.0,0.0,5.92,7.2,1
0.0,0.6750001,0.8249999,-0.19700009,1.1050005,2.5050006,3.2680006,7.2,1
0.0,2.2149994,9.495003,7.1630015,0.20500007,1.9049995,3.3869994,7.2,1
0.0,2.8850007,1.3350005,7.3249984,0.074999996,0.074999996,5.8429995,7.2,1
0.0,1.8149995,1.9750005,2.5109994,0.074999996,0.0,3.2630007,7.2,1
0.0,9.41,1.98,8.637,0.0,0.0,4.362,7.2,1
0.0,3.0949993,8.315003,13.102997,1.1950005,14.575001,4.2389984,7.2,1
0.0,0.41499993,0.5350001,1.7729995,1.0550004,1.7349994,3.1549993,7.2,1
0.0,1.8349994,0.9649999,5.999998,0.44499993,2.3249993,3.2559993,7.2,1
0.0,0.68499994,2.8150008,1.2459995,0.0,0.074999996,2.2409992,7.2,1
0.0,2.15,0.89,12.785,0.56,7.16,5.947,7.2,1
0.0,5.64,1.31,7.914,0.8,6.33,6.041,7.2,1
0.0,2.0250006,0.54499996,2.8799994,1.2650006,3.2650006,6.0229983,7.2,1
0.0,1.8949995,0.80499995,2.4609993,0.074999996,0.0,3.2390006,7.2,1
0.0,0.57500005,1.9750005,-0.33400008,0.074999996,0.0,5.372998,7.2,1
0.0,1.3249995,2.5450006,2.3009994,1.1250005,6.084998,4.1159983,7.2,1
0.0,1.1449995,3.4850006,7.3120017,0.074999996,0.074999996,5.8569984,7.2,1
0.0,0.18500006,0.34499994,0.25099993,0.73499995,0.9250001,5.7329984,7.2,1
0.0,2.22,2.23,70.95,0.82,10.71,5.885,7.2,1
0.0,0.33499992,0.34499994,1.4209995,1.2150005,0.6550001,2.5289993,7.2,1
0.0,0.86500007,1.0250001,1.1310005,0.42499992,1.8549994,5.794998,7.2,1
0.0,4.91,2.16,29.707,0.14,4.16,6.05,7.2,1
0.0,3.9549994,16.395002,22.624996,0.074999996,0.0,5.736998,7.2,1
0.0,10.16,5.34,21.183,0.35,7.41,5.725,7.2,1
0.0,2.1250007,2.2849994,0.49899992,1.0750005,6.8649983,3.0780008,7.2,1
0.0,1.4449995,0.8249999,8.935003,0.0,0.074999996,6.0030017,7.2,1
0.0,0.82,0.27499995,4.604998,0.0,0.074999996,5.9990015,7.2,1
0.0,0.5450001,0.25499994,1.9740002,0.074999996,0.014999997,3.3799994,7.2,1
0.0,0.32499993,0.32499993,3.9719992,1.0250001,1.5050005,6.087002,7.2,1
0.0,3.8450007,2.0949993,8.910997,0.074999996,0.067499995,5.5889983,7.2,1
0.0,0.9749999,2.7850006,3.0190008,0.0075,0.074999996,3.5129993,7.2,1
0.0,0.81499994,0.29499993,4.5289984,0.6549999,2.7449994,6.054002,7.2,1
0.0,1.4650005,7.0350018,4.9439983,0.0,0.0,3.6859994,7.2,1
0.0,1.2150005,4.5949984,6.163999,0.074999996,0.0,5.3579984,7.2,1
0.0,1.0099996,0.6649999,6.0629983,0.074999996,0.0,5.811002,7.2,1
0.0,0.5450001,0.69499993,0.21199992,0.13500005,0.2850001,3.1190007,7.2,1
0.0,0.69500005,1.9950005,4.3730016,0.074999996,0.0,5.506998,7.2,1
0.0,2.4250007,1.2550005,7.0419984,0.26499993,1.4250005,6.113001,7.2,1
0.0,2.44,0.62,2.049,0.0,0.0,3.305,7.2,1
0.0,0.82500005,0.30499995,2.5750008,1.3,3.4449992,3.0189993,7.2,1
0.0,2.9349992,2.9349992,22.133003,0.7849999,6.2950015,3.1389992,7.2,1
0.0,6.58,2.55,7.005,1.02,7.15,3.155,7.2,1
0.0,2.5550008,1.2750006,8.745003,0.8449999,6.8650017,3.4289994,7.2,1
0.0,2.78,3.23,54.744,0.0,0.0,5.885,7.2,1
0.0,3.26,3.26,73.988,0.89,11.95,4.12,7.2,1
0.0,5.0250015,22.405003,29.962997,0.7150001,23.684998,5.9629984,7.2,1
0.0,1.1049994,0.42499992,3.8400006,0.0,0.074999996,3.3929994,7.2,1
0.0,11.4,2.65,14.389,0.0,0.0,5.43,7.2,1
0.0,2.5149994,2.5149994,17.898003,1.1250005,8.044998,3.1859994,7.2,1
0.0,0.61500007,2.9949994,0.121,0.20500007,0.42500007,2.5180006,7.2,1
0.0,1.55,1.56,24.982,0.83,4.72,3.667,7.2,1
0.0,1.5349995,0.7149999,4.7189984,0.73499995,3.2349994,3.0529993,7.2,1
0.0,0.97499967,0.5949999,1.7910005,0.43499994,0.69499993,3.2250006,7.2,1
0.0,1.6449995,0.87499994,10.067003,0.0,0.074999996,5.9720016,7.2,1
0.0,3.51,1.04,3.397,0.0,0.0,3.33,7.2,1
0.0,1.0749995,1.2350005,1.5110005,0.074999996,0.007499999,3.1950006,7.2,1
0.0,0.47499993,1.5550005,7.9560003,0.074999996,0.074999996,5.5380015,7.2,1
0.0,3.08,3.08,84.572,0.26,4.88,6.095,7.2,1
0.0,0.87,0.87,20.275,0.0,0.0,3.045,7.2,1
0.0,1.5450006,3.984999,4.3579984,0.0075,0.074999996,3.0909994,7.2,1
0.0,6.1,2.82,9.226,0.0,0.0,3.272,7.2,1
0.0,0.7849999,2.1650007,6.5469985,0.074999996,0.0,3.0709994,7.2,1
0.0,4.1349983,3.7349994,16.449003,0.19499993,2.0549996,3.9999993,7.2,1
0.0,0.29499993,3.0249994,2.2530007,0.2850001,0.9149999,5.028002,7.2,1
0.0,2.035,8.785003,6.264002,0.0,0.0,3.2329993,7.2,1
0.0,2.9649994,11.965003,15.954002,0.074999996,0.0,5.4709983,7.2,1
0.0,3.57,3.62,95.418,0.39,4.45,3.196,7.2,1
0.0,1.7849995,2.1749992,2.1389992,0.037499998,0.074999996,5.275998,7.2,1
0.0,2.035,7.8049984,10.740003,0.074999996,0.0,5.4429984,7.2,1
0.0,0.5950001,1.6350005,0.58299994,0.0,0.0,3.8920007,7.2,1
0.0,2.12,3.33,61.681,0.0,0.0,3.1,7.2,1
0.0,3.7549994,7.955,18.998997,1.3,24.294996,5.0669985,7.2,1
0.0,0.5149999,1.1849995,3.6590006,0.074999996,0.014999997,3.2939994,7.2,1
0.0,0.435,0.19499993,2.5500007,0.0,0.014999997,5.908002,7.2,1
0.0,0.61,0.61,16.245,0.32,0.61,3.141,7.2,1
0.0,1.1350005,2.9850006,9.864003,0.4650001,5.4450016,3.3229992,7.2,1
0.0,7.89,3.29,19.166,0.0,0.0,5.843,7.2,1
0.0,1.06,1.07,50.283,0.0,0.0,6.093,7.2,1
0.0,0.99499995,2.3049994,13.117003,1.1049994,15.644997,5.9910016,7.2,1
0.0,1.7850006,8.475003,5.650998,0.31500006,2.1550007,3.4239993,7.2,1
0.0,4.415002,8.164997,47.842003,1.1850005,53.264996,5.9980016,7.2,1
0.0,3.4450006,4.145002,0.112,0.63499993,6.334998,3.1790006,7.2,1
0.0,1.6350005,4.104998,13.442003,0.6050001,9.264997,3.3399994,7.2,1
0.0,2.24,1.03,12.392,0.0,0.0,5.532,7.2,1
0.0,1.7450005,3.0949993,18.305002,1.0649995,21.024998,6.1810017,7.2,1
0.0,3.1,1.07,10.608,0.48,5.09,3.422,7.2,1
0.0,1.13,1.13,29.242,1.03,6.97,5.989,7.2,1
0.0,1.2749999,0.55499995,7.603998,0.0,0.074999996,6.028002,7.2,1
0.0,0.79999995,0.77000004,2.247,0.03,0.074999996,3.036,7.2,1
0.0,1.9549999,1.3850005,7.517998,0.0,0.074999996,3.8149993,7.2,1
0.0,9.24,4.46,11.059,0.58,6.41,3.341,7.2,1
0.0,1.4550005,6.3849983,4.552998,0.94499993,4.7950015,3.4289994,7.2,1
0.0,0.5749999,1.8549994,4.7279983,0.32499993,1.1249995,3.1539993,7.2,1
0.0,2.1449993,9.565003,6.909002,0.0,0.0,3.3759995,7.2,1
0.0,0.5249999,1.965,3.8300006,0.33500007,1.6750005,2.9679992,7.2,1
0.0,0.14499998,0.074999996,0.711,0.5849999,0.39,5.91,7.2,1
0.0,0.0,1.3949995,0.20399992,0.81500006,0.0075,1.8249995,7.2,1
0.0,2.1550007,2.3149993,6.297002,0.074999996,0.074999996,5.8789983,7.2,1
0.0,1.1250005,3.6849992,19.529003,0.16500007,4.7750015,5.521002,7.2,1
0.0,1.5049995,1.6200002,4.6600018,0.074999996,0.014999997,5.7519984,7.2,1
0.0,1.1350005,2.1150007,6.2649984,0.0,0.0,2.9699993,7.2,1
0.0,2.7650006,2.9449992,0.6629999,0.074999996,0.0,5.689998,7.2,1
0.0,4.54,1.22,7.291,0.0,0.0,5.976,7.2,1
0.0,1.34,1.34,75.821,0.99,7.98,6.019,7.2,1
0.0,3.36,1.28,11.302,0.72,8.14,3.364,7.2,1
0.0,5.9249983,11.494997,5.482002,0.074999996,0.0,3.5560007,7.2,1
0.0,4.03,4.04,44.444,0.0,0.0,3.268,7.2,1
0.0,0.81500006,0.9649999,0.62899995,0.03,0.0,3.2230008,7.2,1
0.0,0.38499993,1.2450005,6.841998,0.6049999,3.7449994,6.0380015,7.2,1
0.0,3.45,7.37,128.707,0.0,0.0,5.65,7.2,1
0.0,2.5850008,2.7449994,1.5410005,0.074999996,0.0,3.1060007,7.2,1
0.0,3.7150006,2.1249993,3.5569994,0.24499993,0.51500005,2.9010007,7.2,1
0.0,2.42,0.97,12.873,0.0,0.0,5.319,7.2,1
0.0,1.6949999,1.7850006,12.017003,1.2350005,6.6350017,3.3829994,7.2,1
0.0,3.3149993,14.085003,10.270997,0.074999996,0.0,3.0720007,7.2,1
0.0,2.5449994,8.865003,14.397997,1.2950006,17.544996,5.723998,7.2,1
0.0,8.97,2.39,7.256,1.0,7.26,3.182,7.2,1
0.0,1.27,0.48499992,7.460998,0.0,0.074999996,6.0090017,7.2,1
0.0,13.21,2.95,9.913,0.0,0.0,3.36,7.2,1
0.0,2.3149993,8.405003,7.487002,0.21500006,2.0750008,3.2340007,7.2,1
0.0,4.18,1.21,3.739,0.0,0.0,3.116,7.2,1
0.0,0.39499992,0.7749999,4.0289984,0.5450001,2.6149993,5.9380016,7.2,1
0.0,8.63,2.01,6.392,0.0,0.0,3.196,7.2,1
0.0,0.45499992,1.8050005,6.155998,0.5950001,4.245002,5.844002,7.2,1
0.0,0.63500005,0.6649999,1.0499995,0.51,0.4650001,1.6600006,7.2,1
0.0,5.46,2.9,13.757,0.1,1.38,5.805,7.2,1
0.0,0.96499974,4.664998,6.0029984,0.94499993,5.2149982,5.768998,7.2,1
0.0,3.92,1.35,8.196,0.98,8.03,6.071,7.2,1
0.0,0.88499993,2.7350001,7.9399996,0.315,2.3250008,2.9899993,7.2,1
0.0,0.55499995,1.0250001,5.3049984,0.0,0.074999996,5.798002,7.2,1
0.0,6.1,2.81,6.126,0.91,5.57,3.078,7.2,1
0.0,0.95499986,1.1150005,2.2069993,0.074999996,0.0,6.0679984,7.2,1
0.0,0.61499995,1.9750001,5.9629984,0.37499994,1.7349994,3.0349994,7.2,1
0.0,1.7749995,1.9250005,2.4039993,0.074999996,0.074999996,5.775998,7.2,1
0.0,2.8650007,3.0249994,-0.22000006,0.7249999,6.894998,3.5710006,7.2,1
0.0,0.82,0.82,15.516,0.46,2.23,5.906,7.2,1
0.0,1.3249995,0.7749999,4.0430007,0.074999996,0.0,5.5939984,7.2,1
0.0,0.67499995,2.2950006,6.380998,0.074999996,0.014999997,2.9829993,7.2,1
0.0,1.2849995,1.5149995,1.3300005,0.86499995,1.9950005,1.8469995,7.2,1
0.0,0.66,0.67,15.402,0.0,0.0,5.956,7.2,1
0.0,1.9249995,0.74499995,6.5269985,0.9749999,6.015002,3.3759995,7.2,1
0.0,1.2250005,4.9650016,20.247004,0.074999996,0.074999996,4.5220017,7.2,1
0.0,0.32499993,0.50499994,2.4860008,0.0,0.074999996,6.0310016,7.2,1
0.0,4.55,0.95,5.574,0.38,2.12,5.93,7.2,1
0.0,2.91,2.92,61.213,0.0,0.0,3.31,7.2,1
0.0,2.7149994,10.995003,15.456997,0.98499995,14.074997,5.7519984,7.2,1
0.0,1.7850006,4.734998,10.404003,0.9049999,8.774997,6.052998,7.2,1
0.0,1.8049995,2.1249993,1.1610005,0.074999996,0.0,2.6450007,7.2,1
0.0,1.7449995,0.93499994,9.6360035,0.87499994,7.8450017,5.4110017,7.2,1
0.0,1.3249995,1.4850005,1.5950005,0.55499995,3.6150007,5.4109983,7.2,1
0.0,1.3949995,1.5450006,0.62499994,0.074999996,0.0,3.1410007,7.2,1
0.0,1.4249995,7.7350016,8.637003,0.0,0.0,5.7329984,7.2,1
0.0,1.0399996,0.5149999,6.400998,0.53499997,3.0549994,5.962002,7.2,1
0.0,0.56,0.68,32.002,0.94,3.13,5.939,7.2,1
0.0,1.5150006,6.0349984,2.8199992,0.074999996,0.074999996,1.8309995,7.2,1
0.0,0.88500005,4.5650015,5.5629983,1.015,5.2249985,5.7979984,7.2,1
0.0,2.0749993,9.225003,6.513002,0.0,0.0,3.2939994,7.2,1
0.0,1.9449997,1.3750005,6.2939982,0.9549999,5.6750016,3.2279994,7.2,1
0.0,2.6250007,2.0150003,8.715003,0.0,0.0,3.3309994,7.2,1
0.0,9.72,2.71,15.185,0.0,0.0,5.84,7.2,1
0.0,1.19,1.19,42.833,0.0,0.0,5.99,7.2,1
0.0,3.47,4.17,87.681,0.0,0.0,4.105,7.2,1
0.0,3.3350008,3.4949994,3.8239994,0.074999996,0.074999996,2.9930007,7.2,1
0.0,0.6450001,0.43499994,2.1450007,0.074999996,0.044999998,3.1579993,7.2,1
0.0,0.5849999,1.2649995,4.130998,0.28499994,0.80500007,3.2139993,7.2,1
0.0,2.4350007,1.2450005,6.853998,0.074999996,0.074999996,5.846998,7.2,1
0.0,0.19499993,0.33499992,1.4489995,0.39500007,0.79499996,5.9370017,7.2,1
0.0,2.01,2.01,43.636,0.0,0.0,3.299,7.2,1
0.0,2.2450006,1.6150005,7.0429983,0.37499994,2.2149994,3.1429994,7.2,1
0.0,1.0549995,1.2050005,1.6790005,0.4649999,2.4850006,5.736998,7.2,1
0.0,1.71,0.55,10.184,0.89,9.06,5.956,7.2,1
0.0,1.2949995,1.8200004,0.68399996,0.6649999,2.4950006,3.1090007,7.2,1
0.0,0.69500005,0.32499993,2.4620006,0.074999996,0.022499999,3.3699994,7.2,1
0.0,1.57,2.3,68.832,0.0,0.0,5.727,7.2,1
0.0,3.59,1.12,4.19,0.0,0.0,3.741,7.2,1
0.0,0.9150001,0.32499993,3.2490005,1.2250005,3.8949993,3.4329994,7.2,1
0.0,0.36499992,1.015,5.5679984,0.35999995,1.7650006,6.1430016,7.2,1
0.0,1.49,1.68,36.638,0.0,0.0,3.156,7.2,1
0.0,1.4850005,4.390001,14.247003,1.0650004,14.254997,3.3599994,7.2,1
0.0,2.9850006,3.1449993,4.434002,0.8549999,7.874998,3.2550006,7.2,1
0.0,2.4149992,7.7049985,11.017003,0.074999996,0.0,4.664998,7.2,1
0.0,0.87499994,3.2049994,18.666002,0.074999996,0.074999996,6.0630016,7.2,1
0.0,2.42,0.82,13.672,0.0,0.0,5.65,7.2,1
0.0,4.234998,2.1649992,6.887998,0.43499994,2.5774994,3.2570007,7.2,1
0.0,7.17,2.11,6.019,1.02,6.14,2.908,7.2,1
0.0,12.24,5.31,19.456,0.32,6.23,4.938,7.2,1
0.0,1.4050006,4.2950015,17.173002,0.0,0.074999996,4.6140018,7.2,1
0.0,2.19,2.24,52.062,0.0,0.0,2.911,7.2,1
0.0,5.14,2.01,11.553,1.23,14.21,5.748,7.2,1
0.0,1.0650004,2.1049993,12.252003,0.75500005,10.3049965,6.177002,7.2,1
0.0,0.63499993,1.7149994,5.879998,1.1750005,6.625002,3.4019992,7.2,1
0.0,2.18,2.18,30.059,0.28,1.97,3.229,7.2,1
0.0,4.665002,16.905003,15.105997,0.074999996,0.0,3.2000008,7.2,1
0.0,1.005,5.6349983,2.3280008,0.0,0.074999996,2.6589994,7.2,1
0.0,1.1249995,0.39499992,4.2929983,1.2150005,5.0550017,3.7149994,7.2,1
0.0,4.82,4.83,6.268,1.06,30.64,5.998,7.2,1
0.0,0.38,0.38,10.227,0.68,1.56,6.024,7.2,1
0.0,4.84,2.12,12.779,0.59,7.54,6.028,7.2,1
0.0,2.8149993,10.645003,8.959997,0.8450001,8.244997,3.1680007,7.2,1
0.0,3.0249994,11.725003,9.905997,0.68500006,7.5450015,3.2580006,7.2,1
0.0,5.49,1.95,11.225,0.0,0.0,5.786,7.2,1
0.0,12.31,4.34,14.212,0.92,13.08,3.275,7.2,1
0.0,2.1149993,4.044998,11.921997,0.22499993,1.8550005,5.7319984,7.2,1
0.0,7.7750015,28.575003,46.855995,0.074999996,0.0,5.999998,7.2,1
0.0,7.95,4.01,11.009,1.22,13.43,3.228,7.2,1
0.0,4.19,1.72,13.802,0.0,0.0,3.294,7.2,1
0.0,2.2350006,2.6450005,1.6620005,0.074999996,0.0,2.9920006,7.2,1
0.0,2.6249993,12.915003,14.729003,0.0,0.0,5.729998,7.2,1
0.0,14.16,3.76,13.816,0.0,0.0,3.754,7.2,1
0.0,1.3250005,2.9550006,9.956003,1.1449995,12.314997,3.3859994,7.2,1
0.0,1.2049994,1.3550005,0.516,1.2150005,4.2249985,2.8750007,7.2,1
0.0,3.61,3.62,78.759,0.0,0.0,3.097,7.2,1
0.0,2.7250006,1.1550006,6.208998,0.7749999,4.475002,5.948002,7.2,1
0.0,1.5350006,2.5849993,13.778003,0.074999996,0.0,5.6160016,7.2,1
0.0,0.26499993,0.37999994,1.8459995,0.0,0.074999996,6.0780015,7.2,1
0.0,1.4449995,0.8249999,2.7649994,0.074999996,0.074999996,3.7680006,7.2,1
0.0,1.0650004,2.4350007,8.080003,1.1449995,10.024997,3.3239994,7.2,1
0.0,0.55499995,1.9149995,4.0109982,0.0,0.074999996,2.9519994,7.2,1
0.0,1.2049994,0.48499992,3.7610006,0.0,0.0,3.0719993,7.2,1
0.0,0.53499997,1.4249995,4.5609984,0.074999996,0.074999996,3.1659994,7.2,1
0.0,2.4450006,0.93499994,4.8579984,1.3,6.145002,5.728998,7.2,1
0.0,3.56,1.07,6.493,0.83,5.39,6.125,7.2,1
0.0,0.9049999,2.3450007,6.7929983,0.074999996,0.0,3.2249994,7.2,1
0.0,1.4849994,0.56499994,3.8400006,0.074999996,0.0,2.5849993,7.2,1
0.0,2.29,0.71,7.97,0.0,0.0,3.48,7.2,1
0.0,0.43499994,1.6749995,4.341998,1.3,5.685002,3.1419992,7.2,1
0.0,3.48,1.53,20.786,0.0,0.0,5.973,7.2,1
0.0,1.0350002,3.0249994,17.629004,0.074999996,0.074999996,6.0970016,7.2,1
0.0,2.6149993,10.645003,14.008003,0.23499992,2.1750007,5.4689984,7.2,1
0.0,3.12,1.38,13.219,0.78,10.31,4.237,7.2,1
0.0,2.09,2.91,57.885,0.91,5.63,2.962,7.2,1
0.0,1.1049994,0.40499994,3.8520007,0.0,0.074999996,3.4029994,7.2,1
0.0,2.3050008,2.4749994,1.3470005,0.074999996,0.074999996,5.2919984,7.2,1
0.0,17.83,4.68,15.427,0.0,0.0,3.332,7.2,1
0.0,1.4,1.41,55.588,0.29,2.38,5.871,7.2,1
0.0,1.5349995,1.6850005,-0.28400007,0.33499992,1.1549995,2.8600006,7.2,1
0.0,0.27499995,0.55499995,2.7620006,0.0,0.074999996,5.9850016,7.2,1
0.0,4.37,1.35,4.778,0.68,3.25,3.539,7.2,1
0.0,0.08,0.12500007,0.30299994,0.59499997,0.114999995,2.7750006,7.2,1
0.0,1.3549994,0.7149999,7.8459983,1.0349995,8.864997,5.6140018,7.2,1
0.0,0.69500005,0.41499993,3.8320007,0.63499993,2.1150007,5.355002,7.2,1
0.0,1.58,1.58,51.377,0.19,1.11,3.697,7.2,1
0.0,0.5849999,2.7450006,5.6159983,0.32499993,1.3449994,2.9929993,7.2,1
0.0,1.1350005,3.7549994,21.637003,0.0,0.074999996,6.007002,7.2,1
0.0,0.7149999,2.5949993,15.009003,0.074999996,0.074999996,6.061002,7.2,1
0.0,7.36,3.13,15.661,0.37,5.79,5.02,7.2,1
0.0,0.74499995,3.7050006,11.891003,0.62500006,8.454997,5.514002,7.2,1
0.0,2.0250006,1.7150005,6.5829983,0.074999996,0.074999996,3.2449994,7.2,1
0.0,3.4450006,2.2749994,10.831003,0.7250001,8.794997,3.1729994,7.2,1
0.0,6.63,1.44,4.529,0.0,0.0,3.145,7.2,1
0.0,0.92,0.93,27.617,0.84,4.44,5.751,7.2,1
0.0,1.9750005,4.515002,26.245003,0.0075,0.0,6.0030017,7.2,1
0.0,0.7749999,3.3850007,9.648003,0.48500007,5.515002,3.6369994,7.2,1
0.0,1.6849995,0.74499995,5.123998,0.074999996,0.0,3.0289993,7.2,1
0.0,2.0050006,2.8450007,1.7870005,0.86499995,1.2749995,2.6420007,7.2,1
0.0,1.3649995,1.5150006,2.044,0.074999996,0.037499998,3.0070007,7.2,1
0.0,0.9250001,2.3649993,0.8259999,0.074999996,0.0,2.0710006,7.2,1
0.0,14.3,4.47,12.802,0.0,0.0,2.864,7.2,1
0.0,0.54999995,3.5650008,2.9080007,0.074999996,0.044999998,5.7219996,7.2,1
0.0,1.46,1.47,26.845,0.19,0.56,2.011,7.2,1
0.0,1.2250005,3.2549996,10.629004,0.26,2.8549993,3.4099994,7.2,1
0.0,2.0750008,2.2349994,2.8589993,0.074999996,0.0,3.2560008,7.2,1
0.0,4.13,4.14,216.892,0.0,0.0,5.995,7.2,1
0.0,2.81,0.8,2.62,0.0,0.0,3.316,7.2,1
0.0,3.6150007,18.345003,15.171997,1.1249995,18.194998,4.0159984,7.2,1
0.0,1.7150005,2.4550006,7.892998,0.0,0.074999996,3.2369993,7.2,1
0.0,0.92499995,2.4950006,6.4829984,0.6550001,4.8650017,3.2899992,7.2,1
0.0,0.68,3.34,4.1199985,0.074999996,0.0,5.8779993,7.2,1
0.0,0.53,0.54,13.739,0.0,0.0,3.14,7.2,1
0.0,0.61500007,0.5249999,3.7110007,1.3,4.8450017,5.5620017,7.2,1
0.0,1.8649995,2.025,3.6559994,0.074999996,0.06,4.2189984,7.2,1
0.0,7.89,2.11,4.64,0.0,0.0,2.937,7.2,1
0.0,1.9150006,6.124998,5.580002,0.19500008,1.4299996,2.9170008,7.2,1
0.0,0.030000001,0.01,0.14599998,0.65000004,0.0,3.535,7.2,1
0.0,2.6,0.77,15.77,0.63,9.94,6.065,7.2,1
0.0,0.29000002,0.19499993,1.8079995,0.0,0.0,5.9590015,7.2,1
0.0,1.3050005,1.2650006,3.3750007,1.2650006,4.185002,2.8799994,7.2,1
0.0,2.025,7.9049983,11.461999,0.27499995,2.2150006,5.794998,7.2,1
0.0,0.35499993,0.56499994,2.6950006,0.0,0.074999996,5.969002,7.2,1
0.0,2.0850008,23.364998,12.746997,0.0,0.0,5.7919984,7.2,1
0.0,0.61,0.61,35.275,0.27,0.96,5.833,7.2,1
0.0,11.41,2.42,14.703,0.21,3.09,6.076,7.2,1
0.0,0.51500005,0.8949999,0.088,0.074999996,0.0,5.9839983,7.2,1
0.0,0.15500008,0.31499994,-0.29300007,1.0450003,0.62500006,3.0510006,7.2,1
0.0,1.1949995,0.50499994,6.854998,1.0650004,6.935002,5.5320015,7.2,1
0.0,3.47,1.38,11.137,0.79,8.8,3.21,7.2,1
0.0,1.8549994,3.0350006,3.9989994,1.1850005,12.915003,5.9879985,7.2,1
0.0,1.1850005,2.6650007,8.545003,0.45500004,4.645002,3.2329993,7.2,1
0.0,3.02,3.02,117.262,0.24,4.43,6.108,7.2,1
0.0,2.84,2.87,66.972,1.28,11.72,3.225,7.2,1
0.0,9.08,2.56,11.167,0.21,2.35,5.447,7.2,1
0.0,3.27,1.36,19.832,0.0,0.0,6.065,7.2,1
0.0,2.8949993,14.994997,8.010001,0.0,0.0,2.8889992,7.2,1
0.0,2.5349994,9.555003,14.389001,0.074999996,0.0,5.7859983,7.2,1
0.0,0.6049999,2.9450006,6.2009983,0.0,0.074999996,3.4669993,7.2,1
0.0,7.83,3.53,6.493,0.0,0.0,3.137,7.2,1
0.0,1.7350005,2.7549994,14.389003,0.074999996,0.0,5.4920015,7.2,1
0.0,2.48,2.91,75.03,1.14,9.6,3.394,7.2,1
0.0,3.2549994,12.125003,19.399998,0.074999996,0.0,6.0019984,7.2,1
0.0,4.16,5.74,76.048,0.0,0.0,3.352,7.2,1
0.0,0.99499995,2.8149993,14.904003,0.074999996,0.074999996,5.5420017,7.2,1
0.0,1.0249995,0.55499995,3.5610006,1.2950006,4.515002,3.3799994,7.2,1
0.0,2.2750006,2.4199994,4.541002,1.1750005,14.415003,5.5289984,7.2,1
0.0,1.1249995,1.2850006,1.6330005,0.074999996,0.0,3.1320007,7.2,1
0.0,2.28,2.29,58.795,0.91,6.59,3.178,7.2,1
0.0,2.4650006,2.6149993,0.106,0.56499994,7.2849984,5.8399982,7.2,1
0.0,0.085,0.095,0.14799997,1.2750006,0.024999999,0.9250001,7.2,1
0.0,1.9349996,0.8249999,8.446003,0.074999996,0.0,4.3140016,7.2,1
0.0,2.9249992,11.725003,11.477997,0.074999996,0.0,3.9260006,7.2,1
0.0,0.64500004,0.31499994,3.8030007,0.0075,0.0,5.9510016,7.2,1
0.0,11.97,3.6,14.737,0.45,6.63,4.094,7.2,1
0.0,12.29,3.1,19.094,0.0,0.0,6.159,7.2,1
0.0,6.41,2.17,12.13,0.79,9.58,5.668,7.2,1
0.0,0.8949999,2.8150008,8.191003,0.0,0.0,3.1249993,7.2,1
0.0,1.2899996,0.9049999,8.204003,0.06,0.074999996,6.2080016,7.2,1
0.0,2.4450006,4.3849983,0.47899994,0.9049999,6.584998,3.1090007,7.2,1
0.0,0.5149999,1.4349995,2.4200006,0.074999996,0.0,1.9800005,7.2,1
0.0,0.36499992,0.79499996,4.308998,0.55500007,2.8349993,6.164002,7.2,1
0.0,3.68,1.15,17.279,0.64,11.06,4.695,7.2,1
0.0,7.25,3.1,7.729,0.0,0.0,2.62,7.2,1
0.0,3.03,3.03,58.529,0.81,9.69,3.946,7.2,1
0.0,2.035,4.2649984,13.238003,0.0,0.0,3.1429994,7.2,1
0.0,1.0700002,0.55499995,6.2609982,0.074999996,0.074999996,6.1670017,7.2,1
0.0,2.83,0.69,2.218,1.08,2.4,3.262,7.2,1
0.0,0.45499992,1.4949996,2.4000006,0.54499996,1.0849994,2.0869994,7.2,1
0.0,0.9949996,1.1450006,0.67099994,1.2550005,7.6149983,6.0149984,7.2,1
0.0,17.77,5.98,14.335,0.52,7.45,3.381,7.2,1
0.0,0.12500007,0.7849999,1.2280005,1.0649995,1.2349994,5.734999,7.2,1
0.0,0.39499992,5.145002,5.6359982,0.0,0.074999996,5.9630017,7.2,1
0.0,1.1149995,0.49499992,3.6120007,0.0,0.074999996,3.1729994,7.2,1
0.0,4.2249985,10.204997,2.6219993,0.074999996,0.0,3.5700006,7.2,1
0.0,1.5550005,3.3650007,10.401003,0.0,0.0,3.1199994,7.2,1
0.0,2.7449994,6.9249983,8.132997,0.074999996,0.0,2.9430006,7.2,1
0.0,1.6950005,4.7149982,12.146003,0.0,0.0,3.1609993,7.2,1
0.0,3.9349992,18.775003,13.002997,0.6050001,8.715003,3.2740006,7.2,1
0.0,2.0950007,0.8549999,6.8129983,1.2150005,7.9250016,3.2489994,7.2,1
0.0,0.7249999,2.5949993,8.360003,0.39999995,2.8999996,3.4219992,7.2,1
0.0,1.6700002,7.6749983,10.115999,0.49499995,4.4749985,6.083998,7.2,1
0.0,2.1150007,2.2649994,4.0900016,1.1250005,12.845003,5.5439982,7.2,1
0.0,1.8549994,2.0150003,0.7559999,0.074999996,0.0,3.4440007,7.2,1
0.0,3.14,3.14,39.954,0.45,4.68,3.315,7.2,1
0.0,6.03,3.12,6.179,0.0,0.0,2.942,7.2,1
0.0,3.5949993,14.365003,8.665997,0.33500007,3.4450006,2.3660007,7.2,1
0.0,1.2849995,0.9649999,1.3749995,0.074999996,0.0,0.9909996,7.2,1
0.0,4.544998,4.5549984,11.428997,1.2650006,32.925003,5.926998,7.2,1
0.0,1.8850005,3.5550008,4.518998,0.044999998,0.074999996,1.3440006,7.2,1
0.0,1.2349994,1.4350005,-0.0049999957,0.35499993,0.97499967,2.7850006,7.2,1
0.0,2.8,0.98,15.361,0.96,14.75,5.486,7.2,1
0.0,5.13,2.3,9.934,0.0,0.0,5.709,7.2,1
0.0,4.01,1.46,5.847,0.0,0.0,4.005,7.2,1
0.0,4.72,0.95,5.646,0.21,1.19,5.943,7.2,1
0.0,2.63,3.48,65.142,1.14,13.26,4.422,7.2,1
0.0,1.4550005,17.194998,2.8980007,1.0549995,3.2850006,2.2289994,7.2,1
0.0,0.22,0.23,5.73,0.96,0.68,3.209,7.2,1
0.0,1.2749995,0.7649999,4.0809984,0.074999996,0.0,3.1539993,7.2,1
0.0,1.1850001,5.5149984,3.7260008,0.0,0.074999996,3.3239994,7.2,1
0.0,0.21500006,0.37499994,-0.012999997,0.9649999,0.7750001,3.2180007,7.2,1
0.0,2.6350007,1.6050005,8.970003,0.074999996,0.0,3.4129994,7.2,1
0.0,4.874998,2.8749993,7.505001,0.50499994,3.225,2.9580007,7.2,1
0.0,0.19499993,0.41499993,1.8779994,0.0,0.074999996,5.993002,7.2,1
0.0,2.58,2.9,34.987,0.0,0.0,5.844,7.2,1
0.0,4.3850017,19.055002,25.814997,0.074999996,0.0,5.8969984,7.2,1
0.0,0.5149999,1.1250005,6.004998,0.074999996,0.074999996,5.8650017,7.2,1
0.0,1.7250005,3.0350006,9.5770035,0.0,0.0,3.1789994,7.2,1
0.0,2.1050007,14.724997,11.752003,0.0,0.0,5.3499985,7.2,1
0.0,1.1450006,1.3750005,14.924003,0.8949999,5.415002,6.164002,7.2,1
0.0,3.0250006,1.8250005,2.7849994,1.0850005,2.6650007,1.8329995,7.2,1
0.0,0.74,0.74,24.756,0.0,0.0,3.715,7.2,1
0.0,2.7050006,1.5750005,2.2249994,1.0650004,2.0550008,1.8969995,7.2,1
0.0,2.8950007,3.0449994,0.8129999,0.074999996,0.0,3.2030008,7.2,1
0.0,1.8849999,6.2849984,11.409997,0.074999996,0.029999997,5.8909984,7.2,1
0.0,1.4949995,1.6550006,-0.07100001,0.75499994,5.9349985,5.551998,7.2,1
0.0,0.545,0.24499993,3.1640007,0.0,0.0,5.8590016,7.2,1
0.0,2.6650007,2.6750007,7.7880015,1.005,15.205003,5.9219985,7.2,1
0.0,1.5050005,5.414998,14.160003,0.0,0.0,5.3870015,7.2,1
0.0,1.5749995,0.8249999,5.1849985,0.074999996,0.0,3.2629993,7.2,1
0.0,5.87,2.27,13.413,0.6,8.05,5.935,7.2,1
0.0,0.5149999,1.6550006,9.397003,0.074999996,0.074999996,6.1080017,7.2,1
0.0,2.0750008,2.3750002,2.4609993,0.074999996,0.0,2.8310006,7.2,1
0.0,0.61499995,2.1249993,5.5829983,0.81500006,2.4449992,5.006002,7.2,1
0.0,1.9950005,2.3049994,2.0030005,0.074999996,0.074999996,5.7639985,7.2,1
0.0,0.48500007,0.6549999,0.122,0.044999998,0.0,3.2520006,7.2,1
0.0,1.31,1.31,31.98,0.0,0.0,5.895,7.2,1
0.0,0.94499993,3.4249992,16.018003,0.0,0.074999996,4.8790016,7.2,1
0.0,0.6750001,0.8249999,0.9149999,0.40499994,0.69500005,3.0420008,7.2,1
0.0,2.9449992,7.1749983,17.554996,0.55500007,11.084997,6.0159984,7.2,1
0.0,2.2249994,7.294998,6.6500015,0.66499996,4.0199986,2.9830008,7.2,1
0.0,1.9549999,0.9649999,7.302998,0.26500008,2.5849993,3.7089994,7.2,1
0.0,2.3550007,2.5049994,6.6430016,0.074999996,0.074999996,5.3959985,7.2,1
0.0,1.1450006,3.8250008,11.744003,0.0,0.0,3.1369994,7.2,1
0.0,0.10500006,0.13000005,-0.023999996,0.9049999,0.40500006,3.1690006,7.2,1
0.0,1.4449995,0.49499992,1.4870005,0.45499992,0.4650001,3.2870007,7.2,1
0.0,8.33,3.2,19.114,0.35,6.69,5.973,7.2,1
0.0,0.73499995,1.0750005,5.169998,0.50500005,3.1149993,5.3200016,7.2,1
0.0,12.8,2.69,15.363,0.39,5.99,5.711,7.2,1
0.0,2.1749992,7.6949983,12.689999,0.79499996,9.174997,5.945998,7.2,1
0.0,2.0850008,3.5950007,1.2620006,0.074999996,0.0,2.8440006,7.2,1
0.0,0.48499995,8.615003,2.4280007,0.06500001,0.27500007,5.764002,7.2,1
0.0,1.3250005,2.6550007,9.147003,0.0,0.074999996,3.5949993,7.2,1
0.0,1.2049999,0.61499995,7.0949984,0.0,0.074999996,5.9520016,7.2,1
0.0,1.2050005,4.084998,2.4710007,0.074999996,0.074999996,2.1780007,7.2,1
0.0,1.4850005,3.7349994,22.111004,0.48499992,9.025003,6.1370015,7.2,1
0.0,1.0849994,1.2350005,1.2930006,0.044999998,0.0,4.8699985,7.2,1
0.0,0.49499992,0.99499995,5.011998,0.40500006,2.5149994,5.6040015,7.2,1
0.0,1.1649995,1.4550005,2.4059994,0.074999996,0.0,5.7319984,7.2,1
0.0,3.17,3.6,33.137,0.0,0.0,4.245,7.2,1
0.0,2.3050008,1.0350002,6.1289983,0.074999996,0.0,2.6819994,7.2,1
0.0,0.88500005,0.35499993,3.1040006,0.0,0.029999997,3.3859994,7.2,1
0.0,0.27000004,0.15499997,1.6549995,0.0,0.029999997,5.842002,7.2,1
0.0,0.70500004,0.86499995,0.53099996,0.074999996,0.0,5.780998,7.2,1
0.0,1.0749995,0.38499993,3.2350006,0.0,0.0,2.9529994,7.2,1
0.0,4.984998,5.064998,8.193997,0.47499993,6.4649982,3.1540008,7.2,1
0.0,1.7649995,1.9250005,1.1380005,0.074999996,0.0525,4.800998,7.2,1
0.0,2.7350006,1.3950006,4.2850018,0.074999996,0.0,3.1390007,7.2,1
0.0,0.17500001,0.37500006,1.0890006,0.5949999,0.515,5.261998,7.2,1
0.0,0.125,0.045,0.44000006,0.074999996,0.059999995,5.7370005,7.2,1
0.0,0.015000001,0.015000001,-0.39700007,0.0,0.0,2.8360007,7.2,1
0.0,0.34499994,1.1650006,3.9609995,0.73499995,2.7050006,3.7779994,7.2,1
0.0,0.63,0.58,1.6769996,0.03,0.014999997,2.9699993,7.2,1
0.0,2.4650006,1.9950005,1.9930005,0.79499996,1.3049995,2.7050006,7.2,1
0.0,1.9049995,2.0549996,-0.34900007,0.074999996,0.0,3.1690006,7.2,1
0.0,1.3450005,5.004998,3.9599996,0.0,0.074999996,3.2519994,7.2,1
0.0,0.505,2.5850008,1.1190004,1.3,1.2449995,2.0860007,7.2,1
0.0,0.9949996,0.69499993,6.427998,0.35499993,1.8950006,6.153002,7.2,1
0.0,2.2850006,0.79499996,2.7619994,0.074999996,0.0,3.7100008,7.2,1
0.0,0.67499995,2.2649994,8.204003,1.1849995,10.504997,5.9050016,7.2,1
0.0,1.88,0.68,10.914,0.0,0.0,5.805,7.2,1
0.0,1.1849995,0.8949999,7.302998,0.074999996,0.074999996,5.9310017,7.2,1
0.0,5.32,1.09,5.87,0.0,0.0,5.385,7.2,1
0.0,0.62499994,1.4149995,1.9260005,1.3,2.2050006,3.2900007,7.2,1
0.0,0.38000005,1.995,2.5770006,0.074999996,0.0,5.951998,7.2,1
0.0,1.6749995,0.81499994,4.4400015,0.074999996,0.074999996,5.9039984,7.2,1
0.0,1.6249995,0.7849999,5.216998,0.73499995,3.5649993,3.1879992,7.2,1
0.0,1.9750001,2.1349993,1.6310005,0.31499994,1.4849994,3.0990007,7.2,1
0.0,1.0350002,2.2250006,5.531998,0.0,0.0075,3.0259993,7.2,1
0.0,1.4349995,8.644997,4.5749984,0.0,0.0,3.1539993,7.2,1
0.0,1.0750005,3.3149993,13.310003,0.074999996,0.074999996,5.6750016,7.2,1
0.0,1.1850005,2.0649996,9.657003,0.074999996,0.0,4.9650016,7.2,1
0.0,1.2950006,3.5649993,18.685003,0.074999996,0.074999996,5.8120017,7.2,1
0.0,2.6750007,2.8249993,5.936002,0.0,0.074999996,5.3959985,7.2,1
0.0,1.0049995,1.1650006,2.026,0.074999996,0.0,6.063998,7.2,1
0.0,1.1349995,1.2950006,0.70399994,0.0,0.0,5.2739983,7.2,1
0.0,0.42499992,1.4350005,8.252003,0.80500007,7.4050016,6.198002,7.2,1
0.0,2.23,2.71,47.6,0.0,0.0,2.842,7.2,1
0.0,0.9749999,1.6950005,11.633003,0.81499994,2.8350008,4.4390016,7.2,1
0.0,0.79499996,1.4049995,4.564998,0.074999996,0.0,3.2309992,7.2,1
0.0,0.86499995,2.1949992,7.3759985,0.074999996,0.0,4.059001,7.2,1
0.0,1.3750005,4.125002,17.765003,0.35499993,4.9249983,5.7750015,7.2,1
0.0,0.6449999,2.7350006,5.465998,0.27500007,2.0150003,3.2409992,7.2,1
0.0,3.2349994,11.6950035,10.079997,0.34500006,4.260001,3.0910006,7.2,1
0.0,0.67499995,2.0050004,9.370003,0.074999996,0.074999996,5.697002,7.2,1
0.0,1.8550005,5.294998,5.550998,0.7749999,3.8650007,3.0860007,7.2,1
0.0,1.6849995,1.4350005,5.2389984,0.8449999,4.165002,3.0939994,7.2,1
0.0,8.715003,7.7950015,7.901002,0.074999996,0.074999996,2.6420007,7.2,1
0.0,2.3550007,2.9049993,1.2490005,0.074999996,0.0,3.5670006,7.2,1
0.0,0.73499995,1.0049995,3.8739994,0.074999996,0.0,5.6809983,7.2,1
0.0,1.9950005,0.9149999,2.7629993,0.074999996,0.0,3.1250007,7.2,1
0.0,0.93499994,3.2549994,14.377003,0.0,0.074999996,5.698002,7.2,1
0.0,1.4649994,11.174997,5.2939982,0.0,0.0,3.5609994,7.2,1
0.0,0.5749999,3.6250007,2.6290007,0.074999996,0.074999996,5.4830017,7.2,1
0.0,2.39,3.23,90.581,0.0,0.0,5.331,7.2,1
0.0,0.67499995,1.3550005,7.6259985,0.074999996,0.074999996,6.139002,7.2,1
0.0,0.8349999,2.2900002,6.617998,0.6049999,3.4750006,3.2469993,7.2,1
0.0,0.33499992,0.63500005,2.2100008,1.2050005,2.5200005,3.2929993,7.2,1
0.0,0.8249999,1.3349994,1.7380005,0.074999996,0.029999997,2.1420007,7.2,1
0.0,0.8549999,2.4850006,7.387998,0.455,3.5849993,2.9899993,7.2,1
0.0,1.7449995,2.2150006,3.3759995,1.3,8.915003,3.8440006,7.2,1
0.0,3.1650007,1.7150005,10.290003,0.074999996,0.0,3.2739992,7.2,1
0.0,0.81499994,1.7049994,5.6799984,0.074999996,0.0,3.3639994,7.2,1
0.0,9.4,1.97,11.449,0.0,0.0,5.812,7.2,1
0.0,2.4949994,5.6949983,11.495996,1.2150005,13.094997,4.643998,7.2,1
0.0,0.39500007,0.55499995,-0.19600007,0.48499992,1.0449995,5.747998,7.2,1
0.0,0.5749999,1.9150006,11.083003,0.074999996,0.074999996,6.139002,7.2,1
0.0,1.0850005,2.1850007,6.0009985,0.0,0.0,3.0829992,7.2,1
0.0,0.81000006,3.5150006,5.3000016,0.8549999,4.004998,5.9309983,7.2,1
0.0,0.53,0.53,13.52,0.67,1.18,3.311,7.2,1
0.0,5.29,2.69,5.654,0.58,3.28,3.141,7.2,1
0.0,3.88,1.84,11.074,0.0,0.0,6.018,7.2,1
0.0,12.77,4.16,25.604,0.12,3.07,6.17,7.2,1
0.0,0.61499995,1.7150005,9.542003,0.074999996,0.074999996,5.975002,7.2,1
0.0,0.8349999,2.4849994,11.872003,1.2049994,15.364997,5.9890018,7.2,1
0.0,2.1150007,1.2050005,13.1950035,0.4650001,7.245002,6.1340017,7.2,1
0.0,0.415,1.1749995,1.3910004,0.0525,0.0,3.3569996,7.2,1
0.0,0.30500007,0.4649999,-0.25200006,0.585,0.5850001,3.1380007,7.2,1
0.0,4.6,1.49,4.502,0.0,0.0,3.042,7.2,1
0.0,1.4250005,4.1549983,4.0819983,0.0,0.074999996,3.1539993,7.2,1
0.0,3.4950006,2.035,11.675003,1.1149995,14.0549965,3.3659992,7.2,1
0.0,2.5250006,1.1150005,7.3389983,0.074999996,0.0,2.9269993,7.2,1
0.0,2.84,2.84,72.021,0.0,0.0,3.107,7.2,1
0.0,11.99,3.54,14.856,0.0,0.0,5.67,7.2,1
0.0,1.7949995,1.9450005,3.2769992,0.36499992,3.2549994,5.788998,7.2,1
0.0,7.2,2.21,7.183,0.42,3.02,3.265,7.2,1
0.0,1.5450006,2.7749994,15.906003,0.33499992,4.084998,5.994002,7.2,1
0.0,2.2350006,15.264997,13.494003,1.2500005,16.105001,5.7989984,7.2,1
0.0,1.4050006,2.9450006,6.301998,0.0,0.074999996,2.9869993,7.2,1
0.0,0.78,0.78,19.259,0.0,0.0,3.279,7.2,1
0.0,2.0549996,5.414998,10.750003,0.49499992,4.4749985,5.3919983,7.2,1
0.0,0.48499992,1.3850005,7.949,0.48499992,3.3649993,6.2000017,7.2,1
0.0,1.6049994,0.8449999,5.6549983,0.014999997,0.0,3.4859993,7.2,1
0.0,1.7550005,3.4149992,17.832003,0.5149999,7.955002,5.8510017,7.2,1
0.0,0.7249999,3.0850008,2.0780008,0.074999996,0.0,3.3869994,7.2,1
0.0,1.13,1.13,47.878,0.0,0.0,5.865,7.2,1
0.0,1.4550003,4.2049985,8.736997,0.9549999,7.6950016,6.0679984,7.2,1
0.0,4.29,0.9,2.987,0.65,1.94,3.356,7.2,1
0.0,1.7349994,0.5949999,1.7040005,0.074999996,0.0,3.0580006,7.2,1
0.0,0.49499992,1.2849995,4.2529984,0.074999996,0.074999996,3.2809994,7.2,1
0.0,2.23,0.79,11.927,1.1,13.12,5.348,7.2,1
0.0,1.4950005,5.914998,4.631002,0.0,0.0,3.2829993,7.2,1
0.0,0.8450001,2.5550008,5.224002,0.54499996,2.3450007,5.5219984,7.2,1
0.0,1.1950005,2.3249993,13.6690035,1.3,17.944998,6.1830015,7.2,1
0.0,2.9250007,1.2150005,3.7649994,0.55499995,1.6949995,3.1620007,7.2,1
0.0,4.2950015,20.495003,25.869997,0.074999996,0.0,6.037998,7.2,1
0.0,9.67,4.06,58.939,0.0,0.0,6.095,7.2,1
0.0,3.6849992,14.025003,11.756997,0.0075,0.0,3.1610007,7.2,1
0.0,4.02,4.6,63.545,0.0,0.0,3.034,7.2,1
0.0,1.2349994,1.3850005,4.015,0.56499994,3.8250008,5.993998,7.2,1
0.0,2.3849993,6.4049983,7.1830015,0.074999996,0.0,3.0020006,7.2,1
0.0,0.96499974,2.2650006,6.4110017,0.074999996,0.0,6.0169983,7.2,1
0.0,5.59,2.59,8.412,1.09,9.17,3.325,7.2,1
0.0,0.67499995,2.035,9.022003,0.074999996,0.074999996,5.3640018,7.2,1
0.0,1.29,1.29,31.465,0.48,3.77,6.086,7.2,1
0.0,0.62499994,1.2150005,6.8369985,0.074999996,0.074999996,6.138002,7.2,1
0.0,2.09,0.58,12.993,1.02,13.25,6.217,7.2,1
0.0,0.87499994,3.6749992,4.202998,0.8450001,4.015,3.1749992,7.2,1
0.0,1.7849995,1.9350005,0.081,0.074999996,0.0,3.1310008,7.2,1
0.0,1.1850005,3.3749993,19.330004,0.074999996,0.074999996,5.955002,7.2,1
0.0,8.39,3.16,9.951,1.08,10.75,3.149,7.2,1
0.0,0.15500005,0.7250001,0.57799995,1.1950005,0.50500005,2.5150006,7.2,1
0.0,4.04,4.04,127.184,0.65,8.59,3.273,7.2,1
0.0,3.09,1.03,7.971,1.08,8.61,2.58,7.2,1
0.0,7.5,2.1,45.038,0.31,13.96,6.005,7.2,1
0.0,0.92499995,3.0149994,13.346003,0.36499992,3.8150008,5.1020017,7.2,1
0.0,1.4849994,1.6350005,-0.34500006,0.074999996,0.0,5.8069983,7.2,1
0.0,2.0450006,1.0950005,6.5829983,0.074999996,0.0,3.2159994,7.2,1
0.0,17.8,3.92,15.85,1.06,16.8,4.427,7.2,1
0.0,3.5849993,13.625003,21.272997,0.074999996,0.0,5.9639983,7.2,1
0.0,1.1850005,5.435002,9.340003,0.14500007,2.1449993,3.0929992,7.2,1
0.0,4.69,0.98,2.963,0.9,2.67,3.055,7.2,1
0.0,0.38,0.39,9.159,1.02,1.28,3.292,7.2,1
0.0,0.7850001,0.94499993,0.85099995,0.074999996,0.0,2.1940007,7.2,1
0.0,1.1050005,4.5200014,14.514003,0.044999998,0.074999996,3.6599994,7.2,1
0.0,1.19,2.85,31.506,0.26,0.95,3.087,7.2,1
0.0,2.7549994,9.005003,14.061997,1.3,18.254997,5.143998,7.2,1
0.0,1.2649995,5.9449983,8.028,0.88499993,6.3649983,5.859998,7.2,1
0.0,6.3,1.51,9.151,0.85,7.78,6.101,7.2,1
0.0,1.1849995,1.3450005,1.6310005,0.24499993,0.63500005,3.2430007,7.2,1
0.0,1.55,2.8,39.225,0.0,0.0,2.643,7.2,1
0.0,0.37499994,1.1950005,3.6590006,1.0250001,3.4900005,3.4389994,7.2,1
0.0,3.3150008,17.994997,9.677997,0.18500006,2.4250007,2.7580006,7.2,1
0.0,1.81,0.49,10.16,0.83,8.43,5.613,7.2,1
0.0,0.67999995,0.635,3.2979996,0.93999994,2.9349992,5.080002,7.2,1
0.0,1.7649995,0.61499995,5.690998,0.74499995,3.9349992,3.2089994,7.2,1
0.0,2.84,0.71,4.159,0.0,0.0,5.941,7.2,1
0.0,1.7250005,6.854998,5.2460017,0.0,0.0,3.0590007,7.2,1
0.0,2.5750008,1.6550006,9.765003,0.35500008,4.3050017,3.7879994,7.2,1
0.0,1.1149995,0.7249999,3.8720007,0.9149999,3.3949993,3.3919992,7.2,1
0.0,1.33,1.35,49.114,0.0,0.0,6.147,7.2,1
0.0,2.5049994,11.665003,13.369003,0.0,0.0,5.4579983,7.2,1
0.0,0.5849999,1.6749995,5.524998,0.074999996,0.074999996,3.2929993,7.2,1
0.0,2.4050007,2.5549994,-0.13600007,0.39499992,4.6549983,5.8909984,7.2,1
0.0,1.51,1.59,30.033,1.13,10.15,5.946,7.2,1
0.0,2.0050006,0.6649999,2.0020006,0.074999996,0.0,3.1910007,7.2,1
0.0,0.50499994,1.1749995,3.7700007,0.074999996,0.029999997,3.1509993,7.2,1
0.0,0.69,0.69,17.959,1.19,4.99,6.077,7.2,1
0.0,0.94000006,0.6649999,5.813998,0.074999996,0.044999998,5.9640017,7.2,1
0.0,0.5850001,0.25499994,1.965,0.074999996,0.074999996,3.1659994,7.2,1
0.0,2.3250008,2.4749994,5.704002,0.074999996,0.074999996,6.0349984,7.2,1
0.0,1.1350005,2.5250006,2.4209993,0.074999996,0.0,2.1380007,7.2,1
0.0,1.7149994,1.0450003,10.401003,0.0,0.074999996,5.928002,7.2,1
0.0,1.1150005,3.1250007,3.2040007,0.0,0.074999996,3.2279994,7.2,1
0.0,0.20499992,1.0949997,0.99399954,0.074999996,0.074999996,4.5290017,7.2,1
0.0,0.49500006,0.585,1.4230006,0.074999996,0.0,5.8789983,7.2,1
0.0,1.5650005,4.0949984,8.833998,0.8549999,6.935002,5.8239985,7.2,1
0.0,0.55,0.56,16.105,0.43,0.78,3.285,7.2,1
0.0,0.6649999,1.7549995,1.894,0.7649999,1.2349994,3.1350007,7.2,1
0.0,9.75,4.1,24.521,0.38,9.32,5.995,7.2,1
0.0,0.49499992,1.4250005,7.208998,0.074999996,0.074999996,5.552002,7.2,1
0.0,1.3949995,0.67499995,8.481003,1.1549995,10.594997,5.895002,7.2,1
0.0,10.64,2.19,9.281,0.0,0.0,4.238,7.2,1
0.0,2.0350006,1.015,4.947998,1.2250005,5.855002,2.4559994,7.2,1
0.0,0.335,0.17499995,2.0320008,0.41499993,0.79499996,6.0950017,7.2,1
0.0,0.9549999,2.4649994,10.156003,0.074999996,0.029999997,4.356002,7.2,1
0.0,2.7149994,10.265003,10.182002,0.39500007,4.7799993,3.7990007,7.2,1
0.0,0.7850001,3.9999998,5.0669985,0.074999996,0.0,5.9039984,7.2,1
0.0,2.1850007,0.81499994,5.9289985,0.8249999,4.5750017,2.7319994,7.2,1
0.0,2.1350007,2.2849994,1.6230005,0.074999996,0.074999996,6.0109982,7.2,1
0.0,3.0350006,3.9150007,4.1290016,0.7649999,7.0349984,3.2370007,7.2,1
0.0,2.0650008,2.5349994,0.69499993,0.074999996,0.0,3.5490007,7.2,1
0.0,2.88,0.73,17.59,0.0,0.0,6.108,7.2,1
0.0,2.3449993,5.584998,7.421002,1.1750005,8.154997,3.1610007,7.2,1
0.0,2.8949993,7.2049985,8.639997,0.074999996,0.0,2.9620006,7.2,1
0.0,0.94499993,5.5749984,1.6009995,0.0,0.074999996,2.0010004,7.2,1
0.0,2.84,3.17,47.3,0.35,5.78,5.813,7.2,1
0.0,2.5150006,0.99499995,4.8119984,0.20499992,0.56500006,5.294998,7.2,1
0.0,2.09,0.67,12.765,1.18,15.06,6.108,7.2,1
0.0,1.0349995,1.1950005,-0.45000005,0.0075,0.044999998,5.821998,7.2,1
0.0,0.41499993,0.92499995,2.7310007,0.044999998,0.074999996,3.4149992,7.2,1
0.0,1.1400002,3.6050007,6.6410017,0.6449999,3.6650007,5.8399982,7.2,1
0.0,6.515002,26.225002,35.158005,0.074999996,0.074999996,5.3959985,7.2,1
0.0,1.1150005,6.8849983,4.6789985,1.1449995,5.7249985,4.646002,7.2,1
0.0,1.7350005,5.274998,8.716003,0.6449999,4.9349985,5.2209983,7.2,1
0.0,3.2849994,6.914998,10.411997,0.074999996,0.0,3.1450007,7.2,1
0.0,2.4450006,2.5949993,1.6950005,0.074999996,0.074999996,5.7739983,7.2,1
0.0,2.0650008,1.6750005,6.689998,1.0650004,6.7750015,3.2359993,7.2,1
0.0,2.29,3.03,59.958,0.0,0.0,2.749,7.2,1
0.0,2.47,1.04,12.893,0.68,8.77,5.22,7.2,1
0.0,1.1050003,4.2049985,6.291001,0.074999996,0.06,5.8319983,7.2,1
0.0,2.48,2.61,55.837,0.0,0.0,5.407,7.2,1
0.0,2.5549994,8.115003,7.7930017,1.3,9.564997,3.0370007,7.2,1
0.0,3.75,3.76,38.76,1.1,12.37,2.999,7.2,1
0.0,2.1150007,1.1350005,6.3629985,1.015,6.125002,3.0149994,7.2,1
0.0,1.0950005,2.3550007,5.8629985,0.88500005,5.7750015,3.0289993,7.2,1
0.0,6.54,1.99,11.92,0.0,0.0,5.99,7.2,1
0.0,1.53,1.53,29.738,0.86,4.31,3.275,7.2,1
0.0,0.62499994,4.124998,0.7160001,0.0,0.074999996,1.5130005,7.2,1
0.0,0.44499993,1.4050006,7.5809984,0.84,6.2750015,5.8310018,7.2,1
0.0,1.8749995,1.1050005,11.602003,0.98499995,10.704997,6.0630016,7.2,1
0.0,2.64,0.94,15.968,0.0,0.0,6.048,7.2,1
0.0,1.8749995,2.025,0.31799993,1.005,5.374998,2.9290006,7.2,1
0.0,5.25,1.61,9.573,0.0,0.0,5.946,7.2,1
0.0,2.69,0.79,9.643,0.0,0.0,3.585,7.2,1
0.0,1.1650006,3.3550007,9.934003,0.31500006,3.9749994,3.2519994,7.2,1
0.0,6.48,2.27,8.037,0.0,0.0,3.637,7.2,1
0.0,0.81499994,3.6349993,13.458003,0.074999996,0.074999996,5.7140017,7.2,1
0.0,2.7149994,5.9949985,16.049997,0.074999996,0.044999998,5.9759984,7.2,1
0.0,2.5549994,8.025003,6.895002,0.0,0.0,2.6750007,7.2,1
0.0,1.5550005,2.9750006,6.6149983,0.13500006,1.3249995,2.2679994,7.2,1
0.0,5.37,1.95,8.141,0.56,4.56,4.175,7.2,1
0.0,1.7449995,0.7649999,3.8039994,0.074999996,0.074999996,5.328998,7.2,1
0.0,1.2549995,0.88499993,4.1879983,1.2750006,5.1950016,3.2799993,7.2,1
0.0,0.37499994,1.1650006,6.393998,0.074999996,0.074999996,6.0650015,7.2,1
0.0,8.13,1.96,11.462,0.0,0.0,5.848,7.2,1
0.0,7.9950023,4.935002,7.020002,0.074999996,0.074999996,1.9920003,7.2,1
0.0,2.4850006,0.9749999,3.0319993,0.9149999,2.4050007,3.2110007,7.2,1
0.0,5.63,1.89,7.008,0.68,4.77,3.768,7.2,1
0.0,0.9150001,0.5249999,2.7589993,0.5849999,1.4450005,5.8889985,7.2,1
0.0,2.3550007,1.5850005,1.7750006,0.074999996,0.0,1.6959995,7.2,1
0.0,0.61,0.62,19.584,0.0,0.0,5.867,7.2,1
0.0,3.2149994,9.525003,18.501997,0.074999996,0.0,5.7929983,7.2,1
0.0,1.3149995,2.5450003,1.8590006,0.074999996,0.074999996,5.9949985,7.2,1
0.0,0.21500006,0.86499995,0.033,0.059999995,0.0,1.9419997,7.2,1
0.0,1.4549994,0.7849999,4.802998,1.1850005,5.4850016,3.2629993,7.2,1
0.0,1.8549994,2.0050004,0.38599992,0.074999996,0.0,3.1600006,7.2,1
0.0,3.9050007,2.5249994,12.138003,0.80500007,10.824997,3.1439993,7.2,1
0.0,11.45,3.11,18.877,0.57,10.76,6.07,7.2,1
0.0,2.0750008,2.5249994,0.7979999,0.8349999,5.1149983,3.0990007,7.2,1
0.0,2.3149993,7.9950023,12.399003,0.074999996,0.0,5.493998,7.2,1
0.0,2.6949992,11.145003,7.8450017,0.0,0.0,2.8910007,7.2,1
0.0,2.83,1.26,16.271,0.16,2.6,5.749,7.2,1
0.0,2.0650008,2.2649994,0.68999994,0.98499995,6.1749983,3.1330006,7.2,1
0.0,1.44,1.45,22.646,0.47,3.99,5.897,7.2,1
0.0,0.024999999,0.17499995,-0.41400006,1.0349995,0.5350001,5.5550017,7.2,1
0.0,2.03,2.03,34.201,0.45,2.81,3.077,7.2,1
0.0,0.47500008,0.56,1.4510006,0.80499995,2.2650006,5.749998,7.2,1
0.0,2.3250008,1.4750005,11.659003,0.0,0.074999996,4.9640017,7.2,1
0.0,0.5450001,2.0849993,-0.25600007,0.86499995,2.0850008,4.340998,7.2,1
0.0,3.28,3.29,66.543,0.0,0.0,5.059,7.2,1
0.0,1.8849995,2.9150007,1.1820005,0.45499992,2.2950006,3.1100006,7.2,1
0.0,1.9549999,1.0550004,5.9769983,0.074999996,0.0,3.0559993,7.2,1
0.0,5.94,1.27,4.909,0.0,0.0,3.865,7.2,1
0.0,3.58,1.43,15.532,0.25,3.88,4.339,7.2,1
0.0,4.3,1.65,8.391,0.0,0.0,6.037,7.2,1
0.0,1.1750005,2.4149992,14.075003,0.6650001,10.544997,6.1480017,7.2,1
0.0,0.8350001,0.98499995,0.13599999,0.074999996,0.0,2.7890007,7.2,1
0.0,3.3849993,14.705003,20.229998,0.53499997,9.344997,6.0139985,7.2,1
0.0,1.5449995,1.2550005,9.017003,0.074999996,0.074999996,5.6870017,7.2,1
0.0,1.8349994,9.864997,5.5099983,0.0,0.0,2.9989994,7.2,1
0.0,2.0150003,2.2049994,18.371002,0.074999996,0.0,3.0619993,7.2,1
0.0,2.4049993,3.3349993,20.363003,0.044999994,0.9649999,3.2509995,7.2,1
0.0,1.2199996,3.3250008,7.7620015,0.074999996,0.074999996,5.9299984,7.2,1
0.0,1.9350005,3.8150008,7.6989985,1.0049995,8.474997,2.5669994,7.2,1
0.0,1.61,1.62,75.738,0.0,0.0,5.839,7.2,1
0.0,2.4450006,3.3949993,0.5899999,0.074999996,0.0,6.012998,7.2,1
0.0,0.69499993,2.1950006,6.518998,0.074999996,0.044999998,3.3069994,7.2,1
0.0,2.5749993,9.865003,13.923997,1.1950005,15.584997,5.4649982,7.2,1
0.0,1.1949995,1.3550005,-0.12100006,0.074999996,0.0,5.859998,7.2,1
0.0,3.06,3.06,74.104,0.0,0.0,3.269,7.2,1
0.0,2.5050006,2.6549993,3.3619993,0.074999996,0.074999996,4.8459983,7.2,1
0.0,2.6650007,2.0150003,5.0700016,0.074999996,0.074999996,4.9699984,7.2,1
0.0,2.94,1.28,9.522,0.0,0.0,3.239,7.2,1
0.0,2.3650007,13.084997,13.941003,0.0,0.0,5.6689982,7.2,1
0.0,10.77,4.03,16.681,0.0,0.0,5.752,7.2,1
0.0,1.5250006,4.104998,4.6919985,0.655,2.8800004,3.2580004,7.2,1
0.0,1.5349995,1.8549994,1.1440005,0.53499997,2.1950006,2.9910007,7.2,1
0.0,0.55499995,2.0550008,5.256998,0.074999996,0.074999996,2.9729993,7.2,1
0.0,1.3450005,6.4949985,3.6340008,0.0,0.0,2.9949994,7.2,1
0.0,16.63,4.16,13.871,0.0,0.0,3.334,7.2,1
0.0,2.17,2.18,47.884,0.0,0.0,2.938,7.2,1
0.0,2.035,5.1549983,11.946999,0.074999996,0.074999996,5.9969983,7.2,1
0.0,2.1250007,2.3349993,2.2689993,0.074999996,0.0,2.8010006,7.2,1
0.0,2.2649994,6.044998,8.832997,0.074999996,0.067499995,3.9240007,7.2,1
0.0,1.49,1.5,54.09,1.06,9.54,6.04,7.2,1
0.0,0.32499993,0.32499993,4.2659984,0.114999995,0.27499995,6.099002,7.2,1
0.0,0.69500005,0.28499994,2.4910007,0.0525,0.0,3.4069993,7.2,1
0.0,1.8450005,4.084998,5.547002,0.074999996,0.0,3.0170007,7.2,1
0.0,2.78,1.1,16.115,0.0,0.0,5.797,7.2,1
0.0,0.80499995,0.27499995,4.3889985,0.0075,0.0,5.949002,7.2,1
0.0,0.84,0.85,21.18,0.0,0.0,5.754,7.2,1
0.0,1.9549999,0.98499995,6.030998,1.005,5.7550015,3.0829992,7.2,1
0.0,13.65,3.55,21.045,0.0,0.0,5.928,7.2,1
0.0,1.4049995,1.5550005,2.2349994,0.074999996,0.074999996,5.6859984,7.2,1
0.0,1.9049995,1.0450003,11.857003,0.41500008,5.9250016,6.1010017,7.2,1
0.0,13.82,3.95,11.477,0.52,5.97,3.467,7.2,1
0.0,1.8550005,6.814998,5.368002,0.5400001,3.2549994,2.8990006,7.2,1
0.0,1.4149995,0.61499995,3.1529994,0.074999996,0.074999996,5.7329984,7.2,1
0.0,0.95,0.96,28.019,0.44,2.46,5.897,7.2,1
0.0,0.7150001,0.86499995,1.5360005,1.0350002,4.4349985,5.8769984,7.2,1
0.0,1.5549995,0.62499994,3.2549994,0.074999996,0.074999996,5.813998,7.2,1
0.0,1.7950006,3.8150008,10.143997,0.074999996,0.074999996,5.7789984,7.2,1
0.0,0.8500001,2.8650007,5.337002,0.7649999,3.5550008,5.7069983,7.2,1
0.0,5.124998,5.375002,10.358997,0.074999996,0.074999996,5.847998,7.2,1
0.0,2.2350006,2.4049993,3.7649994,0.074999996,0.074999996,4.1719985,7.2,1
0.0,1.64,1.64,83.497,0.0,0.0,5.957,7.2,1
0.0,4.14,1.47,4.188,0.58,2.43,2.97,7.2,1
0.0,1.02,3.86,22.567,0.0,0.0,5.846,7.2,1
0.0,4.29,4.3,194.261,0.62,16.18,6.083,7.2,1
0.0,0.33500004,0.21499993,2.1990006,0.33499992,0.6649999,6.059002,7.2,1
0.0,0.0,1.555,0.098,0.0,0.0,2.2250006,7.2,1
0.0,30.48,10.62,62.09,0.0,0.0,5.885,7.2,1
0.0,0.20000003,0.67999995,0.803,0.115000054,0.10500003,3.376,7.2,1
0.0,0.9749999,2.0050004,11.130003,0.074999996,0.074999996,5.9110017,7.2,1
0.0,0.8449999,2.3450007,6.859998,0.074999996,0.0,3.2859993,7.2,1
0.0,5.99,1.23,4.267,1.18,5.04,3.498,7.2,1
0.0,0.4649999,1.4950005,8.618003,0.54499996,4.165002,6.197002,7.2,1
0.0,1.6549995,0.7749999,2.3329992,0.9749999,1.9549999,3.1970007,7.2,1
0.0,2.85,1.16,16.303,1.2,19.56,5.72,7.2,1
0.0,2.4,2.41,125.719,0.0,0.0,5.384,7.2,1
0.0,1.5250006,2.1850007,6.9299984,0.0,0.074999996,3.1749992,7.2,1
0.0,3.58,1.47,8.633,0.0,0.0,5.873,7.2,1
0.0,0.115,0.16499999,0.26800004,0.074999996,0.074999996,2.2060003,7.2,1
0.0,1.0250001,0.50499994,5.958998,0.074999996,0.074999996,6.0490017,7.2,1
0.0,0.40500006,0.39499992,1.4719995,1.1150005,1.5349995,3.2979994,7.2,1
0.0,0.61500007,0.4649999,3.9709992,0.9549999,3.5899997,5.9390016,7.2,1
0.0,16.78,3.8,23.473,0.0,0.0,6.193,7.2,1
0.0,3.26,3.26,95.339,0.0,0.0,5.532,7.2,1
0.0,1.2349994,0.5149999,4.1519985,0.6449999,2.4849994,3.3019993,7.2,1
0.0,2.84,2.84,78.525,0.33,5.54,5.907,7.2,1
0.0,3.05,1.39,12.947,0.0,0.0,4.245,7.2,1
0.0,12.51,3.42,9.575,0.0,0.0,3.268,7.2,1
0.0,4.22,1.07,3.435,0.14,0.48,3.21,7.2,1
0.0,3.0649993,12.635003,18.305998,0.0,0.0,6.0219984,7.2,1
0.0,3.18,3.18,46.289,1.05,10.5,3.145,7.2,1
0.0,1.9149995,1.1850005,9.347003,0.0,0.074999996,4.810002,7.2,1
0.0,1.1849995,1.3150003,2.7359993,1.3,7.774998,4.8309984,7.2,1
0.0,2.38,2.91,78.312,0.98,7.92,3.394,7.2,1
0.0,0.5749999,0.96499974,1.6370006,0.50499994,0.74499995,3.0490007,7.2,1
0.0,0.085,0.0175,0.26799995,0.074999996,0.0,4.749998,7.2,1
0.0,7.22,1.88,10.417,0.0,0.0,5.571,7.2,1
0.0,0.69499993,2.7550006,7.157998,0.074999996,0.074999996,3.1789994,7.2,1
0.0,2.99,1.16,9.831,0.0,0.0,3.288,7.2,1
0.0,4.504998,4.665002,2.5989993,0.37499994,7.9850025,5.7939982,7.2,1
0.0,0.79499996,4.7049985,3.7030008,0.074999996,0.074999996,5.322002,7.2,1
0.0,1.31,1.39,19.166,0.45,1.68,2.842,7.2,1
0.0,0.80499995,1.1950005,6.4309983,1.0749999,7.165002,5.936002,7.2,1
0.0,2.28,2.28,70.476,0.97,7.34,3.317,7.2,1
0.0,2.9149992,15.155003,31.405003,0.0,0.0,3.3269994,7.2,1
0.0,22.02,4.74,22.778,0.93,21.18,4.805,7.2,1
0.0,2.1950006,11.395003,7.118002,0.86500007,6.6950016,3.1779993,7.2,1
0.0,5.254998,3.0049994,7.883002,0.074999996,0.0,3.4110007,7.2,1
0.0,3.6649992,16.505003,20.840998,1.1449995,25.404997,5.708998,7.2,1
0.0,8.1,2.67,8.704,0.0,0.0,3.496,7.2,1
0.0,3.0649993,8.205003,10.161997,0.074999996,0.0,3.2990007,7.2,1
0.0,0.87499994,2.5949993,10.203003,0.074999996,0.074999996,4.1540017,7.2,1
0.0,0.8449999,2.2850006,2.3890004,1.0850005,2.3950007,3.1060007,7.2,1
0.0,1.08,1.09,18.48,0.0,0.0,6.145,7.2,1
0.0,2.6850007,1.2250005,3.6599994,0.074999996,0.0,3.0420008,7.2,1
0.0,0.22499993,0.6649999,3.1590006,0.0,0.074999996,5.5560017,7.2,1
0.0,0.45499992,1.3249995,4.0089984,0.074999996,0.074999996,2.9919994,7.2,1
0.0,1.2249994,2.6049993,-0.40800008,0.015,0.0,3.2530007,7.2,1
0.0,3.3950007,3.5449994,3.9579992,0.41499993,3.6250007,3.0620008,7.2,1
0.0,1.8749995,2.0449998,2.9079993,1.1350005,10.9450035,5.2539983,7.2,1
0.0,2.7850006,1.6650006,12.666003,0.115000054,2.4949994,4.5300016,7.2,1
0.0,0.69499993,2.9449992,13.268003,0.0,0.074999996,5.777002,7.2,1
0.0,1.23,1.23,19.145,0.0,0.0,3.31,7.2,1
0.0,8.14,2.85,7.198,0.0,0.0,3.317,7.2,1
0.0,2.2150006,1.0550004,5.2289996,0.074999996,0.0,5.3309984,7.2,1
0.0,1.8349994,1.2750006,5.5279984,0.5849999,2.9349992,3.0089993,7.2,1
0.0,3.9,1.89,11.482,0.0,0.0,6.075,7.2,1
0.0,0.115,0.14,0.38400003,0.73499995,0.34499994,3.1999998,7.2,1
0.0,1.4450005,3.8750007,2.8219995,1.0450003,2.6150007,1.9519998,7.2,1
0.0,12.96,2.84,15.788,0.0,0.0,5.579,7.2,1
0.0,0.74500006,0.31499994,2.6600006,0.037499998,0.0,3.4099994,7.2,1
0.0,2.0350006,1.0450003,5.6269984,0.074999996,0.074999996,5.802998,7.2,1
0.0,11.2,2.96,9.32,0.0,0.0,3.159,7.2,1
0.0,0.87,2.61,24.052,0.0,0.0,2.944,7.2,1
0.0,2.7649994,7.354998,8.951997,0.7849999,6.2249985,3.2250006,7.2,1
0.0,0.7249999,3.8050008,7.7189984,0.0,0.074999996,3.6339993,7.2,1
0.0,2.0450006,2.6450007,2.7919993,0.074999996,0.0,2.8530006,7.2,1
0.0,1.5300002,5.2449985,8.946997,0.86499995,7.085002,5.8399982,7.2,1
0.0,0.9949996,1.1550006,1.3370005,0.074999996,0.0,3.1910007,7.2,1
0.0,0.18000002,0.42500007,0.77299994,1.1350005,0.6650001,3.2490005,7.2,1
0.0,0.37,0.96499974,1.3210006,1.005,1.0849994,3.2930007,7.2,1
0.0,2.0050006,2.1649992,-0.42000008,1.0250001,6.3849983,3.1940007,7.2,1
0.0,0.62499994,2.0700002,6.644998,0.79499996,4.915002,3.2749994,7.2,1
0.0,1.75,1.75,25.823,0.59,6.43,6.227,7.2,1
0.0,0.26499993,0.9049999,3.9080007,0.56500006,2.6249993,5.8470016,7.2,1
0.0,0.037499998,0.01,0.127,0.76,0.0,5.245001,7.2,1
0.0,2.02,2.02,65.381,0.52,6.24,5.942,7.2,1
0.0,1.5850005,2.7549994,15.832003,0.32499993,3.9050007,6.0100017,7.2,1
0.0,0.39500007,0.54499996,-0.23500007,0.69499993,1.6749995,5.9439983,7.2,1
0.0,1.5649995,1.7250005,1.2750006,0.6449999,5.6149983,6.0099983,7.2,1
0.0,0.5249999,1.6449995,5.3059983,0.30499995,1.1649995,3.2029994,7.2,1
0.0,0.18000005,0.16499996,0.6610001,0.044999998,0.015,3.1419992,7.2,1
0.0,0.9250001,1.0750005,2.7069993,0.074999996,0.0,5.7639985,7.2,1
0.0,0.38,0.38,17.596,0.51,1.14,5.887,7.2,1
0.0,3.93,4.59,104.917,0.42,5.03,3.048,7.2,1
0.0,0.63499993,1.7449995,5.3069983,1.1750003,6.1550016,3.2599993,7.2,1
0.0,1.8449994,1.2050005,6.268998,1.2450005,7.495002,3.3789992,7.2,1
0.0,0.68499994,2.0550008,5.537998,0.074999996,0.0,3.1589994,7.2,1
0.0,0.33499992,0.8349999,4.3719983,0.0,0.074999996,5.9260015,7.2,1
0.0,2.94,5.81,74.079,0.0,0.0,5.681,7.2,1
0.0,1.1049994,0.8549999,3.7860007,0.45499992,1.4549999,3.3469994,7.2,1
0.0,2.5649993,6.254998,9.125997,0.8549999,7.1350017,3.5600007,7.2,1
0.0,3.9450002,6.2449985,1.7710005,0.074999996,0.0,2.9730008,7.2,1
0.0,2.0849993,8.685003,6.006002,0.0,0.0,2.8760006,7.2,1
0.0,0.5249999,1.0950005,5.9649982,0.98499995,5.5750017,6.0550017,7.2,1
0.0,0.97499967,2.8250008,6.3910017,0.074999996,0.0,5.939998,7.2,1
0.0,12.34,3.86,19.081,0.9,17.17,4.943,7.2,1
0.0,2.0450006,14.674997,6.2410016,0.09500004,0.97499967,2.9829993,7.2,1
0.0,0.9849996,0.36499992,3.4080007,0.33,1.2100004,3.3609993,7.2,1
0.0,8.035003,9.805003,8.609997,0.074999996,0.074999996,4.1999984,7.2,1
0.0,3.7250006,1.7750006,5.5315013,0.074999996,0.037499998,3.1670008,7.2,1
0.0,3.74,1.04,6.175,1.1,6.79,5.938,7.2,1
0.0,0.47500008,2.9549994,-0.27400008,0.074999996,0.0,2.9890006,7.2,1
0.0,1.9650005,8.335003,9.388003,0.62500006,6.544998,5.0820017,7.2,1
0.0,0.5949999,2.2649994,10.480003,0.32500002,3.6649992,5.7800016,7.2,1
0.0,1.9550005,8.875003,11.187003,0.0,0.0,5.914998,7.2,1
0.0,2.6950006,1.2050005,3.5379994,0.074999996,0.0,3.0170007,7.2,1
0.0,0.19499993,0.28499997,1.3549994,0.015,0.074999996,6.033002,7.2,1
0.0,0.36,0.18499994,2.1780007,1.3,2.8700006,5.8520017,7.2,1
0.0,1.8350005,6.524998,10.410003,1.2050005,11.904997,5.873998,7.2,1
0.0,2.2350006,1.3550005,13.484003,0.0,0.074999996,5.9450016,7.2,1
0.0,1.6750005,2.6849992,15.673003,0.074999996,0.0,6.1090016,7.2,1
0.0,1.87,1.88,56.531,0.0,0.0,6.078,7.2,1
0.0,4.55,1.2,3.926,0.31,1.22,3.272,7.2,1
0.0,2.9250007,27.755003,11.9780035,0.0,0.0,3.9430003,7.2,1
0.0,2.0050006,2.5650008,2.5539994,0.5149999,2.5950007,2.8430007,7.2,1
0.0,0.7649999,1.4549994,2.4320006,0.074999996,0.074999996,2.0180001,7.2,1
0.0,1.48,1.49,45.358,0.99,4.82,3.288,7.2,1
0.0,0.93,0.93,37.43,0.0,0.0,5.905,7.2,1
0.0,0.43499994,1.2250005,4.7659984,0.074999996,0.074999996,4.5570016,7.2,1
0.0,1.8250005,4.0149984,5.8780017,0.074999996,0.0,3.2410007,7.2,1
0.0,2.5350006,3.6450007,2.0449998,0.19499993,1.1549995,3.8380008,7.2,1
0.0,1.1450001,0.61499995,6.742998,0.13,0.9649999,6.1090016,7.2,1
0.0,1.8049995,0.98499995,1.7460005,0.074999996,0.0,2.7570007,7.2,1
0.0,2.69,0.82,4.876,0.0,0.0,6.02,7.2,1
0.0,1.4449995,0.8549999,5.6069984,0.0,0.0,3.8129992,7.2,1
0.0,1.3849995,1.5450006,-0.24600008,0.074999996,0.0,5.7979984,7.2,1
0.0,1.0449995,5.0549984,6.478998,0.074999996,0.0,5.7769985,7.2,1
0.0,0.5249999,1.9800004,6.4239984,0.4649999,2.4850004,3.8319993,7.2,1
0.0,1.8250005,5.734998,6.5640016,0.022499999,0.0,3.7829993,7.2,1
0.0,4.08,1.93,6.965,0.0,0.0,3.609,7.2,1
0.0,0.08,0.0325,0.39100003,0.23499992,0.065,6.680001,7.2,1
0.0,4.12,0.93,4.929,0.13,0.64,5.3,7.2,1
0.0,0.25499994,0.61499995,3.0690007,0.76500005,2.7149994,5.8970017,7.2,1
0.0,1.8149995,2.555,0.7849999,0.7749999,4.234998,3.1860006,7.2,1
0.0,0.645,0.23499992,3.6350007,0.0,0.0,5.9640017,7.2,1
0.0,1.2949995,0.6649999,8.140003,1.1050005,8.534997,6.0710015,7.2,1
0.0,0.66,0.38499993,3.9430003,0.73499995,2.7249994,5.8980017,7.2,1
0.0,0.5749999,1.1050005,5.906998,0.074999996,0.074999996,5.9980016,7.2,1
0.0,0.82,1.59,15.671,0.17,0.39,2.827,7.2,1
0.0,1.12,1.12,57.264,0.0,0.0,5.823,7.2,1
0.0,0.39499992,1.3050005,4.011998,0.62499994,2.1750007,3.4249992,7.2,1
0.0,2.1750007,2.9049993,0.59799993,0.074999996,0.0,5.4639983,7.2,1
0.0,5.67,1.15,6.84,0.86,5.88,5.948,7.2,1
0.0,1.2749995,1.4350005,-0.18100008,0.75499994,2.8050008,3.0580006,7.2,1
0.0,1.96,0.77,10.61,0.0,0.0,5.413,7.2,1
0.0,2.94,1.18,16.225,0.0,0.0,5.519,7.2,1
0.0,1.2549995,0.50499994,2.4150007,0.074999996,0.0,1.9470005,7.2,1
0.0,0.044999998,0.01,0.121,0.074999996,0.0,4.6750016,7.2,1
0.0,1.9,1.9,81.354,0.0,0.0,5.912,7.2,1
0.0,0.37500006,0.21499993,1.3979995,0.074999996,0.0,3.3479993,7.2,1
0.0,1.0,1.0,28.047,0.85,4.99,5.87,7.2,1
0.0,0.33499992,0.81499994,2.3530006,0.0,0.074999996,3.4009993,7.2,1
0.0,0.91,0.92,14.753,0.0,0.0,3.278,7.2,1
0.0,1.5149995,8.584997,9.664003,0.0,0.0,6.0499983,7.2,1
0.0,1.6449995,1.7950006,-0.35100007,0.5949999,5.4749985,6.1329985,7.2,1
0.0,3.7449994,16.655003,20.101997,1.2249994,26.114998,5.381998,7.2,1
0.0,0.565,2.3949993,1.8529994,0.074999996,0.0,3.3989992,7.2,1
0.0,1.7850006,1.8750005,9.999003,0.6549999,2.9149992,2.9339993,7.2,1
0.0,1.1950005,3.0849993,11.566003,0.074999996,0.0,3.9419994,7.2,1
0.0,2.4549994,5.9949985,9.315997,0.074999996,0.074999996,3.8080006,7.2,1
0.0,2.9150007,3.3349993,1.6880006,0.074999996,0.0,3.1430006,7.2,1
0.0,1.8049995,10.855003,5.869002,1.1849995,7.375002,3.1569993,7.2,1
0.0,4.12,1.19,3.832,0.0,0.0,3.22,7.2,1
0.0,2.0650008,1.6050005,6.1819983,0.0,0.074999996,2.9989994,7.2,1
0.0,3.3850007,3.5349994,4.7660017,0.074999996,0.074999996,3.0520008,7.2,1
0.0,6.76,3.13,14.066,0.47,6.61,4.508,7.2,1
0.0,1.1350005,1.6150005,10.874003,0.074999996,0.074999996,1.7790005,7.2,1
0.0,2.1350007,1.2550005,2.9329994,0.074999996,0.0075,3.6860006,7.2,1
0.0,3.3049994,3.3449993,23.268003,0.074999996,0.074999996,3.2899992,7.2,1
0.0,2.1350007,2.2949994,2.3139994,0.074999996,0.0,3.2580006,7.2,1
0.0,0.40499994,2.1499994,1.6699995,0.0,0.074999996,2.3709993,7.2,1
0.0,3.0450006,3.2049994,-0.40200007,0.30499995,3.4350007,4.8199983,7.2,1
0.0,3.0249994,13.854997,6.303002,0.10500006,1.0449995,2.0660005,7.2,1
0.0,6.79,2.16,10.735,0.0,0.0,4.993,7.2,1
0.0,0.0,0.01,-0.22700006,0.62500006,0.17500007,6.0580015,7.2,1
0.0,0.029999997,0.04,0.13499999,0.074999996,0.029999997,2.5749993,7.2,1
0.0,3.0849993,12.515003,9.544997,0.0,0.0,3.0710006,7.2,1
0.0,2.3950007,2.7349994,0.9929999,1.1450006,7.914998,2.9490006,7.2,1
0.0,1.6549995,1.1850005,8.133003,0.0525,0.074999996,4.8200016,7.2,1
0.0,2.0449998,8.235003,6.349002,1.1949995,8.044998,3.1100006,7.2,1
0.0,2.29,0.69,7.408,0.38,2.82,3.235,7.2,1
0.0,2.22,2.92,39.71,0.39,2.71,3.125,7.2,1
0.0,2.5449994,8.985003,7.5030017,0.08500002,1.1149995,2.9320006,7.2,1
0.0,1.9049995,14.074997,6.205001,0.31500006,2.3350008,3.1939993,7.2,1
0.0,0.8350001,0.98499995,1.1970005,1.1050005,5.4549985,5.820998,7.2,1
0.0,0.62499994,2.3049994,9.564003,0.33500007,4.025,5.8470016,7.2,1
0.0,1.3749995,1.6149995,3.3249993,1.1350005,8.805003,5.703998,7.2,1
0.0,0.8450001,1.005,1.1300005,0.19499993,0.33500007,3.6090007,7.2,1
0.0,0.20499992,0.41999996,1.0489994,1.1150005,1.2450005,3.1969993,7.2,1
0.0,2.73,0.84,11.481,0.0,0.0,4.205,7.2,1
0.0,3.7750006,5.1749983,8.918997,0.074999996,0.074999996,5.9829984,7.2,1
0.0,3.81,1.71,10.346,0.0,0.0,6.05,7.2,1
0.0,1.2450005,3.0350006,3.6200006,0.0,0.074999996,3.2329993,7.2,1
0.0,5.5350018,11.995003,32.787003,0.074999996,0.0,5.9439983,7.2,1
0.0,2.3549993,9.1950035,14.187997,0.31499994,3.3150008,6.1149983,7.2,1
0.0,2.2650006,1.5250006,14.179003,0.69499993,8.914997,6.166002,7.2,1
0.0,0.45500004,32.214996,0.97299993,0.7250001,0.6450001,1.6189995,7.2,1
0.0,0.034999996,0.044999994,0.13599999,0.49500006,0.29500008,5.7949986,7.2,1
0.0,2.3550007,2.6649992,1.2440006,0.074999996,0.074999996,5.2739983,7.2,1
0.0,1.1849995,1.3450005,-0.38400006,0.074999996,0.0,3.3010006,7.2,1
0.0,0.19500004,0.17499995,0.7200001,0.0,0.022499999,3.3879993,7.2,1
0.0,0.85,0.85,19.619,0.9,4.44,5.801,7.2,1
0.0,1.5849994,1.8650005,2.3249993,0.074999996,0.0,3.1040006,7.2,1
0.0,3.0149994,12.135003,9.152997,0.0,0.0,3.0130007,7.2,1
0.0,1.1650003,4.234998,6.5880017,0.074999996,0.074999996,5.7399983,7.2,1
0.0,4.89,1.85,5.366,0.0,0.0,3.156,7.2,1
0.0,0.56499994,0.62000006,3.0170007,0.074999996,0.0,2.8889992,7.2,1
0.0,2.7149994,7.484998,8.8969965,0.20499992,1.0749995,3.2670007,7.2,1
0.0,4.484998,2.8149993,4.051001,0.074999996,0.0,3.0810006,7.2,1
0.0,7.17,2.16,7.839,0.0,0.0,3.629,7.2,1
0.0,14.66,3.87,11.837,0.0,0.0,3.059,7.2,1
0.0,2.68,0.82,8.218,0.46,3.78,3.066,7.2,1
0.0,2.4349992,12.245003,14.692003,0.10500006,2.5850008,6.1819983,7.2,1
0.0,2.8049994,3.1549993,18.852003,0.69500005,6.015002,2.9009993,7.2,1
0.0,0.6550001,1.4350005,0.23499992,0.074999996,0.0,1.5059994,7.2,1
0.0,0.79,2.58,21.937,0.0,0.0,4.471,7.2,1
0.0,3.07,3.37,95.6,0.0,0.0,3.722,7.2,1
0.0,1.3150005,2.8649993,16.594004,0.074999996,0.074999996,6.159002,7.2,1
0.0,1.2049994,0.6649999,6.6689982,0.074999996,0.0,5.344002,7.2,1
0.0,3.65,6.3,45.087,0.0,0.0,4.748,7.2,1
0.0,0.2850001,0.975,2.2419994,0.074999996,0.0,5.9439983,7.2,1
0.0,0.7250001,0.32499993,1.6689994,0.33499992,0.37500006,2.2549994,7.2,1
0.0,1.58,1.58,67.004,0.59,5.64,6.055,7.2,1
0.0,2.4450006,1.8950006,7.162998,0.074999996,0.074999996,2.9469993,7.2,1
0.0,4.34,1.61,9.468,0.0,0.0,5.881,7.2,1
0.0,2.83,3.56,72.235,0.88,14.42,5.792,7.2,1
0.0,0.8449999,2.8350008,6.5229983,0.074999996,0.074999996,3.2619994,7.2,1
0.0,2.0250006,0.98499995,6.3709984,0.074999996,0.0,3.1449993,7.2,1
0.0,0.97499996,0.4649999,5.604998,0.94499993,5.015002,5.9920015,7.2,1
0.0,1.8649995,1.0250001,1.2190006,0.27499995,0.15500008,1.6849995,7.2,1
0.0,18.72,3.88,23.396,0.41,9.59,6.03,7.2,1
0.0,2.2149994,6.164998,6.6410017,0.0,0.0,2.9930007,7.2,1
0.0,2.2649994,7.734998,6.5190015,0.6449999,3.5950007,2.8670006,7.2,1
0.0,1.5850002,7.6949987,9.240002,0.14499998,1.1349995,5.828998,7.2,1
0.0,0.80500007,0.9549999,0.23499992,0.074999996,0.0,5.5479984,7.2,1
0.0,1.9950005,0.8349999,6.723998,0.074999996,0.0,3.3599994,7.2,1
0.0,0.9949996,1.1450006,1.2210006,0.074999996,0.0,5.788998,7.2,1
0.0,0.19000003,0.9749999,1.266,0.074999996,0.015,5.74,7.2,1
0.0,2.2149994,3.3349993,15.582003,0.30499995,3.6749992,4.8780017,7.2,1
0.0,6.28,3.4,8.348,1.15,9.6,3.614,7.2,1
0.0,2.6450007,1.6750005,15.902003,0.0075,0.074999996,5.949002,7.2,1
0.0,3.0,0.98,9.966,0.7,6.98,3.322,7.2,1
0.0,3.2150006,16.114998,10.886997,0.0,0.0,3.2110007,7.2,1
0.0,1.5649997,0.6049999,9.585003,0.935,9.834997,6.0750017,7.2,1
0.0,1.1000004,1.1250005,9.995003,0.87499994,2.5149994,3.0039992,7.2,1
0.0,1.5949994,0.41499993,1.1480005,0.67499995,0.56500006,3.0810006,7.2,1
0.0,8.14,1.77,5.637,0.0,0.0,3.203,7.2,1
0.0,1.1449995,1.3050005,1.5220006,0.36999997,2.2950006,5.6339984,7.2,1
0.0,0.19499993,0.37499994,1.5499995,0.0,0.074999996,5.4920015,7.2,1
0.0,3.0050006,3.1649992,3.5929992,0.8349999,7.1749983,3.0240006,7.2,1
0.0,3.4949994,12.175003,20.652996,0.074999996,0.0,5.9419985,7.2,1
0.0,2.0450006,0.79499996,6.1069984,0.37499994,1.8049997,2.9909992,7.2,1
0.0,1.9750001,0.9549999,7.360998,0.074999996,0.0,3.7019994,7.2,1
0.0,3.36,0.86,19.657,1.15,22.61,5.85,7.2,1
0.0,2.7549994,6.6149983,15.867997,1.0350002,15.234997,5.8179984,7.2,1
0.0,0.74,0.7099999,2.8370006,0.745,2.2399998,4.0099998,7.2,1
0.0,0.44499993,1.3450005,5.0679984,0.75500005,4.3450017,4.2230015,7.2,1
0.0,1.7,0.6,10.046,0.0,0.0,5.909,7.2,1
0.0,1.7049994,1.8550005,2.6699994,0.074999996,0.044999998,3.3740005,7.2,1
0.0,1.5450006,1.7849995,8.713003,0.029999997,0.074999996,5.9029984,7.2,1
0.0,0.0,0.01,0.113,0.074999996,0.0,3.8299997,7.2,1
0.0,2.8649993,15.83,11.356997,0.9250001,11.354997,4.0590005,7.2,1
0.0,1.61,0.52,9.734,0.0,0.0,6.046,7.2,1
0.0,1.6849995,2.3849993,-0.09300003,1.2850006,11.295003,5.262998,7.2,1
0.0,0.99499995,4.874998,1.7539995,0.0,0.074999996,2.0629995,7.2,1
0.0,0.22499993,0.41,1.1879995,1.1550006,1.4350005,3.1549993,7.2,1
0.0,1.1350005,4.9249983,2.7790008,0.0,0.074999996,2.7669992,7.2,1
0.0,4.17,1.1,3.475,1.28,4.45,3.159,7.2,1
0.0,0.35500008,4.435002,-0.026999995,1.1150005,0.81500006,1.9039994,7.2,1
0.0,0.46,1.27,23.115,1.25,3.0,5.213,7.2,1
0.0,0.88000005,0.54499996,5.3529983,1.1250005,5.7750015,6.040002,7.2,1
0.0,0.0,1.1150005,0.006000004,0.24500006,0.0,2.9249992,7.2,1
0.0,0.95499986,1.1150005,0.6369999,0.27499995,1.1149995,5.7079983,7.2,1
0.0,0.61499995,0.8450001,2.8610008,1.075,3.1849992,3.3009994,7.2,1
0.0,2.0850008,2.2349994,0.111,0.074999996,0.0,3.2350006,7.2,1
0.0,1.9149995,2.0849993,3.3539994,0.074999996,0.074999996,5.8399982,7.2,1
0.0,2.56,0.74,15.728,0.0,0.0,6.144,7.2,1
0.0,2.5549994,8.355003,8.3309965,0.0,0.0,3.2540007,7.2,1
0.0,2.3750007,2.5249994,0.85099995,0.074999996,0.0,5.734998,7.2,1
0.0,0.53499997,0.95,3.1310008,0.074999996,0.074999996,3.2489994,7.2,1
0.0,1.62,0.41,9.877,0.72,7.11,6.097,7.2,1
0.0,2.0350006,0.9749999,6.295998,0.53499997,3.0049994,3.0939994,7.2,1
0.0,3.56,3.56,84.475,0.0,0.0,6.145,7.2,1
0.0,3.6449993,13.495003,12.001997,0.074999996,0.0,3.2660007,7.2,1
0.0,0.73,0.73,36.908,0.53,2.3,5.956,7.2,1
0.0,0.5949999,1.0549995,1.7890005,1.3,2.0650008,3.2210007,7.2,1
0.0,0.6449999,2.1149993,11.943003,0.074999996,0.074999996,5.9660015,7.2,1
0.0,4.9649982,6.484998,11.194997,0.18499994,3.3049994,5.743998,7.2,1
0.0,2.5049994,10.095003,14.652003,0.074999996,0.0,5.984998,7.2,1
0.0,1.21,1.22,20.67,0.13,0.49,3.096,7.2,1
0.0,0.34999996,0.74500006,1.1390005,0.074999996,0.0,3.2500007,7.2,1
0.0,13.134997,12.985003,25.407997,0.37499994,23.424997,5.8839984,7.2,1
0.0,2.0150003,9.465003,6.5300016,1.0649995,7.435002,3.4019992,7.2,1
0.0,0.97499967,0.6549999,5.749998,0.074999996,0.0,5.6230016,7.2,1
0.0,0.89,0.89,43.536,1.16,6.25,6.056,7.2,1
0.0,5.05,1.27,7.752,0.75,5.81,6.104,7.2,1
0.0,2.3750007,0.86499995,4.426998,1.3,5.705002,5.848998,7.2,1
0.0,1.4950005,6.8049984,4.3699985,0.6450001,3.2749994,3.2049994,7.2,1
0.0,2.0350006,0.7749999,2.2869992,0.37499994,0.5850001,3.1310008,7.2,1
0.0,1.03,1.03,40.493,0.83,5.21,6.098,7.2,1
0.0,1.0100001,1.0550004,7.1799984,1.3,4.0550013,3.3759995,7.2,1
0.0,4.9649982,4.9749985,5.2480016,0.86499995,12.915003,3.1860006,7.2,1
0.0,1.4950005,2.5149994,14.4190035,0.22499996,2.5350006,6.040002,7.2,1
0.0,1.28,1.28,40.432,0.0,0.0,3.245,7.2,1
0.0,1.0549995,0.6049999,1.7460005,0.074999996,0.074999996,3.0780008,7.2,1
0.0,5.41,1.22,6.987,0.0,0.0,5.774,7.2,1
0.0,3.2,3.21,62.547,1.29,13.86,3.358,7.2,1
0.0,1.3450005,2.7950006,3.9090006,1.1450006,4.295001,3.1399999,7.2,1
0.0,0.935,1.1150005,0.57799995,0.074999996,0.0,5.978998,7.2,1
0.0,2.46,2.46,56.056,0.0,0.0,6.091,7.2,1
0.0,3.32,3.32,130.194,0.0,0.0,6.114,7.2,1
0.0,2.1949992,7.004998,12.559003,0.074999996,0.0,5.8839984,7.2,1
0.0,2.21,4.13,80.013,0.31,2.54,3.709,7.2,1
0.0,10.48,3.12,9.932,1.2,11.92,3.214,7.2,1
0.0,1.9150006,7.6949983,8.166003,0.0075,0.0,4.554002,7.2,1
0.0,0.50499994,1.7150005,9.583003,0.55499995,4.7150016,5.9640017,7.2,1
0.0,2.0650008,0.93499994,7.275998,0.074999996,0.0,3.5099993,7.2,1
0.0,6.61,1.96,10.872,0.39,4.24,5.547,7.2,1
0.0,5.88,3.1,8.468,0.0,0.0,3.619,7.2,1
0.0,1.9049995,2.0749993,0.88899994,0.074999996,0.0,2.8540006,7.2,1
0.0,1.0250001,2.1649992,12.110003,0.074999996,0.074999996,5.9050016,7.2,1
0.0,1.2749995,9.034997,3.7970006,0.08500002,0.5450001,2.9429994,7.2,1
0.0,1.5149995,1.6650006,1.9350005,0.074999996,0.074999996,3.2700007,7.2,1
0.0,0.6550001,0.43499994,1.6339995,0.25499994,0.23500007,2.4159994,7.2,1
0.0,0.62499994,1.9549999,6.3239985,0.074999996,0.074999996,3.2429993,7.2,1
0.0,3.86,4.65,83.296,0.8,9.72,3.147,7.2,1
0.0,2.2750006,2.4249992,0.34699994,0.074999996,0.0,3.5560007,7.2,1
0.0,7.27,1.66,6.165,0.0,0.0,3.714,7.2,1
0.0,1.7049994,1.8550005,1.8750005,0.074999996,0.074999996,4.7789984,7.2,1
0.0,0.115000054,0.12500007,0.516,1.0450003,0.97499967,5.6409984,7.2,1
0.0,0.9799997,3.2450006,6.3060017,0.98499995,5.5949984,5.9159985,7.2,1
0.0,1.03,1.04,11.581,0.33,1.11,3.259,7.2,1
0.0,4.78,1.26,7.589,0.84,6.37,6.071,7.2,1
0.0,1.2199998,0.43499994,7.243998,0.074999996,0.074999996,5.9300017,7.2,1
0.0,1.6350005,6.294998,4.824002,0.0,0.0,2.9690006,7.2,1
0.0,2.2250006,14.134997,13.178003,0.0,0.0,5.6869984,7.2,1
0.0,7.13,3.22,10.67,0.0,0.0,3.324,7.2,1
0.0,0.5249999,0.94000006,3.0340006,0.074999996,0.074999996,3.1839993,7.2,1
0.0,0.18499994,0.39499992,0.9150001,0.80499995,0.79499996,3.1689994,7.2,1
0.0,0.69,0.69,30.11,0.0,0.0,5.809,7.2,1
0.0,1.2650006,4.234998,6.923002,0.37499994,1.9750001,5.6799984,7.2,1
0.0,3.78,0.99,11.348,0.27,3.06,3.002,7.2,1
0.0,1.55,5.29,32.384,0.0,0.0,6.122,7.2,1
0.0,2.7849994,6.7049985,16.066998,0.074999996,0.0,5.8259983,7.2,1
0.0,2.67,4.15,89.901,0.48,4.59,3.582,7.2,1
0.0,3.6149993,12.185003,22.155996,0.935,22.374996,6.162998,7.2,1
0.0,8.49,3.31,10.773,0.72,7.76,3.903,7.2,1
0.0,0.605,0.5949999,2.4460006,0.029999997,0.022499999,4.1410017,7.2,1
0.0,2.7349994,7.0149984,8.812997,0.074999996,0.0,3.2100008,7.2,1
0.0,6.79,3.31,12.146,0.0,0.0,3.881,7.2,1
0.0,1.1750005,1.8949995,9.839003,1.2249994,12.964997,5.133002,7.2,1
0.0,0.97499967,1.1350005,1.3500005,0.44499993,2.2050006,5.780998,7.2,1
0.0,0.8249999,15.784997,2.2250006,0.0,0.0,3.1419992,7.2,1
0.0,0.19499993,0.13000005,1.0709999,0.80999994,0.86999995,6.078001,7.2,1
0.0,3.66,1.11,11.926,0.0,0.0,3.258,7.2,1
0.0,0.34500006,0.21499993,1.3369994,0.33499992,0.29500008,3.4369993,7.2,1
0.0,2.59,0.8,4.915,0.0,0.0,6.144,7.2,1
0.0,1.45,0.41,8.908,0.0,0.0,6.143,7.2,1
0.0,2.39,3.05,52.79,0.0,0.0,2.702,7.2,1
0.0,1.65,1.66,51.277,0.0,0.0,3.278,7.2,1
0.0,1.0549995,0.7649999,6.6419983,0.074999996,0.074999996,6.0190015,7.2,1
0.0,2.8750007,3.1850007,2.0180001,0.074999996,0.0,2.1000006,7.2,1
0.0,0.63499993,2.1650007,6.874998,0.074999996,0.074999996,3.1919994,7.2,1
0.0,3.49,3.49,-0.439,0.0,0.0,5.919,7.2,1
0.0,4.24,0.89,5.378,0.0,0.0,6.043,7.2,1
0.0,7.43,2.12,11.728,0.88,10.32,5.532,7.2,1
0.0,13.75,3.03,18.191,0.0,0.0,6.024,7.2,1
0.0,3.31,3.32,169.853,0.0,0.0,6.202,7.2,1
0.0,0.93499994,2.4650006,7.7769985,0.074999996,0.0,3.1789994,7.2,1
0.0,0.87,0.87,37.971,0.2,1.05,6.046,7.2,1
0.0,0.5250001,0.68499994,0.139,0.022499999,0.0,3.2700007,7.2,1
0.0,3.4550006,3.6049993,1.3420005,0.30499995,2.4550006,3.0440006,7.2,1
0.0,2.99,1.25,13.73,1.05,14.42,4.592,7.2,1
0.0,2.5549994,8.285003,8.209997,0.0,0.0,3.2050006,7.2,1
0.0,2.0950007,2.5250006,2.8799994,0.074999996,0.0,2.9780006,7.2,1
0.0,0.73499995,2.8649993,14.356003,0.0,0.074999996,5.8710017,7.2,1
0.0,2.0450006,1.3950006,6.2059984,0.014999997,0.037499998,3.0379994,7.2,1
0.0,1.5949994,0.7049999,8.878003,0.0,0.074999996,5.436002,7.2,1
0.0,1.4849994,2.0549996,0.29299992,0.87499994,3.6550007,2.9170008,7.2,1
0.0,13.06,3.17,15.514,0.45,6.98,4.894,7.2,1
0.0,0.47999996,1.3849995,1.4810002,0.0,0.074999996,3.1490006,7.2,1
0.0,0.93499994,2.6349993,14.020003,0.0,0.074999996,5.5810018,7.2,1
0.0,1.5549995,2.4650006,1.3250005,0.074999996,0.0,2.4250007,7.2,1
0.0,1.0350002,3.9549994,6.0629983,0.0,0.074999996,3.0119994,7.2,1
0.0,0.5749999,2.0050004,11.007003,0.074999996,0.074999996,5.877002,7.2,1
0.0,3.1950006,1.6050005,5.048002,0.074999996,0.0,3.1750007,7.2,1
0.0,3.08,0.64,3.661,0.87,3.19,5.905,7.2,1
0.0,10.54,2.75,16.682,0.61,10.18,6.066,7.2,1
0.0,0.7149999,0.9050001,3.0700006,0.0,0.074999996,3.2839994,7.2,1
0.0,2.7550006,2.0150003,3.1339993,0.074999996,0.074999996,3.1790006,7.2,1
0.0,1.9550005,6.1349983,10.968003,0.92499995,9.464997,5.7989984,7.2,1
0.0,0.15499997,0.31499994,1.3629994,0.38500008,0.73499995,6.067002,7.2,1
0.0,2.05,2.06,97.384,0.0,0.0,5.769,7.2,1
0.0,0.81500006,0.73499995,2.6700006,0.0,0.074999996,3.1589994,7.2,1
0.0,2.9449992,7.5549984,8.444997,1.1650006,9.045003,2.8410006,7.2,1
0.0,2.9250007,1.6650006,18.150003,1.0550004,17.934998,6.1500015,7.2,1
0.0,2.7649996,2.8049994,21.509003,0.074999996,0.074999996,3.3679993,7.2,1
0.0,3.1650007,1.9850005,9.8860035,0.9849996,10.634997,3.1489992,7.2,1
0.0,0.9549999,1.4850005,8.479003,1.0849994,9.994997,6.185002,7.2,1
0.0,0.63499993,2.2049994,10.179003,0.18500006,2.7449994,5.868002,7.2,1
0.0,0.7149999,1.0049995,2.6599994,0.074999996,0.074999996,4.1140018,7.2,1
0.0,1.14,1.64,49.821,0.55,3.78,6.021,7.2,1
0.0,0.024999999,0.18499994,-0.28400007,0.0,0.0,6.015002,7.2,1
0.0,2.2849994,7.8649983,13.21,0.6449999,7.605002,5.9019985,7.2,1
0.0,0.74499995,3.1150007,1.9930006,0.074999996,0.029999997,3.1619992,7.2,1
0.0,0.115000054,0.12,0.26799995,0.34500006,0.0049999957,3.1420007,7.2,1
0.0,0.97999996,1.0950005,10.082003,0.56499994,1.8049995,3.8779993,7.2,1
0.0,0.55499995,1.0950005,5.8559985,1.3,7.4850016,5.890002,7.2,1
0.0,0.9649999,0.9749999,8.939003,0.074999996,0.0,3.2459993,7.2,1
0.0,0.5249999,1.3250005,4.8119984,0.0,0.074999996,4.8660016,7.2,1
0.0,3.25,3.25,169.023,0.0,0.0,5.318,7.2,1
0.0,1.6850005,3.2550006,9.437003,0.0,0.03,2.9839993,7.2,1
0.0,1.9150006,5.144998,10.779003,0.44499993,3.9450002,5.8239985,7.2,1
0.0,1.8949995,2.0449998,0.9509999,0.21499993,1.5649995,5.868998,7.2,1
0.0,4.5750017,11.725003,26.822002,0.074999996,0.0,5.9019985,7.2,1
0.0,1.1050005,1.7049994,5.578998,0.0,0.029999997,3.2509995,7.2,1
0.0,1.5649995,2.8449993,0.5149999,0.074999996,0.0,3.2490005,7.2,1
0.0,1.7649995,3.1749992,-0.0119999945,0.074999996,0.0,4.8319983,7.2,1
0.0,1.2949995,0.7249999,7.5079985,0.8450001,7.0550017,5.6100016,7.2,1
0.0,4.71,1.3,7.689,0.0,0.0,5.915,7.2,1
0.0,0.37500006,0.5249999,-0.37800008,0.0075,0.0,3.1980007,7.2,1
0.0,3.05,0.86,2.694,0.0,0.0,3.133,7.2,1
0.0,2.1749992,8.975003,6.265002,1.0249995,6.8850017,2.8730006,7.2,1
0.0,1.2450005,4.2449985,9.559003,0.75500005,3.0649993,3.1499994,7.2,1
0.0,7.04,2.27,41.717,0.99,41.3,5.926,7.2,1
0.0,0.45499992,0.45499992,2.3830006,0.074999996,0.074999996,1.4590005,7.2,1
0.0,12.67,2.75,13.553,0.54,7.32,4.946,7.2,1
0.0,1.0649995,0.81499994,2.1660006,0.99499995,1.9850004,2.041,7.2,1
0.0,4.24,4.31,123.533,1.24,15.6,2.967,7.2,1
0.0,1.97,2.94,42.524,0.0,0.0,5.801,7.2,1
0.0,1.1549995,1.3050005,3.6469994,0.074999996,0.0,5.8319983,7.2,1
0.0,0.9749999,1.4049995,4.316002,0.074999996,0.074999996,4.636998,7.2,1
0.0,8.76,2.58,8.017,0.0,0.0,3.107,7.2,1
0.0,13.114997,39.335003,77.561005,0.074999996,0.0,5.8789983,7.2,1
0.0,2.0650008,2.2249994,4.560002,0.7249999,8.105003,5.801998,7.2,1
0.0,0.7350001,0.88499993,1.7280005,1.2250005,5.4949985,5.9029984,7.2,1
0.0,0.7749999,2.5850008,2.2710006,0.074999996,0.0,3.4259994,7.2,1
0.0,0.69499993,2.5750008,6.2469983,0.074999996,0.074999996,3.2519994,7.2,1
0.0,0.029999997,0.015000001,0.25199994,0.074999996,0.0,6.3699994,7.2,1
0.0,4.48,1.78,10.854,0.0,0.0,6.098,7.2,1
0.0,2.1150007,1.015,3.0769994,0.074999996,0.0,3.1190007,7.2,1
0.0,0.9849996,0.7849999,5.827998,0.074999996,0.074999996,5.6440015,7.2,1
0.0,2.3250008,1.1550006,6.492998,0.074999996,0.074999996,6.0629983,7.2,1
0.0,1.2849995,0.62499994,2.6020007,1.2750006,3.225,2.043,7.2,1
0.0,1.4849994,1.6350005,0.30599993,0.9549999,8.265003,5.9969983,7.2,1
0.0,1.16,1.82,35.126,0.74,2.68,3.127,7.2,1
0.0,0.76500005,1.5550005,1.2830005,0.074999996,0.0,5.136998,7.2,1
0.0,0.24000004,1.2600005,1.5189998,0.0525,0.0,5.7670007,7.2,1
0.0,6.99,3.09,17.528,0.88,15.42,5.672,7.2,1
0.0,1.9449997,3.0450006,4.928002,0.074999996,0.074999996,6.070998,7.2,1
0.0,1.2450005,2.2949994,11.984003,0.074999996,0.0,5.5320015,7.2,1
0.0,0.39500007,0.54499996,-0.0059999977,0.074999996,0.0,3.1440008,7.2,1
0.0,1.3,1.3,19.553,0.91,3.94,3.333,7.2,1
0.0,0.7149999,1.6550006,8.450003,0.074999996,0.074999996,5.5050015,7.2,1
0.0,0.0,0.34499994,0.31399992,0.39499995,0.0049999957,5.975,7.2,1
0.0,0.0,0.01,0.13599999,1.2099996,0.0049999957,6.1,7.2,1
0.0,11.06,3.07,7.324,0.53,3.88,3.002,7.2,1
0.0,2.88,2.89,172.096,0.0,0.0,6.12,7.2,1
0.0,1.18,1.48,27.328,0.68,2.51,3.13,7.2,1
0.0,3.0650008,1.5450006,9.242003,0.074999996,0.0,3.0419993,7.2,1
0.0,0.8449999,2.9949994,9.981003,1.0100001,9.924997,3.9279993,7.2,1
0.0,2.1550007,1.0850005,7.629998,0.074999996,0.0,3.5299993,7.2,1
0.0,5.43,1.52,16.628,0.0,0.0,3.062,7.2,1
0.0,0.68499994,1.3649995,2.0829992,0.40499994,0.73499995,3.2170007,7.2,1
0.0,1.3250005,3.0049994,16.923002,0.54499996,8.0199995,5.896002,7.2,1
0.0,3.6549993,10.805003,19.280996,0.074999996,0.0,5.289998,7.2,1
0.0,2.5749993,9.6950035,15.190997,1.1450006,16.244997,5.9709983,7.2,1
0.0,1.0550004,4.234998,3.0600007,1.1350001,3.5849993,3.2739992,7.2,1
0.0,0.8449999,2.7149994,8.541003,0.074999996,0.0,3.3389993,7.2,1
0.0,0.53,0.53,9.376,0.58,0.96,3.132,7.2,1
0.0,1.5450006,2.9750006,8.869997,0.074999996,0.074999996,5.907998,7.2,1
0.0,1.8850005,8.844997,5.788998,0.0,0.0,3.3149993,7.2,1
0.0,3.7950006,3.9449992,4.2350016,0.074999996,0.074999996,5.9299984,7.2,1
0.0,5.48,1.58,7.69,1.04,8.0,4.898,7.2,1
0.0,6.4,3.16,19.214,0.2,3.84,6.1,7.2,1
0.0,1.4250005,2.6450007,6.7939982,0.0,0.074999996,3.2549994,7.2,1
0.0,2.1950006,0.8549999,7.0429983,0.074999996,0.0,3.1959994,7.2,1
0.0,2.49,0.86,13.754,0.55,7.56,5.524,7.2,1
0.0,2.71,0.82,13.804,0.67,9.25,5.094,7.2,1
0.0,1.9349996,2.9050007,3.0289993,0.34499994,1.6249995,3.0620008,7.2,1
0.0,0.14499998,0.115,0.3730001,0.23499992,0.115,3.2179992,7.2,1
0.0,1.51,1.51,32.975,0.65,6.04,6.156,7.2,1
0.0,1.5649995,7.235001,9.653997,0.074999996,0.0,5.774998,7.2,1
0.0,4.4749985,2.9349992,14.981003,0.074999996,0.0,3.3839993,7.2,1
0.0,0.12,0.12,5.599,0.0,0.0,4.9,7.2,1
0.0,0.9849996,0.40499994,1.0530003,0.5149999,0.35500008,2.9810007,7.2,1
0.0,2.2549994,12.234997,11.971003,1.0149995,13.204997,5.4509983,7.2,1
0.0,1.8450005,8.135003,6.0050015,0.0,0.0,3.4249992,7.2,1
0.0,0.0,0.04,0.08,0.074999996,0.0,1.9269998,7.2,1
0.0,1.0949994,5.414998,7.0810018,1.0750005,7.085002,5.912998,7.2,1
0.0,1.62,0.49,9.509,0.0,0.0,5.87,7.2,1
0.0,5.38,1.3,7.887,0.18,1.42,6.067,7.2,1
0.0,1.015,2.0250006,3.493,1.1450006,3.8149993,3.7759995,7.2,1
0.0,0.7749999,1.7750006,10.100003,0.88500005,9.844997,6.0960016,7.2,1
0.0,0.62500006,0.7749999,0.77799994,1.0850005,2.1850007,3.1260006,7.2,1
0.0,0.53499997,1.6650006,9.497003,0.074999996,0.074999996,6.133002,7.2,1
0.0,0.8550001,0.35499993,2.9790006,1.2550005,3.6749992,3.3589993,7.2,1
0.0,2.7150006,3.3449993,0.9059999,0.32499993,2.1850007,3.1670008,7.2,1
0.0,3.54,1.78,21.48,0.21,4.51,6.068,7.2,1
0.0,2.62,2.62,46.866,0.11,0.96,3.335,7.2,1
0.0,0.7149999,2.5250006,6.0029984,0.9050001,6.0350018,2.9289994,7.2,1
0.0,0.9549999,2.4549994,7.8099985,0.074999996,0.0,3.3879993,7.2,1
0.0,1.0549995,0.43499994,3.7200007,0.7749999,2.675,3.4329994,7.2,1
0.0,5.41,1.32,2.639,0.0,0.0,1.999,7.2,1
0.0,6.01,2.08,6.762,0.0,0.0,3.251,7.2,1
0.0,1.7650006,5.4049983,9.977003,0.8349999,7.7150016,5.872998,7.2,1
0.0,2.18,3.05,51.255,0.38,2.56,3.086,7.2,1
0.0,0.7,0.71,22.689,1.1,4.58,5.944,7.2,1
0.0,0.17499995,0.27500004,0.73700005,0.074999996,0.074999996,2.6129994,7.2,1
0.0,0.5950001,3.2249994,0.46699992,0.074999996,0.0,2.9940007,7.2,1
0.0,2.53,2.53,107.157,0.9,13.76,6.041,7.2,1
0.0,1.0950005,4.4300013,13.731003,1.1349995,16.784996,4.284002,7.2,1
0.0,1.5250006,3.0549994,14.340003,0.074999996,0.0,5.3940015,7.2,1
0.0,0.6449999,2.0949993,11.732003,0.54499996,5.625002,5.949002,7.2,1
0.0,1.005,3.9150007,5.5979996,0.074999996,0.0,5.7719984,7.2,1
0.0,2.2949994,9.705003,6.9580016,0.0,0.0,3.1749992,7.2,1
0.0,2.0650008,2.7249994,0.93899995,0.074999996,0.074999996,5.6339984,7.2,1
0.0,9.03,2.93,9.437,0.56,5.28,3.221,7.2,1
0.0,2.8650007,3.0249994,6.3330016,0.0,0.074999996,5.762998,7.2,1
0.0,1.005,2.6550007,7.142998,0.06,0.0,3.2829993,7.2,1
0.0,2.24,2.67,76.507,0.0,0.0,3.43,7.2,1
0.0,0.7049999,3.8549993,6.3299985,0.6750001,4.875002,3.2149994,7.2,1
0.0,1.9150006,5.524998,11.984003,0.0,0.0,3.1509993,7.2,1
0.0,0.73499995,2.4150007,6.123998,0.074999996,0.0,3.0129993,7.2,1
0.0,3.02,0.84,18.306,0.85,15.56,6.062,7.2,1
0.0,2.5850008,2.3349993,15.129004,0.074999996,0.074999996,5.791002,7.2,1
0.0,0.68500006,2.0849993,0.29399994,0.0,0.0,4.400998,7.2,1
0.0,1.79,1.8,40.452,0.0,0.0,3.28,7.2,1
0.0,2.0150006,2.1749992,2.3549993,0.9749999,5.4549985,2.8650007,7.2,1
0.0,1.94,1.95,35.614,0.69,4.46,3.331,7.2,1
0.0,13.41,2.95,8.752,0.0,0.0,3.049,7.2,1
0.0,1.31,1.43,40.561,0.7,2.85,3.106,7.2,1
0.0,2.6949992,13.485003,15.327002,0.0,0.0,5.7859983,7.2,1
0.0,0.38499993,0.5949999,2.9970007,0.075000025,0.53499997,5.9830017,7.2,1
0.0,0.73499995,1.7849995,5.012998,0.074999996,0.0,3.2549994,7.2,1
0.0,2.2849994,4.3649983,15.493003,0.27500007,2.5650008,3.4879994,7.2,1
0.0,6.14,2.36,6.119,0.0,0.0,2.97,7.2,1
0.0,0.7649999,2.4449992,14.167003,1.1050005,14.744997,6.1100016,7.2,1
0.0,3.33,3.33,59.642,1.02,20.15,5.933,7.2,1
0.0,4.38,4.38,71.851,0.26,6.88,6.045,7.2,1
0.0,11.92,3.65,22.057,1.07,23.6,6.043,7.2,1
0.0,1.7949998,17.314997,1.8919998,0.2850001,0.61500007,1.1220005,7.2,1
0.0,0.56499994,1.9350005,10.988003,0.074999996,0.074999996,6.0550017,7.2,1
0.0,2.14,2.15,69.706,0.0,0.0,6.13,7.2,1
0.0,10.38,2.86,9.385,0.73,6.85,3.293,7.2,1
0.0,2.7450006,3.0649993,3.3689992,0.074999996,0.074999996,3.4530008,7.2,1
0.0,1.9450005,4.0949984,6.264002,0.7049999,3.8250008,3.2350006,7.2,1
0.0,1.5949994,0.5949999,4.249998,0.074999996,0.0,2.6649992,7.2,1
0.0,5.07,2.06,7.057,1.03,7.27,3.921,7.2,1
0.0,0.37499994,0.5950001,2.0280006,1.1850005,2.2550006,3.2139993,7.2,1
0.0,1.8049995,1.8049995,5.118002,0.7749999,7.4250016,5.511998,7.2,1
0.0,1.9249995,0.88499993,10.867003,1.3,13.974997,5.546002,7.2,1
0.0,1.9,2.0,24.006,0.0,0.0,5.607,7.2,1
0.0,0.23500007,0.38499993,-0.07800002,0.61499995,0.8950001,5.6929984,7.2,1
0.0,0.25499994,0.53499997,2.5730007,0.13500006,0.63499993,5.9590015,7.2,1
0.0,0.5250001,0.33499992,0.9279999,0.74499995,0.49500006,3.3370006,7.2,1
0.0,0.18499994,0.36499992,1.6399995,0.0,0.074999996,5.9890018,7.2,1
0.0,2.12,2.13,43.562,0.0,0.0,5.942,7.2,1
0.0,0.12500007,0.13500006,0.49999994,1.1550006,1.2249994,5.9549985,7.2,1
0.0,2.5250006,2.5350006,7.1550016,0.50499994,6.8650017,6.0009985,7.2,1
0.0,2.95,1.03,17.977,0.0,0.0,6.094,7.2,1
0.0,9.43,3.23,10.755,0.0,0.0,3.34,7.2,1
0.0,1.965,3.0550008,2.5109994,0.074999996,0.0,3.0990007,7.2,1
0.0,0.45500004,2.4749994,3.2069998,0.45499992,1.1349995,5.947998,7.2,1
0.0,1.3850005,2.8150008,5.4119983,0.38500008,1.1850001,2.0240002,7.2,1
0.0,0.30000007,1.3350005,2.0509996,0.31499994,0.41500008,5.5539985,7.2,1
0.0,1.0999995,5.3849983,3.6470006,0.8350001,3.3150008,3.2839994,7.2,1
0.0,0.17500001,0.13499999,0.7700001,0.0,0.015,4.5220017,7.2,1
0.0,2.8250008,1.2950006,6.827998,1.2850006,8.424997,5.7800016,7.2,1
0.0,0.98,0.99,18.469,0.69,3.93,5.813,7.2,1
0.0,19.27,4.61,27.899,0.0,0.0,6.052,7.2,1
0.0,1.8849995,2.4450006,1.8940005,0.074999996,0.059999995,3.0870006,7.2,1
0.0,0.16499996,0.36499992,1.5749995,1.0349995,1.9050006,5.968002,7.2,1
0.0,20.31,4.68,19.475,0.22,4.28,4.704,7.2,1
0.0,0.58500004,0.28499994,3.6050007,0.7849999,2.6849992,6.2080016,7.2,1
0.0,0.16499996,0.39499992,1.6789994,0.0,0.074999996,5.5560017,7.2,1
0.0,1.2350005,3.5149994,18.510002,0.9649999,16.465004,5.493002,7.2,1
0.0,9.93,2.35,13.675,0.0,0.0,5.819,7.2,1
0.0,4.02,1.37,13.212,0.0,0.0,3.287,7.2,1
0.0,2.6649992,6.2649984,15.0479965,0.7249999,9.8049965,5.7059984,7.2,1
0.0,2.55,2.96,63.017,0.0,0.0,2.798,7.2,1
0.0,5.07,2.3,6.395,0.0,0.0,3.166,7.2,1
0.0,1.8549994,2.4950006,2.9289994,0.074999996,0.0,3.5540006,7.2,1
0.0,9.51,2.07,12.372,0.36,4.45,6.006,7.2,1
0.0,1.8949999,7.484998,11.321997,0.074999996,0.0,5.8129983,7.2,1
0.0,3.7850006,2.3649993,12.309003,0.074999996,0.0,3.2829993,7.2,1
0.0,2.7349994,10.185003,14.778003,0.074999996,0.0,5.5089984,7.2,1
0.0,1.99,2.0,46.176,0.56,6.35,5.695,7.2,1
0.0,0.8949999,4.984998,1.9850004,0.0,0.074999996,2.5869994,7.2,1
0.0,2.98,1.1,17.231,0.0,0.0,5.782,7.2,1
0.0,1.0549995,0.68499994,3.4020007,0.19499993,0.34500006,3.1519992,7.2,1
0.0,1.0049995,0.9649999,5.8439984,0.27499995,1.2550005,5.5560017,7.2,1
0.0,1.55,2.25,23.165,0.0,0.0,3.153,7.2,1
0.0,1.5849994,1.7350005,1.8370005,0.074999996,0.0,3.0830007,7.2,1
0.0,1.3450005,4.124998,11.737003,0.0,0.0,3.0879993,7.2,1
0.0,0.12500004,0.7649999,0.46199998,0.6450001,0.26500005,2.4660006,7.2,1
0.0,1.99,1.99,88.509,0.41,4.68,5.731,7.2,1
0.0,2.3449993,8.975003,13.944997,1.1150005,14.494997,6.0349984,7.2,1
0.0,14.98,3.03,9.657,0.0,0.0,3.198,7.2,1
0.0,0.035,0.15000005,0.19399996,0.037499998,0.022499999,2.9050007,7.2,1
0.0,1.015,2.3350008,6.1269984,0.5749999,3.0250006,2.9999993,7.2,1
0.0,5.16,1.28,4.058,0.2,0.81,3.195,7.2,1
0.0,1.99,2.38,60.264,1.19,7.44,3.144,7.2,1
0.0,11.5,2.36,12.787,0.54,6.9,5.418,7.2,1
0.0,1.5149995,1.5349995,4.7820015,0.074999996,0.074999996,6.0359983,7.2,1
0.0,0.21500003,0.15499997,0.90200007,0.0,0.0,3.8329992,7.2,1
0.0,1.36,1.3450005,3.9559999,0.77000004,3.2949994,3.0389993,7.2,1
0.0,11.01,2.32,13.586,0.0,0.0,5.856,7.2,1
0.0,0.74499995,1.9149995,6.5029984,0.30499995,1.4349995,3.3809993,7.2,1
0.0,0.27,0.28,15.893,0.0,0.0,6.033,7.2,1
0.0,1.4050006,2.6950006,4.0669985,0.074999996,0.0,3.1589997,7.2,1
0.0,0.63500005,2.3250008,4.3650017,0.23499992,0.61500007,5.966998,7.2,1
0.0,0.0,1.5999995,0.101,0.0,0.0,2.5250006,7.2,1
0.0,0.40500006,1.3849995,2.8799994,0.86499995,2.1450007,5.768998,7.2,1
0.0,0.0,0.32499993,0.118,0.7850001,0.23500007,5.218002,7.2,1
0.0,0.5849999,2.3499994,6.0689983,1.1449995,7.5750017,3.3089993,7.2,1
0.0,1.4249995,0.93499994,6.997998,0.022499999,0.074999996,4.790002,7.2,1
0.0,1.32,1.33,37.933,0.0,0.0,5.542,7.2,1
0.0,2.0950007,12.914997,6.928002,0.5250001,4.0349984,3.2329993,7.2,1
0.0,7.58,4.04,10.08,0.0,0.0,5.449,7.2,1
0.0,2.85,2.86,42.129,1.01,9.14,3.174,7.2,1
0.0,1.13,0.6649999,6.8329983,0.0,0.074999996,6.1880016,7.2,1
0.0,7.33,2.89,9.083,0.92,8.36,3.154,7.2,1
0.0,1.1350005,2.4849994,9.168003,0.074999996,0.0,2.029,7.2,1
0.0,2.6850007,1.6250005,13.087003,0.0,0.074999996,4.844002,7.2,1
0.0,10.02,2.98,16.434,0.0,0.0,5.515,7.2,1
0.0,1.0250001,3.8350008,1.8420004,0.98499995,1.5649995,1.8169994,7.2,1
0.0,3.7950006,4.14,4.954002,0.23499992,1.8349994,3.0050006,7.2,1
0.0,2.14,0.71,12.741,0.13,1.66,5.954,7.2,1
0.0,2.5949993,9.6950035,14.856002,0.074999996,0.0,5.8379984,7.2,1
0.0,2.03,3.0,34.049,0.0,0.0,2.949,7.2,1
0.0,0.105,0.065,0.416,0.074999996,0.0,5.988001,7.2,1
0.0,1.5149995,1.6750005,1.6770005,0.074999996,0.074999996,5.7319984,7.2,1
0.0,1.0750005,3.8649995,13.731003,0.074999996,0.074999996,5.2070017,7.2,1
0.0,2.6449993,10.615003,14.800003,0.06,0.0,5.7129984,7.2,1
0.0,0.485,2.3550005,1.5499995,0.074999996,0.0,3.3249993,7.2,1
0.0,2.0550008,0.86499995,7.0809984,0.54499996,3.4349992,3.4349992,7.2,1
0.0,1.0250001,3.7550006,6.1020017,0.074999996,0.074999996,5.8919983,7.2,1
0.0,3.55,3.55,103.471,0.0,0.0,5.398,7.2,1
0.0,0.6049999,2.6650007,3.3180006,0.0,0.074999996,2.6069994,7.2,1
0.0,2.2,0.85,13.202,0.29,3.83,6.001,7.2,1
0.0,1.9,0.52,9.816,0.77,7.56,5.166,7.2,1
0.0,1.0549995,0.68499994,3.2590008,0.074999996,0.0,3.0249994,7.2,1
0.0,0.95499986,2.3349993,0.52799994,0.074999996,0.0,2.0020006,7.2,1
0.0,0.56499994,1.5249995,5.2459984,0.074999996,0.074999996,3.4009993,7.2,1
0.0,1.74,1.75,28.984,0.0,0.0,4.288,7.2,1
0.0,3.12,0.85,18.238,0.25,4.56,5.846,7.2,1
0.0,6.5,3.05,9.687,0.51,4.94,3.187,7.2,1
0.0,2.3349993,10.805003,12.818003,0.55500007,8.045003,5.7800016,7.2,1
0.0,9.4,2.18,12.131,0.47,5.7,5.59,7.2,1
0.0,1.0,1.01,36.017,0.31,1.88,6.07,7.2,1
0.0,2.05,2.05,29.762,0.89,7.49,4.103,7.2,1
0.0,1.5450006,3.3150008,10.506003,0.0,0.0,3.1959994,7.2,1
0.0,1.0950005,3.3049994,16.557003,0.87499994,13.384997,5.9310017,7.2,1
0.0,1.9950005,6.3049984,10.616997,0.80499995,7.7750015,5.4159985,7.2,1
0.0,0.8949999,6.274998,4.2389984,0.067499995,0.0075,5.336002,7.2,1
0.0,2.1749992,7.1349983,7.0830016,0.0,0.0,3.2620006,7.2,1
0.0,1.5649995,0.7249999,5.2209983,0.8349999,4.0950017,3.3039994,7.2,1
0.0,3.1750007,2.0150003,19.820004,0.7049999,12.604997,6.197002,7.2,1
0.0,15.97,3.35,10.938,0.23,2.52,3.265,7.2,1
0.0,3.48,3.78,0.046,0.88,13.96,4.557,7.2,1
0.0,3.42,0.75,2.334,0.85,1.98,3.197,7.2,1
0.0,0.63499993,1.4449995,4.940998,0.35499993,1.3249995,3.3749993,7.2,1
0.0,0.19500008,3.1049993,0.50699997,1.2350005,1.4549994,4.820998,7.2,1
0.0,0.86499995,3.2549994,17.526003,0.074999996,0.074999996,5.8650017,7.2,1
0.0,0.87499994,2.1950006,2.4550006,0.074999996,0.074999996,3.1170003,7.2,1
0.0,9.584997,41.085003,53.382996,0.44499993,19.794996,5.5299983,7.2,1
0.0,2.3950007,1.2050005,7.4879985,0.9149999,6.4250016,3.1369994,7.2,1
0.0,2.0150006,11.034997,6.5219984,0.0,0.0,3.2309992,7.2,1
0.0,3.2249994,12.005003,18.670998,0.074999996,0.0,5.827998,7.2,1
0.0,2.0650008,2.4950006,2.8479993,0.61499995,3.5250006,3.0360007,7.2,1
0.0,0.87499994,3.0149994,17.795004,0.73499995,11.715003,6.1740017,7.2,1
0.0,1.7949995,1.9450005,2.5879993,1.2350005,12.6950035,5.8109984,7.2,1
0.0,6.3,1.68,10.236,0.34,3.48,6.093,7.2,1
0.0,0.94,0.94,16.001,0.68,3.75,5.864,7.2,1
0.0,0.85,0.86,12.797,0.59,1.7,3.382,7.2,1
0.0,1.7049994,1.9550005,4.2540016,0.074999996,0.074999996,5.425998,7.2,1
0.0,0.63499993,1.7450005,9.955003,0.24499993,0.27499995,2.2139993,7.2,1
0.0,1.7950006,2.3149993,20.062002,0.5949999,5.084998,5.849002,7.2,1
0.0,1.6649998,1.7650006,15.566003,0.074999996,0.0,3.1759994,7.2,1
0.0,1.0749995,0.7149999,3.4460006,0.074999996,0.0,3.1369994,7.2,1
0.0,1.1049994,1.2650006,2.3929994,0.074999996,0.0,5.5039983,7.2,1
0.0,2.95,0.64,3.811,0.0,0.0,5.955,7.2,1
0.0,1.5249995,1.6750005,1.8990005,0.074999996,0.0,2.9760008,7.2,1
0.0,4.1,9.15,55.661,0.37,20.59,6.09,7.2,1
0.0,6.88,6.96,323.275,0.0,0.0,5.959,7.2,1
0.0,1.9349996,2.2649994,2.9649994,0.75499994,7.4249983,5.4109983,7.2,1
0.0,8.11,1.77,10.281,0.0,0.0,5.841,7.2,1
0.0,1.1949995,0.56499994,3.9180007,0.015,0.0,3.2189994,7.2,1
0.0,1.6850005,2.4050007,8.003003,0.7150001,6.455002,3.3319993,7.2,1
0.0,3.0850008,3.2449994,0.93999994,0.074999996,0.0,4.807998,7.2,1
0.0,5.0550017,21.935003,30.609997,0.08500002,4.814998,6.0569983,7.2,1
0.0,1.4450005,4.1149983,12.009003,0.95499986,12.524997,3.1659994,7.2,1
0.0,3.18,1.31,7.631,0.58,4.43,5.87,7.2,1
0.0,0.59,2.95,33.369,0.35,1.24,6.01,7.2,1
0.0,1.2149994,0.69499993,4.1729984,1.3,5.4650016,3.3679993,7.2,1
0.0,0.7249999,1.0749995,3.7280006,0.074999996,0.0,3.3819993,7.2,1
0.0,2.83,0.99,5.759,0.0,0.0,5.817,7.2,1
0.0,1.3949995,1.5550005,4.271002,0.40499994,2.7350006,5.7259984,7.2,1
0.0,1.9449997,0.8449999,6.1289983,1.0650004,6.2150016,3.1459994,7.2,1
0.0,1.1649995,1.3450005,-0.13100007,0.50499994,3.2250006,6.1089983,7.2,1
0.0,4.07,0.9,2.799,0.0,0.0,3.11,7.2,1
0.0,1.9249995,2.0849993,3.6549993,1.2550005,14.455003,6.0829983,7.2,1
0.0,13.96,3.15,9.899,0.0,0.0,3.153,7.2,1
0.0,1.8649995,0.99499995,11.885003,0.0,0.0,6.2400017,7.2,1
0.0,0.13499999,0.24499997,0.5390001,0.9149999,0.5949999,3.1449993,7.2,1
0.0,1.6700004,5.9449983,9.723997,0.73499995,6.294998,5.9179983,7.2,1
0.0,1.5249995,0.88499993,9.627003,0.12000006,1.8250005,6.139002,7.2,1
0.0,0.62500006,0.7749999,1.2220005,0.074999996,0.0,5.993998,7.2,1
0.0,0.67,0.67,30.784,0.0,0.0,6.072,7.2,1
0.0,5.3,1.3,7.843,0.0,0.0,6.08,7.2,1
0.0,5.51,5.88,0.624,0.72,23.43,5.906,7.2,1
0.0,1.3649995,0.79499996,4.616998,0.074999996,0.0,3.3329992,7.2,1
0.0,1.3349994,0.6049999,2.6570008,0.074999996,0.0,2.0130002,7.2,1
0.0,3.4349992,12.6950035,10.806997,0.0525,0.0,3.1190007,7.2,1
0.0,0.40000007,0.20499992,2.7630007,0.7849999,2.0849993,6.245002,7.2,1
0.0,0.765,0.30499995,4.255998,0.022499999,0.0,5.850002,7.2,1
0.0,4.75,4.99,76.337,0.0,0.0,3.234,7.2,1
0.0,3.14,4.0,53.474,0.64,8.74,4.351,7.2,1
0.0,1.9750001,2.1349993,-0.14200006,0.79499996,4.644998,3.1200006,7.2,1
0.0,6.81,2.19,13.367,0.0,0.0,6.104,7.2,1
0.0,0.7849999,1.4149995,4.2490015,1.3,5.5050015,5.8039985,7.2,1
0.0,0.0,0.38499993,0.45599994,0.015,0.0,5.702001,7.2,1
0.0,2.3449993,9.665003,7.4320016,0.0,0.0,3.3159993,7.2,1
0.0,2.0949993,9.295003,6.5100017,0.0,0.0,3.2609994,7.2,1
0.0,8.38,2.5,7.81,0.27,2.11,3.214,7.2,1
0.0,1.7550005,5.7150016,9.125003,0.76500005,7.8050017,2.4219992,7.2,1
0.0,1.4150006,2.6650007,4.315999,0.34499994,1.195,3.254,7.2,1
0.0,2.5750008,2.7349994,3.0839994,0.074999996,0.0,2.3480008,7.2,1
0.0,8.18,2.99,17.83,0.0,0.0,5.963,7.2,1
0.0,2.8950007,3.0549994,0.39499992,0.79499996,6.9749985,3.2200007,7.2,1
0.0,2.26,2.26,32.875,0.0,0.0,3.077,7.2,1
0.0,4.93,1.94,10.688,0.0,0.0,5.538,7.2,1
0.0,1.6350005,3.9550002,9.639997,0.68499994,5.9050016,6.0559983,7.2,1
0.0,2.1549993,6.6849985,6.2270017,0.0,0.0,2.8830006,7.2,1
0.0,0.63499993,0.92499995,4.945998,0.0,0.074999996,5.982002,7.2,1
0.0,0.61499995,1.015,5.525998,0.0,0.074999996,6.1630015,7.2,1
0.0,0.42499992,1.1450003,3.4920006,0.53499997,1.5649995,3.3779993,7.2,1
0.0,1.4449995,0.7049999,3.8869994,0.074999996,0.074999996,6.072998,7.2,1
0.0,3.01,4.61,65.368,1.06,9.84,3.083,7.2,1
0.0,0.97999996,4.084998,5.5689993,0.40499994,1.7749995,5.8189983,7.2,1
0.0,1.8,0.47,10.99,0.0,0.0,6.106,7.2,1
0.0,1.7350005,5.0549984,4.363002,0.074999996,0.074999996,2.5080006,7.2,1
0.0,1.6949995,1.8550005,1.8430005,0.074999996,0.074999996,6.011998,7.2,1
0.0,1.2549995,0.43499994,7.4429984,0.19499993,0.9749999,5.7130013,7.2,1
0.0,3.1349993,9.345003,18.198997,0.074999996,0.0,5.847998,7.2,1
0.0,0.21500006,0.18499994,0.8490001,0.78499997,0.63500005,3.2609994,7.2,1
0.0,0.34499994,1.1750005,6.4949985,0.074999996,0.074999996,6.1030016,7.2,1
0.0,0.70500004,0.37499994,3.9190006,1.3,4.9850016,5.6220016,7.2,1
0.0,2.1250007,1.1150005,12.818003,1.1350005,13.744997,5.935002,7.2,1
0.0,4.734998,4.9850016,22.592997,0.074999996,0.074999996,4.6059985,7.2,1
0.0,2.66,0.68,16.156,1.22,19.71,6.074,7.2,1
0.0,1.8849995,2.0449998,2.2739992,0.63499993,3.3650007,3.0570006,7.2,1
0.0,8.84,3.94,12.976,0.0,0.0,3.293,7.2,1
0.0,1.3450005,3.1250007,8.008003,0.0,0.074999996,2.8719993,7.2,1
0.0,2.6450007,2.7949994,3.9229994,0.21499993,2.3049994,5.7779984,7.2,1
0.0,2.1750007,3.0949993,-0.35900006,0.074999996,0.0,2.6770008,7.2,1
0.0,12.09,4.62,27.203,0.97,26.39,5.888,7.2,1
0.0,3.0850008,3.2199996,4.350002,1.2050005,11.875003,3.2720006,7.2,1
0.0,1.5349995,0.7849999,5.4189982,1.0850005,5.625002,3.4869993,7.2,1
0.0,1.0650004,3.4150007,5.499998,0.0,0.074999996,1.6720005,7.2,1
0.0,1.4549994,0.7649999,4.7189984,0.63499993,2.7549994,3.2079992,7.2,1
0.0,1.1050005,4.414998,6.250002,1.0350002,5.854998,5.919998,7.2,1
0.0,2.1449993,9.085003,6.1830015,0.0,0.0,2.8760006,7.2,1
0.0,0.9849996,0.42499992,3.4430006,0.0,0.014999997,3.3939993,7.2,1
0.0,2.67,2.67,57.902,0.69,6.01,3.26,7.2,1
0.0,0.20499992,0.21499993,1.5719994,1.3,0.34499997,1.8670006,7.2,1
0.0,3.92,2.06,23.553,0.0,0.0,6.008,7.2,1
0.0,0.14499998,0.22999999,0.52800006,0.0,0.074999996,3.2489994,7.2,1
0.0,0.69499993,6.975002,7.096998,0.74500006,5.955002,3.2479994,7.2,1
0.0,0.6550001,0.41499993,2.3310006,0.074999996,0.059999995,3.3709993,7.2,1
0.0,0.19499993,0.38499993,1.7859994,0.13500006,0.4649999,6.278002,7.2,1
0.0,11.73,3.4,11.122,1.12,12.46,3.271,7.2,1
0.0,0.36499992,0.92499995,4.9499984,1.1349995,6.1550016,6.0570016,7.2,1
0.0,2.24,0.78,12.587,0.0,0.0,5.619,7.2,1
0.0,13.16,2.69,8.832,0.0,0.0,3.296,7.2,1
0.0,1.1199998,5.584998,3.9080007,0.0,0.059999995,3.5379994,7.2,1
0.0,0.5149999,0.9150001,1.4870005,0.044999998,0.074999996,3.1340008,7.2,1
0.0,2.3650007,1.3150005,14.335003,0.0,0.074999996,5.9735017,7.2,1
0.0,0.7749999,2.5849993,15.397003,0.34499994,4.2550015,6.2390018,7.2,1
0.0,2.34,2.93,64.085,0.0,0.0,3.245,7.2,1
0.0,1.7450005,4.7049985,4.891001,0.47499993,1.8649995,2.8270006,7.2,1
0.0,0.8549999,3.1149993,10.021003,0.35499993,2.7550006,3.4069993,7.2,1
0.0,1.0350002,2.9,9.000003,0.42499998,3.7949994,3.2149994,7.2,1
0.0,2.3150008,2.7750006,6.0630016,0.074999996,0.074999996,5.2199984,7.2,1
0.0,0.49499992,1.3949995,4.406998,0.074999996,0.074999996,3.1239994,7.2,1
0.0,0.8549999,2.7949994,11.796003,0.74499995,8.025,4.4390016,7.2,1
0.0,2.31,0.89,14.3,0.44,6.29,6.19,7.2,1
0.0,3.76,3.77,170.479,0.9,20.9,6.176,7.2,1
0.0,0.33499992,1.0650004,5.7389984,1.2850006,7.105002,5.948002,7.2,1
0.0,0.96,15.075003,4.364999,0.0,0.0,4.8330016,7.2,1
0.0,2.9049993,8.795003,9.481997,1.0650004,9.235003,3.2490005,7.2,1
0.0,1.0549995,1.2150005,0.61999995,0.23499992,0.9849996,5.8059983,7.2,1
0.0,0.53499997,0.7150001,2.4900007,0.93499994,2.2849994,3.3629994,7.2,1
0.0,0.43499994,1.8900005,5.9189982,0.0,0.074999996,4.988002,7.2,1
0.0,3.6750007,1.9450005,5.9239984,1.2450005,7.0950017,3.1330006,7.2,1
0.0,3.1149993,13.4450035,17.934998,0.06500001,2.4250007,5.7999983,7.2,1
0.0,0.21500006,0.37499994,0.020000001,0.6649999,0.9250001,5.7969985,7.2,1
0.0,2.5349994,9.365003,15.130999,0.074999996,0.0,6.057998,7.2,1
0.0,3.9049993,3.9149992,28.459003,0.074999996,0.074999996,3.3769994,7.2,1
0.0,2.19,2.37,40.093,0.27,1.86,3.139,7.2,1
0.0,4.71,1.35,6.54,0.0,0.0,4.917,7.2,1
0.0,1.0350002,2.4749994,14.407003,0.074999996,0.074999996,6.1090016,7.2,1
0.0,1.0350002,2.0250006,2.8430007,0.074999996,0.074999996,3.009,7.2,1
0.0,0.825,9.015003,2.5120006,0.97499967,2.6450007,3.1549993,7.2,1
0.0,2.4550006,1.4150006,7.795998,0.074999996,0.0,3.1859994,7.2,1
0.0,0.36499992,1.5550005,5.6879983,0.36500007,2.6149993,5.8380017,7.2,1
0.0,0.51500005,0.50499994,0.93399996,0.40499994,0.27000007,1.7850006,7.2,1
0.0,1.3850005,3.2249994,13.5110035,0.595,8.774997,5.783002,7.2,1
0.0,2.53,0.89,7.787,0.45,3.5,3.078,7.2,1
0.0,1.6250005,3.6749992,21.535004,0.37499994,6.5550017,6.094002,7.2,1
0.0,2.8950007,1.9450005,17.469004,1.0750005,17.614998,5.982002,7.2,1
0.0,14.72,4.0,10.532,0.0,0.0,3.251,7.2,1
0.0,3.2149994,9.075003,16.787996,0.074999996,0.0,5.247998,7.2,1
0.0,0.33500007,0.22499993,0.42200008,0.074999996,0.0,1.2870005,7.2,1
0.0,0.39500007,0.21499993,0.8809999,0.81499994,0.5250001,5.6819983,7.2,1
0.0,0.0,0.45999995,0.099,0.0,0.0,2.3250008,7.2,1
0.0,1.5950005,4.4749985,4.538001,1.0250001,4.1949983,2.8810008,7.2,1
0.0,3.8550007,5.4549985,5.1360016,0.074999996,0.0,3.0030007,7.2,1
0.0,0.73499995,1.6849995,5.571998,0.074999996,0.0,3.2839994,7.2,1
0.0,1.2749995,0.55499995,2.6529994,0.32499993,0.7149999,5.4099984,7.2,1
0.0,7.0,1.53,4.883,0.0,0.0,3.212,7.2,1
0.0,1.0749995,0.38499993,5.3399982,0.074999996,0.0,4.784002,7.2,1
0.0,0.74,0.74,31.857,0.0,0.0,6.08,7.2,1
0.0,0.47499993,0.94499993,2.1810007,0.074999996,0.037499998,2.2869992,7.2,1
0.0,1.13,1.13,61.527,0.18,1.25,6.143,7.2,1
0.0,2.2350006,2.3949993,0.22399993,0.074999996,0.0,5.333998,7.2,1
0.0,1.2799997,0.42499992,7.572998,1.1150005,8.025,5.9130015,7.2,1
0.0,3.37,0.92,10.407,0.83,8.64,3.088,7.2,1
0.0,1.9150006,9.145003,8.982003,0.41500008,4.3649983,4.9970016,7.2,1
0.0,1.64,0.52,9.577,0.79,7.57,5.84,7.2,1
0.0,0.75500005,3.82,4.8439984,0.30499995,1.0549995,5.8519983,7.2,1
0.0,1.9449997,0.5149999,1.5210005,0.074999996,0.0,3.2880006,7.2,1
0.0,5.1949983,4.1350017,30.684004,0.074999996,0.074999996,5.9120016,7.2,1
0.0,2.1150007,1.2650006,7.063998,0.0,0.0,3.3349993,7.2,1
0.0,7.24,2.78,6.048,1.04,6.29,2.618,7.2,1
0.0,2.0850008,12.494997,12.264003,0.034999996,1.2849995,5.636998,7.2,1
0.0,0.94499993,2.77,5.676998,0.4650001,3.1849992,3.3619993,7.2,1
0.0,2.65,0.73,8.145,0.94,7.66,3.074,7.2,1
0.0,1.3750005,2.9850006,4.0479984,0.88499993,3.4149992,3.1869998,7.2,1
0.0,3.1950006,3.4749994,0.5109999,0.27499995,1.9850004,3.0800006,7.2,1
0.0,2.6349993,9.685003,15.656997,0.23499992,2.4150007,6.011998,7.2,1
0.0,2.79,2.8,50.256,0.0,0.0,3.298,7.2,1
0.0,1.3849995,1.7350005,-0.51500005,1.1850005,5.0149984,3.0650008,7.2,1
0.0,1.2049994,1.3650005,0.15999997,0.074999996,0.0,3.1250007,7.2,1
0.0,1.28,1.87,23.214,0.0,0.0,1.907,7.2,1
0.0,0.73,0.73,13.344,0.0,0.0,3.123,7.2,1
0.0,1.4749994,1.6350005,0.25399995,0.4649999,1.9149995,3.2200007,7.2,1
0.0,0.715,8.555003,1.6709995,0.37500006,0.7150001,2.6809993,7.2,1
0.0,1.9449997,3.9250007,2.4809992,0.7049999,1.4449995,2.8240006,7.2,1
0.0,4.79,1.61,28.813,0.0,0.0,6.015,7.2,1
0.0,0.46,1.6949995,1.5119998,0.9749999,1.2949995,3.2450006,7.2,1
0.0,11.49,2.71,9.005,0.37,3.33,3.323,7.2,1
0.0,0.26500008,0.42499992,-0.24200007,1.0550004,0.96499974,3.0510006,7.2,1
0.0,0.9100001,2.9450006,5.725002,0.28499994,1.1149995,5.749998,7.2,1
0.0,1.7099998,7.405,10.160998,0.074999996,0.0,5.7469983,7.2,1
0.0,0.49500006,7.4449983,3.3360007,0.0,0.0,5.9539995,7.2,1
0.0,3.04,0.9,5.432,0.2,1.09,6.103,7.2,1
0.0,0.6050001,0.28499994,0.75899994,0.99499995,0.55500007,3.1820006,7.2,1
0.0,0.5249999,1.0450003,5.295998,0.0,0.074999996,5.6700015,7.2,1
0.0,0.8349999,1.8249995,5.815998,0.074999996,0.0,3.1759994,7.2,1
0.0,0.74499995,1.4250005,7.8199983,0.35499993,2.2849994,5.967002,7.2,1
0.0,0.68,0.67499995,1.957,0.014999997,0.074999996,3.0629992,7.2,1
0.0,12.77,3.08,16.579,0.38,6.3,5.838,7.2,1
0.0,7.96,1.94,10.574,1.1,11.63,5.507,7.2,1
0.0,1.4549994,1.6050005,4.1290016,0.30499995,2.0350006,5.927998,7.2,1
0.0,0.53499997,3.5450006,9.561003,0.13500006,2.0949993,5.915002,7.2,1
0.0,0.5949999,1.8749995,4.2979984,0.074999996,0.0,3.0099993,7.2,1
0.0,0.27500007,0.14499998,0.22999993,0.074999996,0.0,2.1390007,7.2,1
0.0,5.0949984,3.0149994,5.2360015,0.074999996,0.0,3.1510007,7.2,1
0.0,0.47500008,0.52000004,1.3440006,0.26499993,0.44500005,4.8899984,7.2,1
0.0,2.51,0.54,1.731,0.33,0.57,3.266,7.2,1
0.0,1.5149995,1.6650006,3.1679993,1.1050005,9.705003,5.8989983,7.2,1
0.0,0.19,0.19,7.934,0.75,0.82,5.742,7.2,1
0.0,2.22,0.63,6.49,0.0,0.0,2.923,7.2,1
0.0,1.04,1.05,23.945,0.22,0.72,3.16,7.2,1
0.0,4.32,1.55,9.244,1.17,10.82,5.964,7.2,1
0.0,1.76,1.76,87.805,0.0,0.0,6.003,7.2,1
0.0,2.3149993,8.1950035,6.995002,0.695,4.8949995,3.0140007,7.2,1
0.0,0.40500006,0.5749999,-0.11200006,0.074999996,0.0,2.5770006,7.2,1
0.0,0.66,0.66,19.837,0.68,2.68,5.979,7.2,1
0.0,0.68499994,2.9050007,7.0429983,0.16500002,1.2649999,3.1969993,7.2,1
0.0,5.06,1.4,8.125,0.0,0.0,5.804,7.2,1
0.0,3.03,3.03,114.511,0.0,0.0,4.239,7.2,1
0.0,0.45499992,0.925,2.9160006,0.074999996,0.074999996,3.2909994,7.2,1
0.0,1.5250006,3.3150008,5.0550017,1.1850005,5.605002,3.3590007,7.2,1
0.0,0.27499995,0.60999995,1.6189995,0.074999996,0.074999996,3.2119994,7.2,1
0.0,1.95,1.95,39.367,0.0,0.0,3.321,7.2,1
0.0,3.1350007,3.2949994,2.6439993,0.074999996,0.074999996,5.859998,7.2,1
0.0,1.3449997,0.5749999,8.131003,0.0,0.074999996,5.9790015,7.2,1
0.0,4.78,5.33,256.441,1.1,32.52,6.184,7.2,1
0.0,9.02,11.72,522.897,0.0,0.0,5.99,7.2,1
0.0,3.82,3.82,100.514,0.0,0.0,3.274,7.2,1
0.0,3.06,3.07,42.179,0.28,5.21,6.075,7.2,1
0.0,2.29,0.7,7.187,0.56,4.02,3.138,7.2,1
0.0,8.29,2.73,7.575,0.0,0.0,3.196,7.2,1
0.0,2.2350006,13.785003,7.237002,1.1649995,8.954997,3.1749992,7.2,1
0.0,0.8249999,1.4849994,5.039998,0.074999996,0.0,3.3539994,7.2,1
0.0,2.7550006,1.3750005,1.9950005,1.2150005,2.1150007,2.7910006,7.2,1
0.0,2.86,2.99,142.494,0.0,0.0,5.909,7.2,1
0.0,0.22500008,1.0750005,1.6360005,1.05,1.5799996,5.1279984,7.2,1
0.0,4.794998,2.6649992,6.429002,0.39499992,1.9549999,2.8670006,7.2,1
0.0,2.0649996,7.5949984,11.677997,0.31499994,2.8399994,5.755998,7.2,1
0.0,1.6849995,0.75499994,5.604998,0.074999996,0.0,3.3019993,7.2,1
0.0,0.2850001,2.0399997,1.01,1.2650006,1.0349995,2.5370004,7.2,1
0.0,1.69,2.14,35.055,0.53,3.12,3.486,7.2,1
0.0,0.40499994,1.5450006,2.7070007,0.0,0.074999996,2.7759993,7.2,1
0.0,1.73,0.5,10.479,0.0,0.0,6.057,7.2,1
0.0,1.58,1.78,77.806,0.0,0.0,5.415,7.2,1
0.0,3.9049993,15.495003,11.671997,0.074999996,0.0,2.9530008,7.2,1
0.0,0.7749999,1.7749995,5.2869983,0.37499994,1.5349995,3.2479994,7.2,1
0.0,3.4050007,3.5749993,6.5560017,0.074999996,0.074999996,5.6139984,7.2,1
0.0,3.1049993,15.520002,9.811997,0.74500006,8.054998,3.2889993,7.2,1
0.0,1.3450005,2.7450006,6.8239985,0.0,0.074999996,3.1969993,7.2,1
0.0,1.4249995,1.7699996,1.4430006,0.87499994,3.7050006,3.0740006,7.2,1
0.0,3.18,1.03,10.671,0.62,6.62,3.356,7.2,1
0.0,6.39,2.5,6.225,0.0,0.0,2.936,7.2,1
0.0,1.2249994,0.48499992,2.4990005,0.61499995,1.3149995,2.0549996,7.2,1
0.0,3.4049993,11.4450035,10.853997,0.99499995,9.845003,3.1620007,7.2,1
0.0,1.0899998,3.6350007,6.7230015,0.074999996,0.074999996,5.860998,7.2,1
0.0,2.0,2.9,36.225,0.0,0.0,2.235,7.2,1
0.0,0.5949999,1.5949994,5.3069983,0.074999996,0.044999998,3.3169994,7.2,1
0.0,0.935,1.3850005,-0.20500007,0.40499994,1.6749995,5.1679983,7.2,1
0.0,4.3850017,13.385003,14.256997,0.93499994,12.125003,3.2150006,7.2,1
0.0,2.76,3.1,131.399,0.0,0.0,5.836,7.2,1
0.0,1.55,1.55,29.299,0.0,0.0,3.214,7.2,1
0.0,1.5350006,2.4849994,14.743003,0.5850001,9.854997,6.224002,7.2,1
0.0,4.6749983,2.8449993,10.283997,0.7649999,7.1150017,5.2149982,7.2,1
0.0,1.1949995,1.3450005,2.6699994,0.53499997,3.4450006,5.9569983,7.2,1
0.0,0.54499996,1.7550005,9.887003,0.074999996,0.074999996,6.0050015,7.2,1
0.0,1.4449995,1.5950005,1.3210006,0.26500002,2.4850006,5.9349985,7.2,1
0.0,0.6050001,1.4850005,0.16499996,0.074999996,0.0,2.7490005,7.2,1
0.0,1.1550006,5.0349984,3.2030008,0.0,0.074999996,3.1099994,7.2,1
0.0,3.3050008,3.4649994,0.33599994,0.18499994,2.2050006,6.0689983,7.2,1
0.0,0.81,1.67,13.377,0.0,0.0,2.519,7.2,1
0.0,1.4149995,2.6950006,0.39799994,0.5949999,1.4449995,1.8879995,7.2,1
0.0,3.51,3.51,51.929,0.0,0.0,6.074,7.2,1
0.0,3.3750007,1.6850005,5.151002,0.074999996,0.044999998,3.0970006,7.2,1
0.0,2.24,2.24,35.175,1.2,8.38,3.117,7.2,1
0.0,4.65,1.55,4.945,0.95,4.7,3.211,7.2,1
0.0,3.28,1.24,10.058,1.18,11.87,3.066,7.2,1
0.0,0.15499997,0.16000003,0.41400006,0.074999996,0.074999996,2.6489992,7.2,1
0.0,2.2750006,1.7750006,7.1149983,0.86499995,5.7550015,3.1349993,7.2,1
0.0,1.2950006,6.9549985,3.7530007,1.1849995,4.895002,3.2129993,7.2,1
0.0,2.5750008,3.1049993,1.4630005,0.074999996,0.0,3.1910007,7.2,1
0.0,2.1150007,2.4750006,1.2570006,0.5749999,3.0350006,2.7650006,7.2,1
0.0,1.5249995,0.8949999,5.017998,0.014999997,0.0,3.2579994,7.2,1
0.0,2.16,2.43,70.054,0.0,0.0,5.968,7.2,1
0.0,2.0750008,3.1949992,-0.40700006,0.074999996,0.0,3.1000006,7.2,1
0.0,0.8349999,2.8849993,16.758003,0.34499994,4.6150017,6.0650015,7.2,1
0.0,3.06,3.06,78.957,0.0,0.0,3.284,7.2,1
0.0,3.38,1.35,7.94,0.36,2.86,5.925,7.2,1
0.0,1.3150005,3.5549994,20.997004,0.9049999,17.564997,6.1300015,7.2,1
0.0,2.61,2.61,64.485,0.16,1.36,3.25,7.2,1
0.0,1.9150006,3.3950007,11.179003,0.0,0.0,3.3179994,7.2,1
0.0,1.4149995,3.1449993,-0.4170001,0.47499993,1.8349994,3.1340008,7.2,1
0.0,0.115,0.17999998,0.38400006,0.0,0.074999996,3.2159996,7.2,1
0.0,3.42,1.21,10.559,1.28,13.52,3.087,7.2,1
0.0,0.9049999,3.5750008,3.0070007,0.0,0.074999996,3.7879994,7.2,1
0.0,1.2549995,9.744997,3.3560007,0.0,0.0,2.6549993,7.2,1
0.0,0.037499998,0.01,0.108,0.36499998,0.0,5.6970005,7.2,1
0.0,1.1749995,1.3450005,2.4099994,0.41499993,2.5650008,6.1279984,7.2,1
0.0,0.7049999,2.9349992,1.9930006,0.0,0.074999996,2.1019993,7.2,1
0.0,0.825,0.38499993,4.6919985,0.0075,0.074999996,5.960002,7.2,1
0.0,0.74,0.75,23.422,0.21,0.5,3.218,7.2,1
0.0,0.96499974,0.42499992,1.5199995,0.074999996,0.0,1.6090006,7.2,1
0.0,0.62,0.64,28.604,1.06,3.96,6.023,7.2,1
0.0,0.30499995,0.8349999,2.4150007,0.68499994,1.5950005,3.3949993,7.2,1
0.0,3.03,3.51,34.558,0.0,0.0,2.319,7.2,1
0.0,3.2250006,3.3949993,0.70399994,0.074999996,0.0,3.1770008,7.2,1
0.0,4.31,8.38,114.273,0.0,0.0,5.372,7.2,1
0.0,1.12,1.14,48.945,0.24,1.55,5.777,7.2,1
0.0,1.7949995,0.79499996,5.682998,0.8949999,4.7950015,3.1539993,7.2,1
0.0,2.59,0.95,8.365,0.0,0.0,3.23,7.2,1
0.0,3.6199996,3.6300006,9.049,0.074999996,0.0,2.4860003,7.2,1
0.0,0.75499994,2.5550008,6.063998,0.28499994,1.2149994,3.0119994,7.2,1
0.0,1.05,1.05,17.235,0.0,0.0,3.059,7.2,1
0.0,0.68500006,0.8449999,-0.27900007,0.0,0.0,3.0200007,7.2,1
0.0,2.0150003,8.345003,9.193003,0.067499995,0.0,4.7169986,7.2,1
0.0,3.85,2.05,22.891,0.9,20.6,5.946,7.2,1
0.0,3.93,1.09,13.002,0.0,0.0,3.308,7.2,1
0.0,0.41500008,0.21499993,1.4979994,0.074999996,0.0,3.2849994,7.2,1
0.0,2.5349994,5.254998,6.8720016,0.44499993,2.4350007,2.6880007,7.2,1
0.0,3.68,3.68,128.381,0.46,10.24,6.048,7.2,1
0.0,1.4649994,0.47499993,4.6739984,0.4649999,1.8049997,3.1589994,7.2,1
0.0,0.6549999,2.3949993,7.0019984,0.9149999,6.015002,3.1389992,7.2,1
0.0,3.1949992,10.535003,9.0809965,0.55,4.874998,2.8120008,7.2,1
0.0,1.6349995,0.4649999,1.4650005,0.24499993,0.16500007,3.5830007,7.2,1
0.0,2.0250006,0.99499995,6.0699983,1.1650006,6.7750015,3.0009995,7.2,1
0.0,2.0950007,2.0150003,6.302998,0.074999996,0.074999996,3.0139992,7.2,1
0.0,3.6349993,5.8050017,33.311005,0.62499994,18.434998,5.902002,7.2,1
0.0,7.42,2.49,5.864,1.17,6.86,2.889,7.2,1
0.0,0.7049999,2.6500006,7.5569983,0.5949999,3.8950007,3.6079993,7.2,1
0.0,0.7950001,0.9549999,1.8180006,0.074999996,0.0,5.958998,7.2,1
0.0,0.29499993,2.9850006,2.3260007,0.0,0.074999996,1.7980006,7.2,1
0.0,1.8149995,0.88499993,2.7409992,1.005,2.4050007,3.2160006,7.2,1
0.0,0.29499993,0.92499995,4.998998,0.49500006,2.8149993,6.0440016,7.2,1
0.0,10.78,3.28,9.049,0.0,0.0,3.11,7.2,1
0.0,2.2550006,2.4149992,0.23899993,0.074999996,0.0,2.5760007,7.2,1
0.0,0.6649999,1.5750005,9.012003,0.825,7.705002,6.1740017,7.2,1
0.0,2.0050006,2.4249992,0.6119999,1.2750006,7.2149982,2.8450007,7.2,1
0.0,1.3049995,3.4249992,3.5499992,1.0850005,3.4350007,6.0209985,7.2,1
0.0,1.1949995,0.67499995,3.8530006,0.67499995,2.4349992,3.1679993,7.2,1
0.0,1.0849994,1.2550005,1.8130006,0.074999996,0.0,5.953998,7.2,1
0.0,0.69500005,0.6449999,2.3020008,1.3,2.8450007,3.1619992,7.2,1
0.0,2.45,2.58,48.862,0.0,0.0,3.689,7.2,1
0.0,0.39499992,0.45500004,1.5979995,0.5149999,0.81499994,3.2319994,7.2,1
0.0,0.56499994,1.6450006,9.151003,0.074999996,0.074999996,5.9510016,7.2,1
0.0,6.59,1.45,4.066,0.35,1.42,2.843,7.2,1
0.0,3.05,3.6,160.892,0.0,0.0,5.748,7.2,1
0.0,1.72,1.72,18.966,0.0,0.0,3.246,7.2,1
0.0,2.54,2.54,68.668,0.0,0.0,5.526,7.2,1
0.0,2.0,2.01,108.817,0.0,0.0,5.957,7.2,1
0.0,1.88,5.14,31.131,0.0,0.0,6.068,7.2,1
0.0,4.05,0.94,5.492,0.0,0.0,5.905,7.2,1
0.0,0.5849999,3.7999997,4.1489983,0.7250001,3.4549994,5.290002,7.2,1
0.0,3.04,3.08,105.009,0.0,0.0,5.818,7.2,1
0.0,1.68,0.51,9.679,0.95,9.2,5.761,7.2,1
0.0,1.5250006,4.0950003,11.967003,0.0,0.0,3.0339994,7.2,1
0.0,1.6750001,4.5949984,10.228997,0.074999996,0.074999996,6.0419984,7.2,1
0.0,0.48,0.49,25.839,0.29,0.77,5.506,7.2,1
0.0,1.0949994,0.5949999,3.6090007,1.2250005,4.3150015,3.2239993,7.2,1
0.0,1.15,1.15,17.434,0.0,0.0,3.174,7.2,1
0.0,1.2550005,1.2650006,11.304003,0.074999996,0.0,3.3359993,7.2,1
0.0,0.7850001,0.94499993,-0.17900008,1.2250005,3.1750007,3.2060006,7.2,1
0.0,0.060000002,0.21500006,0.30399996,0.08500002,0.03,2.9690006,7.2,1
0.0,3.3649993,15.515003,10.801997,0.074999996,0.0,3.1850007,7.2,1
0.0,1.73,1.74,38.053,0.0,0.0,6.049,7.2,1
0.0,0.7249999,1.2949995,1.4930003,1.1050005,1.4149995,2.213,7.2,1
0.0,0.17499995,0.38499993,1.6829995,0.0,0.074999996,5.935002,7.2,1
0.0,1.2049994,0.47499993,2.4069993,0.074999996,0.074999996,5.9039984,7.2,1
0.0,20.83,4.5,12.06,0.0,0.0,2.811,7.2,1
0.0,3.9849994,13.515003,11.900997,0.074999996,0.0,2.9500008,7.2,1
0.0,0.21000002,1.0550004,1.4150001,0.074999996,0.015,5.818,7.2,1
0.0,0.30500007,0.45499992,-0.43600005,0.0,0.0,5.975002,7.2,1
0.0,0.85,0.86,17.673,0.97,5.16,6.254,7.2,1
0.0,1.5149995,2.0150003,2.1699994,0.074999996,0.074999996,5.1279984,7.2,1
0.0,2.53,0.71,4.07,0.38,1.55,5.899,7.2,1
0.0,0.20000003,0.99499995,0.755,0.0,0.0,3.2979999,7.2,1
0.0,3.79,1.68,10.006,0.48,4.8,5.992,7.2,1
0.0,3.71,1.15,3.501,0.27,0.95,3.071,7.2,1
0.0,4.0350003,16.335003,12.657997,0.93499994,10.745003,3.1030006,7.2,1
0.0,0.99499995,3.2249994,17.862003,0.0,0.074999996,6.1760015,7.2,1
0.0,1.0650004,2.6550007,3.1700006,0.0,0.074999996,3.3529994,7.2,1
0.0,1.1950005,1.2850006,6.708998,0.074999996,0.0,2.9169993,7.2,1
0.0,0.4,0.4,13.748,0.0,0.0,5.972,7.2,1
0.0,2.2049994,9.175003,12.436003,0.0,0.0,5.7989984,7.2,1
0.0,1.3349994,1.6399997,1.4650005,0.074999996,0.0,3.0850008,7.2,1
0.0,2.2449994,7.584998,12.2059965,0.44499993,4.414998,5.5149984,7.2,1
0.0,2.89,0.96,3.031,0.0,0.0,3.157,7.2,1
0.0,0.044999998,0.08,0.15799999,0.06,0.03,2.4579992,7.2,1
0.0,1.0649999,5.144998,3.9479997,0.0,0.0,3.7999992,7.2,1
0.0,0.30500007,0.20499992,0.47999993,0.69499993,0.17500007,3.0400007,7.2,1
0.0,0.5949999,1.1850005,6.6869984,0.55499995,3.3249993,6.1670017,7.2,1
0.0,5.914998,5.914998,7.3670015,0.47499993,14.475003,5.997998,7.2,1
0.0,1.9449997,1.3250005,12.216003,1.1950005,13.844997,6.1600018,7.2,1
0.0,0.80500007,0.9649999,0.84199995,1.0850005,2.7050006,3.0530007,7.2,1
0.0,2.27,2.27,66.174,0.0,0.0,5.523,7.2,1
0.0,2.37,2.71,47.448,0.0,0.0,3.165,7.2,1
0.0,2.63,2.94,64.546,0.0,0.0,2.814,7.2,1
0.0,1.9650005,6.1349983,11.482003,0.87499994,9.324997,6.039998,7.2,1
0.0,0.19499993,0.55499995,2.7260008,0.0,0.074999996,6.0350018,7.2,1
0.0,2.9949994,8.385003,9.847997,0.074999996,0.0,3.2720006,7.2,1
0.0,6.44,1.75,4.907,1.28,6.28,3.125,7.2,1
0.0,2.0950007,0.98499995,6.7149982,0.074999996,0.0,3.2039993,7.2,1
0.0,5.48,2.31,7.494,0.0,0.0,3.258,7.2,1
0.0,1.8749995,0.6649999,6.517998,0.32499993,1.5749995,3.4559994,7.2,1
0.0,0.79499996,0.79499996,8.324003,0.074999996,0.0,2.8829994,7.2,1
0.0,26.98,7.44,45.73,0.0,0.0,6.147,7.2,1
0.0,2.4850006,3.2950006,3.5499992,0.074999996,0.059999995,2.7730007,7.2,1
0.0,2.4350007,0.80499995,1.8880005,0.32499993,0.37500006,2.8030007,7.2,1
0.0,2.3050008,2.8950007,3.0349994,0.8449999,11.145003,6.0489984,7.2,1
0.0,5.56,1.9,7.965,1.01,8.04,5.106,7.2,1
0.0,6.77,2.82,14.322,1.07,15.32,5.079,7.2,1
0.0,1.2349994,1.3950006,2.6029994,1.0950005,7.7049985,5.747998,7.2,1
0.0,2.59,0.74,15.807,0.0,0.0,6.103,7.2,1
0.0,0.6549999,1.3149997,2.9900007,0.0,0.074999996,2.9389994,7.2,1
0.0,1.7649995,0.47499993,1.3340005,0.074999996,0.0,3.1530006,7.2,1
0.0,4.3849983,2.5349994,6.872,0.8249999,5.225002,3.0770006,7.2,1
0.0,3.8350008,2.8149993,7.4250016,0.074999996,0.074999996,5.7119985,7.2,1
0.0,0.089999996,0.025,0.37300003,0.21499993,0.095,5.528,7.2,1
0.0,2.38,0.68,13.74,0.0,0.0,5.773,7.2,1
0.0,0.43,0.89,15.809,0.0,0.0,4.088,7.2,1
0.0,3.83,1.07,3.434,0.95,3.26,3.209,7.2,1
0.0,2.14,2.15,26.658,1.0,13.13,6.136,7.2,1
0.0,2.3450007,1.8050005,13.572003,0.7849999,9.764997,5.7140017,7.2,1
0.0,2.6150007,2.7749994,2.6699994,0.27499995,1.6749995,3.1870008,7.2,1
0.0,4.83,1.92,6.147,0.64,3.93,3.202,7.2,1
0.0,1.84,2.39,53.145,0.0,0.0,2.921,7.2,1
0.0,2.01,3.23,85.865,0.0,0.0,5.328,7.2,1
0.0,1.5600004,7.3249984,8.608,0.42499998,3.4550006,5.7239995,7.2,1
0.0,1.8350005,7.7849984,6.1540017,1.0950005,6.124998,3.5289993,7.2,1
0.0,3.91,5.08,63.461,1.07,12.85,3.072,7.2,1
0.0,2.0949993,3.3949993,18.308002,0.074999996,0.0,3.2299993,7.2,1
0.0,1.9450005,5.484998,10.643003,0.074999996,0.074999996,5.656998,7.2,1
0.0,2.49,3.69,38.327,0.0,0.0,4.362,7.2,1
0.0,1.03,1.03,44.088,0.61,3.77,6.008,7.2,1
0.0,0.7749999,3.8449993,15.879004,0.0,0.074999996,5.9400015,7.2,1
0.0,0.61500007,1.0750005,0.31699994,0.074999996,0.0,2.2950006,7.2,1
0.0,2.0549996,4.044998,6.533,0.99499995,6.085002,3.2240007,7.2,1
0.0,2.1850007,0.8549999,7.006998,1.015,6.7350016,3.2089994,7.2,1
0.0,0.115,0.16499999,0.36400005,0.21499996,0.14499998,3.044,7.2,1
0.0,1.3649995,1.5250006,2.0020006,0.7649999,5.7649984,5.802998,7.2,1
0.0,0.75499994,1.4150006,7.7459984,0.074999996,0.074999996,5.955002,7.2,1
0.0,2.53,3.73,72.623,0.0,0.0,3.181,7.2,1
0.0,3.99,1.35,5.782,0.0,0.0,5.507,7.2,1
0.0,1.41,1.41,36.397,0.0,0.0,6.001,7.2,1
0.0,3.37,1.04,6.022,0.45,2.71,5.847,7.2,1
0.0,1.67,1.74,50.576,0.0,0.0,3.186,7.2,1
0.0,4.395002,10.535003,14.247997,1.1850005,15.655003,3.2060006,7.2,1
0.0,1.9850005,8.645003,10.5700035,0.074999996,0.0,5.497998,7.2,1
0.0,7.37,2.83,6.965,0.0,0.0,3.123,7.2,1
0.0,0.8349999,2.5549994,11.624003,0.56500006,7.5650015,5.8380017,7.2,1
0.0,1.3749995,12.124997,8.314003,0.10500006,1.4349995,5.710998,7.2,1
0.0,1.0649995,1.41,0.70399994,0.074999996,0.0,2.9640007,7.2,1
0.0,1.4650005,2.2750006,6.5679984,0.0,0.03,3.0539994,7.2,1
0.0,0.6649999,2.21,6.282998,1.2750006,7.705002,3.0599992,7.2,1
0.0,0.74,0.74,11.443,0.58,1.41,3.293,7.2,1
0.0,1.69,2.63,78.886,0.0,0.0,5.734,7.2,1
0.0,2.9,1.33,17.335,0.0,0.0,5.978,7.2,1
0.0,3.04,4.83,97.439,0.47,8.67,6.071,7.2,1
0.0,1.5649995,2.8050008,1.3100005,0.074999996,0.0,2.6390007,7.2,1
0.0,0.5149999,1.1950005,6.6489983,0.31499994,1.6850005,6.133002,7.2,1
0.0,3.4650006,4.1549983,1.5470005,0.27499995,3.1250007,4.4489985,7.2,1
0.0,1.06,0.37499994,6.2799983,1.1150005,6.685002,6.0700016,7.2,1
0.0,0.59,0.6,33.508,1.1,3.94,6.069,7.2,1
0.0,2.6049993,12.015003,7.0950017,1.0549995,8.005001,2.7000008,7.2,1
0.0,0.76500005,1.3650005,0.120000005,0.074999996,0.0,2.4650006,7.2,1
0.0,0.044999998,0.025,0.16199997,0.44499993,0.06,2.8850002,7.2,1
0.0,3.22,3.67,54.768,1.03,10.2,3.074,7.2,1
0.0,7.29,2.13,12.255,0.0,0.0,5.754,7.2,1
0.0,7.7,2.45,6.824,0.36,2.46,3.13,7.2,1
0.0,2.2950006,2.5249994,3.9099994,0.8249999,9.755003,5.4569983,7.2,1
0.0,0.66,0.29499993,3.8840008,0.99499995,3.7149994,6.073002,7.2,1
0.0,1.3849995,0.55499995,4.479998,0.074999996,0.0,3.1949992,7.2,1
0.0,0.8549999,2.0350006,6.131998,0.69499993,3.9099994,3.0169992,7.2,1
0.0,1.6050005,2.9250007,9.177003,0.10500006,1.7450005,3.1689994,7.2,1
0.0,2.3050008,1.2350005,3.8349993,0.074999996,0.0,3.1660006,7.2,1
0.0,0.8950001,4.5550017,5.7909985,0.074999996,0.0,5.971998,7.2,1
0.0,9.68,1.96,6.376,0.0,0.0,3.27,7.2,1
0.0,0.79499996,2.0850008,6.446998,0.074999996,0.0,3.2879994,7.2,1
0.0,1.2749995,2.4950006,2.6509993,1.2750006,3.0150006,5.6489983,7.2,1
0.0,4.01,0.99,3.173,0.0,0.0,3.238,7.2,1
0.0,1.0649995,0.53499997,6.2639985,0.074999996,0.044999998,5.6360016,7.2,1
0.0,1.1549995,1.445,0.25099993,1.3,3.6550007,2.3330007,7.2,1
0.0,1.6349995,0.5949999,1.2030005,0.98499995,0.95499986,2.1370006,7.2,1
0.0,1.6850005,6.8150015,12.557003,0.13500006,1.2350005,3.5179994,7.2,1
0.0,0.42499992,18.514997,0.7580001,0.7750001,0.63500005,2.4549994,7.2,1
0.0,0.0,0.01,0.055,0.37499994,0.0,3.2749994,7.2,1
0.0,1.965,2.1249993,0.70699996,1.2350005,7.834998,3.2660007,7.2,1
0.0,3.8349993,17.055002,21.680998,1.1249995,26.004997,5.670998,7.2,1
0.0,2.1750007,2.3249993,2.5479994,0.074999996,0.074999996,5.564998,7.2,1
0.0,1.9700004,5.9049983,10.948,0.074999996,0.0,5.656998,7.2,1
0.0,1.9850004,1.6250005,8.061003,0.94499993,7.1550016,4.025,7.2,1
0.0,2.22,2.71,62.272,0.0,0.0,5.868,7.2,1
0.0,2.0050006,1.1550006,6.5569983,0.059999995,0.0,3.2629993,7.2,1
0.0,0.13500006,0.14500007,-0.029999994,0.0,0.0,3.1250007,7.2,1
0.0,0.4649999,0.935,2.1730006,1.1550006,2.5049994,2.3009994,7.2,1
0.0,1.4999998,0.6449999,9.175003,0.0,0.074999996,6.1210017,7.2,1
0.0,0.22500008,0.20499992,0.7649999,1.0550004,0.6050001,5.6749983,7.2,1
0.0,0.36499992,1.6149995,1.3799995,0.7849999,1.1050005,1.8710005,7.2,1
0.0,3.3449993,9.335003,18.548998,0.074999996,0.0,5.5749984,7.2,1
0.0,1.01,0.54499996,5.9019985,0.074999996,0.074999996,5.993002,7.2,1
0.0,0.28500006,1.6850005,1.001,0.26000002,0.23500004,2.8670006,7.2,1
0.0,5.95,1.45,8.385,0.0,0.0,5.823,7.2,1
0.0,1.71,3.54,39.685,0.54,2.93,3.177,7.2,1
0.0,2.12,0.81,12.66,0.0,0.0,5.972,7.2,1
0.0,2.2450006,1.7450005,6.985998,0.55499995,3.4649994,3.1189992,7.2,1
0.0,4.05,4.05,125.402,0.0,0.0,3.277,7.2,1
0.0,2.1249993,2.3549993,18.380003,0.7649999,4.5650015,3.2489994,7.2,1
0.0,3.4600005,7.6849985,4.370002,0.074999996,0.074999996,1.1449995,7.2,1
0.0,4.9850016,21.345003,15.888997,0.074999996,0.0,3.1460006,7.2,1
0.0,6.8,2.05,7.547,0.9,6.79,5.205,7.2,1
0.0,2.8250008,2.9749994,3.0429993,0.074999996,0.074999996,3.1980007,7.2,1
0.0,3.0650008,3.2149994,3.2519994,0.074999996,0.074999996,5.9239984,7.2,1
0.0,2.48,2.49,37.739,0.64,4.93,3.108,7.2,1
0.0,2.5249994,8.555003,14.529003,0.074999996,0.0,5.8859982,7.2,1
0.0,2.37,2.54,64.079,0.34,5.16,6.408,7.2,1
0.0,2.49,1.02,16.0,0.0,0.0,6.426,7.2,1
0.0,0.98,0.99,54.571,0.0,0.0,5.92,7.2,1
0.0,2.0950007,1.1350005,5.985998,0.074999996,0.0,2.8679993,7.2,1
0.0,2.3650007,2.5149994,6.4380016,0.074999996,0.074999996,5.7539983,7.2,1
0.0,1.9850004,2.1349993,-0.116000056,0.074999996,0.0,5.748998,7.2,1
0.0,0.32499993,0.32499993,1.8429995,0.074999996,0.074999996,3.3149993,7.2,1
0.0,0.4,1.45,10.8,0.0,0.0,3.062,7.2,1
0.0,0.51500005,0.67499995,0.48399994,1.3,2.4150007,3.1720006,7.2,1
0.0,1.1550006,2.2750006,3.4840007,0.28499994,0.8249999,3.295,7.2,1
0.0,8.23,2.59,15.512,0.23,3.57,6.012,7.2,1
0.0,0.13499999,0.13499999,0.85600007,0.9749999,0.26499993,3.5079994,7.2,1
0.0,1.5849994,1.7450005,3.0919993,0.074999996,0.074999996,5.7149982,7.2,1
0.0,0.5250001,0.38499993,3.5240006,0.37499994,1.1550006,6.073002,7.2,1
0.0,1.85,1.85,44.127,1.16,6.8,3.166,7.2,1
0.0,5.61,1.16,6.781,0.0,0.0,5.897,7.2,1
0.0,0.26499993,0.47500008,1.6279994,0.5949999,0.9649999,3.1709993,7.2,1
0.0,6.11,1.59,9.642,1.28,12.34,6.103,7.2,1
0.0,4.57,1.87,11.119,0.95,10.56,5.978,7.2,1
0.0,0.705,0.27499995,4.031998,0.022499999,0.06,6.027002,7.2,1
0.0,0.555,2.6250007,1.6329994,0.074999996,0.014999997,3.2379994,7.2,1
0.0,1.9549999,0.7749999,6.5569983,0.074999996,0.0,3.3419993,7.2,1
0.0,0.27500007,0.375,0.45999992,0.25499994,0.27500007,5.4309983,7.2,1
0.0,1.3549994,2.2850006,1.2750006,0.074999996,0.0,3.1170006,7.2,1
0.0,4.36,1.22,3.912,0.79,3.09,3.233,7.2,1
0.0,5.26,1.55,5.16,0.12,0.62,3.351,7.2,1
0.0,1.8750005,4.1549983,9.878998,0.074999996,0.074999996,5.387998,7.2,1
0.0,1.3049995,2.4550006,0.7749999,0.38499993,1.1849995,2.8760006,7.2,1
0.0,2.6250007,1.2650006,7.189998,0.074999996,0.074999996,6.0819983,7.2,1
0.0,0.19500008,0.19500008,0.28299993,0.0,0.0,3.2180007,7.2,1
0.0,3.1550007,1.6450006,9.148003,0.074999996,0.074999996,5.987002,7.2,1
0.0,0.5250001,0.68499994,0.38699993,1.005,3.3450007,6.0619984,7.2,1
0.0,2.13,2.23,66.241,1.27,15.04,5.558,7.2,1
0.0,2.2449994,7.2849984,6.844002,0.06500001,0.87500006,3.0440006,7.2,1
0.0,1.2650006,3.3849993,12.177003,0.34499994,3.2350006,4.027,7.2,1
0.0,1.6050005,3.2350006,4.824999,0.074999996,0.0,3.1530004,7.2,1
0.0,0.67499995,2.4149992,13.642003,0.86499995,10.914997,5.962002,7.2,1
0.0,0.9849996,1.1350005,0.43999994,0.074999996,0.0,5.808998,7.2,1
0.0,1.8,1.98,24.316,0.0,0.0,2.981,7.2,1
0.0,0.06500001,4.705002,-0.46300006,0.9749999,0.33500007,3.2110007,7.2,1
0.0,0.50500005,0.6549999,-0.5110001,0.0,0.0,5.8649983,7.2,1
0.0,1.99,1.9750005,6.398,1.1750005,7.125002,3.2499993,7.2,1
0.0,0.28999996,0.48500007,0.90199995,0.0,0.03,3.1060007,7.2,1
0.0,3.47,1.23,10.66,0.79,8.42,3.072,7.2,1
0.0,0.49500006,0.40499994,3.2910006,0.074999996,0.0075,5.980002,7.2,1
0.0,0.935,1.0850005,0.55499995,0.6549999,3.4650006,5.9709983,7.2,1
0.0,0.84,0.84,29.698,0.0,0.0,5.926,7.2,1
0.0,1.66,1.67,62.064,0.58,5.85,6.073,7.2,1
0.0,8.06,4.06,13.192,0.0,0.0,5.341,7.2,1
0.0,0.32500008,0.24499993,0.48299992,0.037499998,0.0,2.4750006,7.2,1
0.0,1.0550004,2.3549993,11.722003,1.0649995,13.524997,5.2720017,7.2,1
0.0,3.83,1.06,6.371,0.22,1.4,6.068,7.2,1
0.0,3.9,1.3,22.91,0.0,0.0,5.874,7.2,1
0.0,3.1850007,27.924997,8.152997,0.0,0.0,2.4030006,7.2,1
0.0,2.3149993,8.235003,6.2480016,1.0850005,6.1549983,2.6810007,7.2,1
0.0,1.6350001,7.274998,9.877998,0.48499992,3.9550002,5.9949985,7.2,1
0.0,1.1550006,2.3849993,14.140003,1.1549995,17.554996,6.2290015,7.2,1
0.0,2.0350006,1.3750005,1.8280005,1.3,2.1850007,1.8509995,7.2,1
0.0,0.43499994,1.3349994,2.6750007,0.5250001,1.7250005,4.119002,7.2,1
0.0,2.0250006,1.5050005,6.104998,0.7249999,4.0950017,3.0179994,7.2,1
0.0,3.8149993,10.785003,11.647997,0.074999996,0.0,3.0190008,7.2,1
0.0,7.58,4.55,11.753,0.46,5.41,4.72,7.2,1
0.0,0.935,0.48499992,3.0590007,0.24499993,0.515,3.1779993,7.2,1
0.0,2.2150006,1.015,7.1859984,0.44499993,2.7649994,3.2459993,7.2,1
0.0,1.81,1.95,76.004,0.25,2.75,6.074,7.2,1
0.0,4.314998,2.6849992,10.641003,0.8350001,9.824997,5.748998,7.2,1
0.0,0.80500007,0.9549999,0.31499994,1.2150005,3.3050008,3.2970006,7.2,1
0.0,5.584998,3.1649992,8.558003,0.074999996,0.0,2.9970007,7.2,1
0.0,0.295,2.3850007,1.5429995,0.074999996,0.0,5.794,7.2,1
0.0,9.9,2.54,13.948,0.34,4.74,5.513,7.2,1
0.0,1.2549995,1.6049994,1.4080005,0.33499992,1.0149995,3.0720007,7.2,1
0.0,0.5250001,0.67499995,0.3839999,0.5749999,0.9050001,3.1980007,7.2,1
0.0,0.39499992,1.1250005,6.0899982,1.1899996,7.7850018,5.9460015,7.2,1
0.0,3.66,1.22,3.526,0.94,3.31,2.914,7.2,1
0.0,0.4650001,1.2649995,3.4599993,0.34499994,0.8350001,6.1939983,7.2,1
0.0,1.5649995,1.8250005,0.8069999,0.074999996,0.0,3.0920007,7.2,1
0.0,1.1549995,1.3150005,-0.42200008,0.074999996,0.0,5.7639985,7.2,1
0.0,2.41,2.88,36.77,0.0,0.0,2.349,7.2,1
0.0,2.1050007,12.444997,13.346003,0.0,0.0,6.0809984,7.2,1
0.0,1.6049994,1.7550005,1.0700005,0.074999996,0.074999996,5.6009984,7.2,1
0.0,5.34,2.69,6.93,0.0,0.0,3.136,7.2,1
0.0,2.19,3.04,51.86,0.0,0.0,2.793,7.2,1
0.0,2.8950007,2.1149993,11.324003,0.5749999,5.7750015,3.9129994,7.2,1
0.0,2.49,2.84,41.004,0.27,2.16,3.214,7.2,1
0.0,0.87499994,2.7949994,8.367003,0.074999996,0.0,3.1789994,7.2,1
0.0,1.1950005,2.8649993,11.056003,0.074999996,0.0,4.0650015,7.2,1
0.0,2.0450006,1.2050005,11.014003,0.0,0.074999996,5.3060017,7.2,1
0.0,1.9449997,1.1850005,6.2739983,1.1050005,6.6150017,3.2179992,7.2,1
0.0,1.9349996,0.94499993,6.0339985,1.015,5.8150015,3.1139994,7.2,1
0.0,1.0949994,1.2450005,1.2420006,0.074999996,0.0,3.1740007,7.2,1
0.0,4.3,1.1,6.015,0.17,1.02,5.518,7.2,1
0.0,5.55,1.22,7.155,1.04,7.44,5.865,7.2,1
0.0,1.8649995,0.7249999,6.0149984,0.074999996,0.0,3.2139993,7.2,1
0.0,0.19499993,0.20499992,1.5329995,0.074999996,0.074999996,3.2499993,7.2,1
0.0,0.56499994,2.1350007,7.064998,0.4650001,3.9349992,5.9760017,7.2,1
0.0,1.4450005,1.8950006,11.089003,1.1749995,5.5050015,3.2459993,7.2,1
0.0,3.2450006,1.5750005,4.725002,0.074999996,0.0,3.0460007,7.2,1
0.0,3.1849992,10.425003,10.453997,0.074999996,0.0,3.2620006,7.2,1
0.0,1.0349995,5.2399993,6.8840017,1.1850005,7.6350017,6.058998,7.2,1
0.0,1.3749995,36.464996,4.597998,0.0,0.0,3.1480007,7.2,1
0.0,2.1850007,1.1750005,6.162998,0.074999996,0.0,2.8349993,7.2,1
0.0,3.2949994,12.105003,19.014997,1.0949994,22.234997,5.8069983,7.2,1
0.0,2.0750008,2.6949992,-0.24500006,0.49499992,3.0650008,3.4050007,7.2,1
0.0,16.89,3.48,10.903,0.0,0.0,3.142,7.2,1
0.0,2.6950006,1.5950005,13.507003,0.0,0.074999996,4.9780016,7.2,1
0.0,3.0199995,3.0449994,25.483004,0.43499994,3.3049994,3.1089993,7.2,1
0.0,15.67,4.01,18.709,0.71,13.28,4.689,7.2,1
0.0,0.67,0.67,18.919,0.0,0.0,5.834,7.2,1
0.0,0.41499993,1.0850005,5.847998,0.03,0.074999996,5.9980016,7.2,1
0.0,2.65,2.66,151.853,0.0,0.0,6.073,7.2,1
0.0,0.82,0.83,35.254,0.34,1.76,6.295,7.2,1
0.0,0.45,0.9,19.697,0.77,1.61,4.636,7.2,1
0.0,2.5950007,2.7449994,2.0100002,0.99499995,13.665003,5.518998,7.2,1
0.0,4.53,1.8,5.984,0.0,0.0,3.324,7.2,1
0.0,1.2849995,1.4350005,1.8810005,0.31499994,1.8249995,5.743998,7.2,1
0.0,2.73,2.74,59.997,1.06,17.36,5.999,7.2,1
0.0,1.1949997,1.3150005,10.907003,0.8349999,3.0049994,3.1849992,7.2,1
0.0,1.0450003,1.6849995,4.9619985,0.0,0.074999996,3.2429993,7.2,1
0.0,1.5249995,3.2249994,1.6170006,1.1550006,9.635003,5.545998,7.2,1
0.0,1.6,1.6,38.283,0.0,0.0,3.248,7.2,1
0.0,3.1950006,3.3549993,-0.16700007,0.5849999,5.1549983,3.0610006,7.2,1
0.0,2.2450006,2.9050007,1.3950006,0.9149999,5.794998,2.9390006,7.2,1
0.0,5.5950017,20.225002,33.204002,0.074999996,0.0,5.953998,7.2,1
0.0,3.48,3.78,53.613,0.0,0.0,3.235,7.2,1
0.0,2.92,1.23,10.601,0.0,0.0,3.63,7.2,1
0.0,0.6549999,3.4949996,5.123998,0.0,0.074999996,3.4509993,7.2,1
0.0,0.30500007,0.17499995,0.6309999,0.0,0.0,5.484998,7.2,1
0.0,2.9349992,9.715003,12.409997,0.27499995,2.3950007,4.2379985,7.2,1
0.0,1.9349996,10.675003,6.0110016,0.45500004,3.0750008,3.0279994,7.2,1
0.0,4.36,1.0,5.88,0.62,3.65,5.939,7.2,1
0.0,1.9249995,10.614997,6.2509985,0.044999994,0.68500006,3.2379994,7.2,1
0.0,1.4949995,1.6450006,3.2309992,0.25499994,1.6149995,5.9039984,7.2,1
0.0,0.56500006,0.66999996,1.5140005,0.55499995,1.5149995,5.1079984,7.2,1
0.0,1.8149995,1.9650005,2.9619994,0.074999996,0.074999996,5.7529984,7.2,1
0.0,3.0150006,3.2449994,1.8050005,1.1450006,8.185003,2.4220006,7.2,1
0.0,2.1750007,2.5850008,3.0359993,1.1050005,6.2249985,2.6440008,7.2,1
0.0,0.81,0.82,13.732,0.0,0.0,2.193,7.2,1
0.0,2.68,3.02,158.424,0.0,0.0,6.176,7.2,1
0.0,2.1250007,1.3350005,12.371003,0.0,0.074999996,5.732002,7.2,1
0.0,1.3449994,0.81499994,4.1329985,0.75499994,2.9349992,3.0379994,7.2,1
0.0,1.0650004,2.0250006,6.0050015,0.074999996,0.0,5.914998,7.2,1
0.0,4.88,1.64,7.04,0.11,0.77,4.293,7.2,1
0.0,2.9449992,3.4049993,28.924004,0.074999996,0.0,4.434002,7.2,1
0.0,1.28,1.29,37.568,0.0,0.0,5.425,7.2,1
0.0,2.04,2.48,86.959,1.03,10.36,4.931,7.2,1
0.0,3.57,1.02,16.59,0.0,0.0,4.647,7.2,1
0.0,2.5050006,1.7050005,5.3010015,1.3,6.5050015,4.243998,7.2,1
0.0,1.49,2.14,20.558,0.57,2.97,3.491,7.2,1
0.0,4.67,2.31,27.493,0.19,5.22,5.887,7.2,1
0.0,2.92,2.93,151.979,0.29,4.97,5.866,7.2,1
0.0,14.4,3.31,17.895,0.0,0.0,5.423,7.2,1
0.0,3.2050006,3.3350008,4.2920017,1.2450005,10.705003,2.7340007,7.2,1
0.0,1.75,2.72,103.027,0.11,1.16,6.003,7.2,1
0.0,3.68,3.69,122.138,0.67,14.57,5.911,7.2,1
0.0,2.3,0.77,12.941,0.92,11.91,5.627,7.2,1
0.0,2.0750008,0.86499995,7.6359982,0.45499992,3.0049994,3.6619992,7.2,1
0.0,2.84,1.3,14.527,0.38,5.52,5.115,7.2,1
0.0,1.6449995,1.7950006,1.011,1.0350002,4.9949985,2.9950006,7.2,1
0.0,0.30499995,1.1150005,1.9880004,1.2250005,2.4449992,3.8259993,7.2,1
0.0,1.0149995,1.1650006,2.2109993,0.31499994,1.5249995,6.0219984,7.2,1
0.0,1.68,2.28,41.455,1.04,6.09,3.485,7.2,1
0.0,0.17499995,0.2850001,0.6040001,0.22499993,0.17499995,2.0150003,7.2,1
0.0,2.0150006,2.1050007,3.1639993,1.1050005,6.6749983,3.0630007,7.2,1
0.0,0.26499993,0.81499994,2.3200006,0.48499992,1.0550004,3.3109994,7.2,1
0.0,1.015,2.6050007,3.0670006,0.8349999,2.4649994,3.4179993,7.2,1
0.0,1.4050006,3.1050007,4.247998,0.074999996,0.059999995,3.3099995,7.2,1
0.0,1.2650006,2.9249992,15.123003,0.074999996,0.074999996,5.4260015,7.2,1
0.0,1.6449995,0.81499994,2.5489993,0.92499995,2.0250006,3.2680006,7.2,1
0.0,1.8449994,2.9500005,0.17499995,0.074999996,0.0,3.4510007,7.2,1
0.0,1.3050005,4.0749984,6.770002,0.074999996,0.074999996,5.367998,7.2,1
0.0,2.0950007,2.3249993,1.2060006,0.074999996,0.0,2.8830006,7.2,1
0.0,1.2050005,4.334998,3.5490007,0.33000004,1.4700004,3.2819993,7.2,1
0.0,3.48,0.97,17.049,0.66,11.25,4.899,7.2,1
0.0,1.0549995,1.2050005,0.40299994,0.074999996,0.0,2.9050007,7.2,1
0.0,1.9149995,2.0649996,3.2109993,1.3,9.365003,3.6610007,7.2,1
0.0,1.37,1.63,38.816,0.0,0.0,3.312,7.2,1
0.0,0.16499996,0.20499998,1.0399996,0.044999998,0.074999996,6.186002,7.2,1
0.0,4.6750016,14.665003,26.925003,0.074999996,0.0,5.794998,7.2,1
0.0,0.31999996,0.5250001,1.2400005,0.074999996,0.044999998,3.9420004,7.2,1
0.0,0.6649999,1.3550005,6.9889984,0.074999996,0.074999996,5.594002,7.2,1
0.0,0.8349999,2.3749993,13.840003,0.074999996,0.074999996,6.151002,7.2,1
0.0,3.57,1.07,12.918,1.25,16.15,3.618,7.2,1
0.0,4.79,1.57,8.738,0.94,8.21,5.601,7.2,1
0.0,5.81,1.21,6.655,0.27,1.8,5.5,7.2,1
0.0,0.8549999,2.6450007,6.5339985,1.0949994,7.8050017,2.5049994,7.2,1
0.0,1.5150006,1.7550005,13.188003,0.67499995,1.7550005,2.0210001,7.2,1
0.0,2.52,2.52,107.926,0.0,0.0,5.881,7.2,1
0.0,0.93,4.484998,5.0359983,0.7649999,3.4550006,5.369001,7.2,1
0.0,3.0050006,1.5050005,4.752002,0.074999996,0.0,3.2900007,7.2,1
0.0,1.6150005,2.7249994,15.855003,0.87500006,15.204997,6.1090016,7.2,1
0.0,1.0950005,3.6250007,3.2500007,0.0,0.074999996,3.3349993,7.2,1
0.0,0.7149999,1.9850005,11.234003,0.7250001,9.124997,6.027002,7.2,1
0.0,3.62,1.1,14.511,0.0,0.0,4.009,7.2,1
0.0,3.21,3.41,84.28,0.15,2.81,5.837,7.2,1
0.0,1.78,1.78,43.48,0.0,0.0,5.872,7.2,1
0.0,0.7249999,1.3149995,2.1469994,0.21499993,0.36499992,3.1130006,7.2,1
0.0,1.2749995,1.4250005,0.16399996,0.074999996,0.0,5.8569984,7.2,1
0.0,0.41499993,1.1300002,3.5820007,0.074999996,0.074999996,3.3999994,7.2,1
0.0,0.70500004,0.35499993,4.1919985,0.36499992,1.3150005,6.001002,7.2,1
0.0,0.5249999,1.2450005,6.045998,0.43499994,2.2749994,5.796002,7.2,1
0.0,4.2850018,16.965004,15.151997,1.2650006,17.865004,3.5060008,7.2,1
0.0,0.47499993,1.6650006,9.547003,1.2149994,12.484997,6.165002,7.2,1
0.0,4.335002,4.3450017,33.538002,0.5949999,7.185002,3.2829993,7.2,1
0.0,1.8949995,0.73499995,5.7389984,0.5249999,2.6949992,3.0259993,7.2,1
0.0,0.13499999,0.13499999,1.6639994,0.35499993,0.125,3.0749993,7.2,1
0.0,10.81,3.91,11.181,0.0,0.0,3.038,7.2,1
0.0,0.69499993,1.2949995,3.7940006,1.1750005,4.335002,2.8989992,7.2,1
0.0,2.6350007,1.015,4.7480006,0.53499997,2.0950007,4.997998,7.2,1
0.0,0.20499992,1.7450001,1.9559999,0.56500006,1.3750005,5.152002,7.2,1
0.0,2.06,2.06,49.22,0.36,2.49,3.352,7.2,1
0.0,0.28499994,0.67499995,3.3790007,0.0,0.074999996,5.929002,7.2,1
0.0,1.7850006,2.7050006,9.456003,0.5250001,5.7950015,3.6849992,7.2,1
0.0,1.22,1.22,46.607,0.8,5.85,5.995,7.2,1
0.0,1.6350005,4.0049996,18.258003,0.074999996,0.0,5.8580017,7.2,1
0.0,3.41,3.42,202.865,0.37,7.57,6.001,7.2,1
0.0,0.8450001,0.99499995,1.4840006,0.37499994,1.4249995,5.346998,7.2,1
0.0,0.35499996,0.70500004,1.0440003,0.06,0.06,3.0510006,7.2,1
0.0,3.4449992,16.714998,11.118997,0.48500007,6.104998,3.3519993,7.2,1
0.0,2.0250006,35.304996,6.565998,0.0,0.0,3.0870006,7.2,1
0.0,3.4150007,3.5749993,5.4760017,0.074999996,0.074999996,6.116998,7.2,1
0.0,8.68,2.1,6.721,0.0,0.0,3.2,7.2,1
0.0,2.5850008,2.8750007,3.4679992,0.074999996,0.0,2.7260008,7.2,1
0.0,1.7349994,1.8850005,2.7089994,1.2850006,13.075003,5.926998,7.2,1
0.0,2.7750006,2.9349992,3.1129994,0.074999996,0.074999996,5.1809983,7.2,1
0.0,3.1749992,11.285003,18.986998,0.31499994,4.4649982,6.025998,7.2,1
0.0,3.2050006,3.3649993,1.4820005,0.28499994,2.5750008,3.7750006,7.2,1
0.0,1.1949995,6.4050016,7.617998,0.074999996,0.0,5.9819984,7.2,1
0.0,2.9550006,3.1049993,1.9710006,0.21499993,1.9950005,4.8059983,7.2,1
0.0,2.0850008,0.73499995,6.2789984,0.6449999,3.6949992,3.0169992,7.2,1
0.0,0.5850001,0.36499992,1.6070005,1.1350005,1.5449995,5.2079983,7.2,1
0.0,0.17499995,0.38499993,1.7049994,0.0,0.074999996,5.817002,7.2,1
0.0,1.38,2.7,73.34,0.0,0.0,5.646,7.2,1
0.0,1.2350005,4.745002,18.465004,1.0049995,20.094997,5.3270016,7.2,1
0.0,0.25499994,0.61499995,1.6329994,0.074999996,0.074999996,3.2979994,7.2,1
0.0,7.95,2.14,5.16,0.0,0.0,2.867,7.2,1
0.0,3.4250007,2.9949994,2.8749993,0.074999996,0.074999996,1.9109994,7.2,1
0.0,0.42499992,1.2750006,6.958998,0.074999996,0.074999996,5.9860015,7.2,1
0.0,0.27499995,0.39,1.0179995,0.15500008,0.32499993,3.1979992,7.2,1
0.0,1.8749995,0.61499995,5.8169985,0.45499992,2.3149993,3.0969994,7.2,1
0.0,7.34,1.74,10.228,0.0,0.0,5.878,7.2,1
0.0,2.0350006,2.2049994,2.3779993,0.93499994,10.455003,5.728998,7.2,1
0.0,1.5149995,0.4649999,0.91999996,0.24499993,0.06500001,2.1490006,7.2,1
0.0,3.5450006,3.8450007,3.6059992,0.92499995,9.415003,3.0100007,7.2,1
0.0,0.21499993,0.43499994,2.0980008,0.95499986,2.3149993,6.1110015,7.2,1
0.0,2.4,2.4,80.081,1.11,9.44,3.545,7.2,1
0.0,0.9049999,3.3049994,10.302003,0.074999996,0.074999996,3.2879994,7.2,1
0.0,1.1950005,3.5449994,19.582003,1.0350002,18.944998,5.7400017,7.2,1
0.0,1.85,0.53,11.362,0.0,0.0,6.142,7.2,1
0.0,2.1350007,2.5950007,2.8919992,0.074999996,0.0,3.0560007,7.2,1
0.0,11.83,2.69,11.333,0.62,7.03,4.213,7.2,1
0.0,3.0649993,12.535003,9.747997,0.13500006,1.9549999,3.1600006,7.2,1
0.0,2.3349993,6.2149982,7.139002,1.2950006,8.694997,3.0510006,7.2,1
0.0,2.8250008,2.9749994,0.25199994,0.074999996,0.0,3.0050006,7.2,1
0.0,0.8949999,2.8650007,6.1949983,0.0,0.074999996,3.2419994,7.2,1
0.0,4.11,1.67,24.518,0.21,5.15,5.965,7.2,1
0.0,4.03,1.72,8.733,0.0,0.0,5.671,7.2,1
0.0,2.0250006,0.79499996,6.0699983,0.074999996,0.0,3.0009995,7.2,1
0.0,1.0849994,2.8549993,1.1640005,1.0750005,7.1149983,6.123998,7.2,1
0.0,0.75500005,4.915002,0.28499994,1.1550006,2.6950006,3.0120006,7.2,1
0.0,2.62,3.0,57.634,1.13,15.61,5.272,7.2,1
0.0,3.4350007,3.9349992,1.7440006,0.074999996,0.0,4.701998,7.2,1
0.0,2.9750006,1.5250006,9.323003,0.074999996,0.0,3.1559994,7.2,1
0.0,2.8150008,1.4150006,7.742998,0.074999996,0.074999996,5.909002,7.2,1
0.0,3.2149994,12.775003,16.614002,0.074999996,0.0,5.2399983,7.2,1
0.0,1.2449995,1.9249995,0.74399996,0.074999996,0.0,1.8889995,7.2,1
0.0,2.8450007,1.1650006,1.3540006,0.23499992,0.12500007,1.9880004,7.2,1
0.0,0.6450001,0.80499995,0.0010000011,0.0,0.0,3.0780008,7.2,1
0.0,1.4749994,1.1250005,4.873998,1.015,4.725002,3.2679994,7.2,1
0.0,0.97,0.98,26.526,0.29,0.9,3.212,7.2,1
0.0,8.43,3.76,11.557,0.0,0.0,3.074,7.2,1
0.0,0.4650001,0.26499993,0.5659999,0.074999996,0.0,2.5090008,7.2,1
0.0,2.75,3.27,122.849,0.53,7.77,5.332,7.2,1
0.0,0.5749999,0.5949999,8.264003,0.074999996,0.074999996,5.9250016,7.2,1
0.0,1.8549994,2.0050004,5.1430016,0.074999996,0.074999996,6.0549984,7.2,1
0.0,2.36,2.78,126.238,0.0,0.0,5.644,7.2,1
0.0,1.7749995,2.4750006,2.8909993,0.22499993,1.3749995,5.1339984,7.2,1
0.0,0.92499995,2.9350007,8.499003,0.074999996,0.0,3.6619992,7.2,1
0.0,2.0749993,8.165003,6.4100018,0.115000054,1.1249995,3.0920007,7.2,1
0.0,3.0449994,8.845003,11.486997,0.074999996,0.0,3.7670007,7.2,1
0.0,2.1950006,12.354997,7.872998,0.0,0.0,3.5759993,7.2,1
0.0,9.38,2.21,9.373,0.37,3.47,4.241,7.2,1
0.0,1.1049994,1.0250001,6.4099984,0.074999996,0.074999996,5.5710015,7.2,1
0.0,0.115000054,3.8549993,-0.09200003,0.56499994,0.35500008,4.6310005,7.2,1
0.0,0.7149999,1.4850005,8.334003,1.1649995,10.504997,6.039002,7.2,1
0.0,1.7749995,2.3449993,0.40199992,0.074999996,0.0,3.0470006,7.2,1
0.0,0.94499993,1.8249995,5.7519984,0.19499993,0.62500006,3.1579993,7.2,1
0.0,0.15500008,1.1550006,0.79699993,1.1550006,0.70500004,3.0640006,7.2,1
0.0,3.14,1.31,18.188,1.28,23.28,5.792,7.2,1
0.0,1.9449997,1.5450006,11.527003,0.074999996,0.074999996,5.8190017,7.2,1
0.0,1.7850006,3.3850007,10.114997,0.074999996,0.074999996,5.795998,7.2,1
0.0,2.1050007,2.2649994,4.1290016,0.074999996,0.074999996,6.032998,7.2,1
0.0,11.44,2.74,12.25,0.0,0.0,4.471,7.2,1
0.0,1.6050005,2.8850007,6.749998,0.57500005,4.515002,2.6999993,7.2,1
0.0,9.35,1.92,6.423,0.0,0.0,3.345,7.2,1
0.0,0.44499993,1.4250005,6.1399984,0.074999996,0.074999996,4.679002,7.2,1
0.0,1.83,0.52,10.966,0.41,4.5,5.992,7.2,1
0.0,5.73,1.88,33.756,0.78,26.33,5.891,7.2,1
0.0,6.3049984,3.6049993,8.980003,1.1050005,9.404997,2.7720006,7.2,1
0.0,1.1949995,0.5849999,4.1209984,0.074999996,0.0,3.3789992,7.2,1
0.0,2.1650007,3.3250008,1.9520005,0.8449999,4.6849985,2.6830006,7.2,1
0.0,1.7949995,1.9450005,1.6000005,0.7649999,4.6549983,3.5920007,7.2,1
0.0,5.98,2.51,6.299,0.59,3.72,3.014,7.2,1
0.0,1.965,0.68499994,6.7999983,1.2750006,8.324997,3.4449992,7.2,1
0.0,6.84,1.51,4.402,0.0,0.0,2.935,7.2,1
0.0,0.78000003,3.965,4.8659983,0.074999996,0.0,5.8219986,7.2,1
0.0,1.7349994,1.8950006,2.8509994,0.30499995,1.3450001,3.1160007,7.2,1
0.0,2.62,2.62,119.525,0.45,5.89,4.997,7.2,1
0.0,0.49500006,0.33499992,1.6499995,0.074999996,0.0,3.1009994,7.2,1
0.0,1.0550004,3.1549995,6.2719984,0.80500007,5.665002,3.0269992,7.2,1
0.0,1.6250005,3.6149993,17.615004,0.074999996,0.0,5.9720016,7.2,1
0.0,6.28,2.55,11.373,1.3,14.78,5.39,7.2,1
0.0,2.4549994,6.164998,8.624997,0.074999996,0.074999996,3.5170007,7.2,1
0.0,0.6550001,0.81499994,0.4209999,0.54499996,1.0349995,3.1540008,7.2,1
0.0,0.8950001,0.34499994,2.9500008,0.7649999,2.1649992,3.1939993,7.2,1
0.0,0.67499995,1.8750005,10.623003,0.074999996,0.074999996,6.0180016,7.2,1
0.0,1.4550005,5.4949985,8.2979965,0.62499994,4.4449983,5.8839984,7.2,1
0.0,0.41499993,1.3750005,7.5209985,0.074999996,0.074999996,5.9630017,7.2,1
0.0,1.5049995,0.56499994,4.3509984,0.074999996,0.0,2.8759995,7.2,1
0.0,0.59,0.59,18.648,0.51,0.98,3.244,7.2,1
0.0,11.54,2.59,14.882,0.7,10.42,5.768,7.2,1
0.0,3.0449994,13.875003,17.816004,0.0,0.0,5.9489985,7.2,1
0.0,1.12,1.13,31.094,0.0,0.0,5.855,7.2,1
0.0,1.63,1.64,98.849,0.0,0.0,6.093,7.2,1
0.0,2.36,2.36,75.755,0.68,9.82,6.116,7.2,1
0.0,0.62000006,1.9249995,3.7889993,0.074999996,0.0,5.386998,7.2,1
0.0,1.75,1.75,37.67,0.79,4.26,3.08,7.2,1
0.0,7.63,1.74,10.562,1.12,11.83,6.07,7.2,1
0.0,0.5850001,0.48499992,1.968,1.2850006,2.3950007,3.1699994,7.2,1
0.0,1.4550005,5.2049985,7.6079984,1.2850006,9.374997,5.491998,7.2,1
0.0,0.62500006,0.7849999,0.35099992,0.36499992,1.1249995,5.8439984,7.2,1
0.0,2.1249993,6.544998,7.368002,0.0,0.0,3.4830008,7.2,1
0.0,2.1550007,1.0350002,5.9649982,0.73499995,4.0650015,6.216998,7.2,1
0.0,1.3249995,1.4850005,3.2279994,0.79499996,5.4649982,5.4229984,7.2,1
0.0,1.4750005,7.3049984,2.7320006,0.0,0.0,2.0799994,7.2,1
0.0,5.004998,5.165002,9.5879965,0.074999996,0.074999996,6.0029984,7.2,1
0.0,0.5250001,0.595,1.5830005,0.34499994,0.8350001,5.5219984,7.2,1
0.0,2.4750006,2.6249993,5.310002,0.16500002,2.7349994,5.729998,7.2,1
0.0,0.0049999957,0.01,0.028000003,0.074999996,0.0,1.6869994,7.2,1
0.0,1.7449995,1.8950006,1.0220001,0.5949999,3.1950006,3.3810008,7.2,1
0.0,3.6650007,2.2049994,6.232002,0.9149999,5.245002,6.0819983,7.2,1
0.0,1.69,1.71,32.107,0.5,5.04,5.967,7.2,1
0.0,1.57,3.7450006,9.566997,0.074999996,0.074999996,5.9709983,7.2,1
0.0,0.91,0.91,36.748,0.83,4.25,5.622,7.2,1
0.0,0.22000003,0.13499999,1.4359995,0.63499993,0.92499995,6.119002,7.2,1
0.0,2.6950006,2.1349993,16.025003,0.074999996,0.074999996,5.8870015,7.2,1
0.0,2.5150006,1.3250005,7.2259984,0.074999996,0.074999996,5.871001,7.2,1
0.0,2.32,0.5,2.94,0.0,0.0,5.88,7.2,1
0.0,1.4650005,7.374998,2.6100006,0.17500007,0.74499995,1.8569995,7.2,1
0.0,0.29499993,0.7649999,3.7560008,0.0,0.074999996,5.627002,7.2,1
0.0,5.6,1.17,6.666,0.0,0.0,5.697,7.2,1
0.0,0.50499994,1.1199995,3.7180007,0.074999996,0.074999996,3.3169994,7.2,1
0.0,1.9950005,2.1549993,3.1779993,1.3,16.145002,6.0479984,7.2,1
0.0,1.2149994,1.3750005,0.7759999,0.81499994,5.604998,5.8759985,7.2,1
0.0,1.2450005,4.9049983,3.8500006,0.435,1.7549999,3.4299994,7.2,1
0.0,0.38500008,0.36499992,0.94499993,0.074999996,0.0,2.2919993,7.2,1
0.0,1.32,2.24,54.995,0.0,0.0,5.658,7.2,1
0.0,1.8,2.12,50.857,0.77,4.44,3.203,7.2,1
0.0,0.695,0.25499994,3.7380006,0.14500007,0.8999999,5.6820016,7.2,1
0.0,2.39,1.1,14.21,0.28,3.98,5.946,7.2,1
0.0,1.1850005,3.4349992,18.023003,0.0,0.074999996,5.461002,7.2,1
0.0,0.36500007,0.435,0.28699994,0.0,0.0,3.2110007,7.2,1
0.0,1.55,2.5,23.54,0.0,0.0,5.343,7.2,1
0.0,3.85,1.53,4.914,0.0,0.0,3.212,7.2,1
0.0,3.0750008,3.2349994,4.2920017,0.074999996,0.074999996,3.1820006,7.2,1
0.0,1.6649995,1.1550006,6.072998,0.0,0.074999996,3.6079993,7.2,1
0.0,2.36,0.63,7.136,0.0,0.0,3.024,7.2,1
0.0,0.47500008,0.30499995,3.1990006,0.41499993,1.1850005,6.028002,7.2,1
0.0,4.05,4.16,1.161,1.25,24.57,4.853,7.2,1
0.0,6.2,2.1,6.538,0.8,5.23,3.128,7.2,1
0.0,4.63,1.98,27.752,0.0,0.0,5.994,7.2,1
0.0,0.43499994,1.0250001,5.7389984,0.80999994,4.605002,6.1950016,7.2,1
0.0,1.5849994,1.7350005,-0.45700008,0.074999996,0.0,3.2160006,7.2,1
0.0,6.73,2.18,6.348,0.0,0.0,2.912,7.2,1
0.0,0.68499994,1.9449997,4.802998,0.074999996,0.0,2.8309994,7.2,1
0.0,2.6149993,7.7249985,15.834997,0.074999996,0.0,6.129998,7.2,1
0.0,2.0150006,2.1649992,-0.27500007,0.074999996,0.0,1.6759995,7.2,1
0.0,1.5650005,3.1449993,13.619003,0.97499967,14.454997,5.001002,7.2,1
0.0,1.7849995,2.5749993,0.58799994,0.074999996,0.0,5.622998,7.2,1
0.0,1.0649995,1.2150005,-0.48700005,1.3,8.1950035,5.7739983,7.2,1
0.0,5.57,1.85,8.794,0.69,6.07,5.566,7.2,1
0.0,0.72,2.77,27.712,0.87,3.62,5.786,7.2,1
0.0,1.6050005,4.0350003,20.763002,0.0,0.074999996,5.9120016,7.2,1
0.0,1.7750006,6.3049984,9.261003,0.53499997,4.2149982,5.452999,7.2,1
0.0,4.06,4.22,52.605,0.69,8.87,3.166,7.2,1
0.0,2.4449992,5.584998,7.8780017,0.69499993,4.915002,3.2170007,7.2,1
0.0,3.0050006,3.1649992,1.3430005,0.39499992,5.414998,5.493998,7.2,1
0.0,1.3349994,0.43499994,4.473998,0.074999996,0.0,3.3009994,7.2,1
0.0,1.1750005,2.2250006,7.1349983,0.48999995,3.0250006,3.2099993,7.2,1
0.0,3.0649993,7.0749984,8.173997,0.62499994,4.374998,2.6340008,7.2,1
0.0,7.55,3.34,6.164,0.0,0.0,2.715,7.2,1
0.0,1.5750005,3.5250006,8.920003,0.95499986,9.334997,2.8509994,7.2,1
0.0,1.9449997,1.3550005,7.460998,1.1350005,8.064998,3.8059993,7.2,1
0.0,16.09,3.36,20.417,1.23,25.11,6.095,7.2,1
0.0,1.3349994,1.4850005,1.7410005,0.074999996,0.074999996,5.9809985,7.2,1
0.0,1.3450005,2.8350008,6.2469983,0.09500004,1.1450006,3.2359993,7.2,1
0.0,3.3949993,9.535003,10.566997,0.074999996,0.0,3.0850008,7.2,1
0.0,3.0249994,8.135003,11.512997,1.0650004,11.245003,3.8020008,7.2,1
0.0,0.065,0.14500007,0.49299997,0.19500008,0.13,5.788,7.2,1
0.0,5.32,1.56,2.268,1.23,2.79,1.906,7.2,1
0.0,0.68499994,1.5450006,8.904003,0.074999996,0.074999996,6.1830015,7.2,1
0.0,0.79499996,2.6650007,6.881998,0.20000005,1.5249995,3.2369993,7.2,1
0.0,0.17500007,0.14499998,0.24799992,0.36500007,0.0049999957,2.8080006,7.2,1
0.0,0.28000003,0.16499996,1.7129995,1.3,2.2299998,5.843002,7.2,1
0.0,1.5149995,0.50499994,2.5689993,0.37499994,0.8249999,5.8629985,7.2,1
0.0,1.0749995,1.2350005,0.77699995,0.074999996,0.0,5.9949985,7.2,1
0.0,0.935,4.955002,5.8889985,1.2350005,6.8449984,5.8299985,7.2,1
0.0,6.41,1.9,5.203,0.0,0.0,3.469,7.2,1
0.0,1.3550005,3.1149993,18.201002,0.074999996,0.074999996,6.107002,7.2,1
0.0,1.8049995,0.8449999,9.838003,0.615,6.0250015,5.3480015,7.2,1
0.0,9.99,2.45,14.662,0.69,10.12,6.009,7.2,1
0.0,2.2749994,9.745003,9.491003,0.27500007,3.2750006,4.2729983,7.2,1
0.0,9.99,3.3,7.514,0.81,6.09,3.683,7.2,1
0.0,1.8650005,5.4049983,7.375002,0.31499994,1.6749995,4.123001,7.2,1
0.0,1.1349995,0.39499992,3.7640007,0.0,0.067499995,3.2479994,7.2,1
0.0,6.2,2.28,13.252,0.7,9.28,5.812,7.2,1
0.0,1.2050005,1.4400002,7.0019984,0.21499993,0.40499994,2.1299994,7.2,1
0.0,1.3049995,0.6649999,7.8909984,0.0,0.074999996,5.8470016,7.2,1
0.0,2.0850008,2.725,0.117,0.074999996,0.0,3.0950007,7.2,1
0.0,1.4749994,1.6250005,1.3550005,0.022499999,0.074999996,5.6799984,7.2,1
0.0,8.36,2.65,6.873,0.5,3.44,3.167,7.2,1
0.0,2.9349992,12.035003,9.478997,1.1549995,11.644997,3.2130008,7.2,1
0.0,0.56499994,1.5649995,5.2119985,0.074999996,0.074999996,3.2989993,7.2,1
0.0,10.28,3.93,6.294,0.0,0.0,2.725,7.2,1
0.0,0.62499994,3.1650007,9.100003,0.0,0.074999996,3.9909992,7.2,1
0.0,1.1349995,0.7749999,7.064998,1.1450006,7.7150016,5.9760017,7.2,1
0.0,0.31500006,0.17499995,2.0850008,0.8949999,1.8450005,6.0750017,7.2,1
0.0,4.69,0.95,4.519,0.0,0.0,4.757,7.2,1
0.0,12.57,3.0,7.472,0.0,0.0,2.491,7.2,1
0.0,1.9149995,1.2550005,10.643003,0.8449999,8.324997,5.461002,7.2,1
0.0,0.94,0.94,16.847,0.0,0.0,5.947,7.2,1
0.0,14.76,4.76,29.501,0.54,15.93,6.198,7.2,1
0.0,0.87,1.86,26.023,0.0,0.0,5.745,7.2,1
0.0,1.2349994,1.4149995,1.0330002,0.7649999,0.5850001,2.0080006,7.2,1
0.0,1.2049994,4.5250015,1.3070005,0.9049999,2.7650006,2.5960007,7.2,1
0.0,1.6749995,1.8350005,3.2169993,1.1750005,8.395003,4.326998,7.2,1
0.0,2.8050008,2.9649994,3.6189992,0.074999996,0.074999996,3.1770008,7.2,1
0.0,0.97999996,1.005,7.0039983,1.2750006,4.0950017,3.7119994,7.2,1
0.0,0.7149999,1.4750005,8.172003,0.074999996,0.074999996,6.008002,7.2,1
0.0,0.76500005,0.4649999,2.5250006,1.005,2.4949994,3.1699994,7.2,1
0.0,2.2149994,5.334998,7.164002,0.47499993,2.7650006,3.2380006,7.2,1
0.0,0.5,1.99,2.95,0.074999996,0.0,5.520999,7.2,1
0.0,6.13,1.39,4.435,0.0,0.0,3.191,7.2,1
0.0,2.8049994,12.405003,15.9190035,0.0,0.0,5.7839985,7.2,1
0.0,0.92499995,1.6250005,8.9120035,0.074999996,0.074999996,5.8730016,7.2,1
0.0,0.9649999,2.3450007,8.878003,1.0749995,10.374997,3.7899992,7.2,1
0.0,2.3849993,2.7549994,18.380003,0.40500006,4.1950016,3.7929993,7.2,1
0.0,0.47500002,2.3349993,1.5779998,0.6049999,0.7750001,3.1219997,7.2,1
0.0,1.1049994,0.8249999,3.7100008,0.41499993,1.2149994,3.2829993,7.2,1
0.0,0.86500007,0.93,2.1349993,1.1250005,4.4049983,4.465998,7.2,1
0.0,11.47,2.89,16.406,0.57,9.35,5.677,7.2,1
0.0,2.1949992,9.715003,6.283002,0.0,0.0,2.8530006,7.2,1
0.0,1.09,1.09,52.209,0.97,6.27,5.927,7.2,1
0.0,2.43,2.44,56.364,1.3,10.37,3.281,7.2,1
0.0,2.0250006,0.5849999,2.7279994,1.3,3.3750007,5.2309985,7.2,1
0.0,2.0350006,2.1949992,4.969002,0.074999996,0.074999996,5.4379983,7.2,1
0.0,0.38500008,1.5250003,2.8169994,0.074999996,0.0,5.9179983,7.2,1
0.0,1.3249995,0.79499996,7.754998,0.0,0.074999996,5.6680017,7.2,1
0.0,4.93,4.95,95.639,0.0,0.0,3.247,7.2,1
0.0,2.9450006,2.3249993,16.941004,0.074999996,0.074999996,5.7090015,7.2,1
0.0,2.6849992,5.754998,15.704997,0.6449999,8.984997,5.913998,7.2,1
0.0,1.2749995,0.7649999,3.7780006,0.074999996,0.0,2.9289994,7.2,1
0.0,1.1350003,3.3050008,6.165002,0.9049999,4.9749985,5.511998,7.2,1
0.0,1.9250005,2.1149993,12.831003,0.074999996,0.0,3.0869994,7.2,1
0.0,7.28,2.46,6.78,0.65,4.41,3.198,7.2,1
0.0,1.44,1.44,19.634,0.9,3.74,2.888,7.2,1
0.0,2.6149993,12.345003,6.5050015,0.81500006,5.7950015,2.4560006,7.2,1
0.0,0.70000005,0.5149999,4.5569983,0.5749999,2.3949993,6.1700015,7.2,1
0.0,7.23,2.39,9.094,0.0,0.0,5.349,7.2,1
0.0,3.18,1.36,10.5,0.0,0.0,3.302,7.2,1
0.0,0.044999994,0.5749999,0.78299993,1.1550006,0.68500006,5.8849998,7.2,1
0.0,3.92,1.73,12.045,1.11,13.37,3.073,7.2,1
0.0,2.4,2.4,52.78,0.0,0.0,5.893,7.2,1
0.0,1.6249995,1.6349995,5.2080016,0.8949999,8.644997,6.0699983,7.2,1
0.0,3.59,0.81,4.673,1.23,5.75,5.841,7.2,1
0.0,13.42,2.96,8.54,1.08,9.22,3.018,7.2,1
0.0,6.44,2.91,9.283,0.0,0.0,3.201,7.2,1
0.0,2.5049994,9.155003,6.480002,0.0,0.0,2.5610006,7.2,1
0.0,2.85,2.89,144.39,0.0,0.0,6.106,7.2,1
0.0,3.0349994,6.664998,9.133997,0.7249999,5.9650016,2.9850006,7.2,1
0.0,1.0650004,3.0349994,17.758003,0.8249999,13.444997,6.100002,7.2,1
0.0,0.79499996,1.2950006,6.2529984,1.3,1.6850005,1.8620005,7.2,1
0.0,1.96,0.53,6.121,0.0,0.0,3.123,7.2,1
0.0,1.1649995,0.61499995,7.038998,0.59999996,4.125002,5.8120017,7.2,1
0.0,0.87499994,1.2849995,3.3130007,1.1249995,4.145002,2.5659993,7.2,1
0.0,1.005,3.4549994,11.012003,0.074999996,0.0,3.3549993,7.2,1
0.0,0.7,0.71,11.283,0.0,0.0,2.217,7.2,1
0.0,9.51,2.35,11.602,0.0,0.0,5.203,7.2,1
0.0,0.45500004,0.26499993,0.63399994,0.037499998,0.0,3.0310006,7.2,1
0.0,1.4549994,11.424997,5.558998,0.0,0.0,3.7569993,7.2,1
0.0,0.81500006,0.28499994,1.2900006,0.0,0.074999996,5.710998,7.2,1
0.0,3.4150007,13.134997,0.129,0.45499992,6.2849984,4.7179985,7.2,1
0.0,5.48,2.06,1.802,0.0,0.0,1.201,7.2,1
0.0,1.24,1.25,26.066,0.0,0.0,5.474,7.2,1
0.0,2.6450007,1.4750005,8.648003,1.0550004,8.624997,3.2819993,7.2,1
0.0,1.76,2.13,33.205,1.13,6.28,3.156,7.2,1
0.0,3.03,5.82,78.133,1.14,14.33,4.149,7.2,1
0.0,0.6049999,1.3649995,4.3199983,0.074999996,0.0,3.1479993,7.2,1
0.0,1.8450005,6.2149982,5.9100018,0.0,0.0,3.2220006,7.2,1
0.0,2.0350006,0.94499993,6.7279983,1.0650004,6.8050017,3.2989993,7.2,1
0.0,4.77,1.05,6.049,0.0,0.0,5.761,7.2,1
0.0,2.0150006,0.81499994,3.8190007,0.9049999,3.3049994,6.524998,7.2,1
0.0,0.62500006,0.685,0.95699996,0.074999996,0.0,2.7340007,7.2,1
0.0,1.7249999,1.8250005,15.7940035,0.9049999,4.915002,3.4289994,7.2,1
0.0,0.55499995,0.76500005,2.5660007,1.2050005,2.9050007,3.2189994,7.2,1
0.0,5.21,1.78,2.425,1.17,2.84,2.055,7.2,1
0.0,0.095,0.095,0.441,0.014999997,0.044999998,5.962002,7.2,1
0.0,4.374998,2.0549996,2.2719994,0.79499996,1.5049995,1.7869995,7.2,1
0.0,5.99,1.76,5.859,0.0,0.0,3.348,7.2,1
0.0,1.2550005,6.8449984,3.1820006,0.0,0.0,2.8349993,7.2,1
0.0,1.8749995,2.7050006,1.3050005,0.80499995,0.82500005,2.0460007,7.2,1
0.0,3.33,0.99,5.97,0.0,0.0,6.03,7.2,1
0.0,1.4450005,11.174997,11.933003,0.40500006,5.835002,3.2519994,7.2,1
0.0,1.4749994,0.5849999,8.896003,0.5450001,5.6350017,5.8480015,7.2,1
0.0,0.6549999,2.0849993,11.0370035,0.074999996,0.074999996,5.7730017,7.2,1
0.0,0.41500008,0.56499994,-0.4280001,0.0,0.0,5.8189983,7.2,1
0.0,1.1249999,0.36499992,6.598998,0.074999996,0.074999996,5.929002,7.2,1
0.0,2.44,3.5,139.303,0.57,8.23,5.92,7.2,1
0.0,1.9850004,0.8349999,4.6170015,0.074999996,0.074999996,5.900998,7.2,1
0.0,1.2849995,0.55499995,4.4689984,1.3,5.665002,3.4159994,7.2,1
0.0,3.4,1.46,8.606,0.0,0.0,5.895,7.2,1
0.0,2.25,0.63,7.04,0.0,0.0,3.129,7.2,1
0.0,1.5549995,6.274998,9.510997,0.074999996,0.074999996,5.7139983,7.2,1
0.0,2.33,2.33,101.849,0.89,11.86,5.719,7.2,1
0.0,0.6449999,2.3349993,11.907003,0.0,0.074999996,5.7000017,7.2,1
0.0,0.95499986,0.61499995,3.3520007,0.9149999,2.9249997,3.4019992,7.2,1
0.0,2.9349992,7.515002,16.380003,0.37500006,7.475002,3.3009994,7.2,1
0.0,0.8949999,1.7449995,5.0180016,0.074999996,0.0,5.952998,7.2,1
0.0,3.1,1.0,5.386,0.0,0.0,5.386,7.2,1
0.0,0.6650001,0.36499992,1.7130005,1.3,2.0250006,5.774998,7.2,1
0.0,1.4650005,2.0650008,6.558998,0.0,0.074999996,3.1749992,7.2,1
0.0,1.7850006,3.9350007,10.270997,0.074999996,0.074999996,5.887998,7.2,1
0.0,1.3950006,3.1850007,4.2199984,0.044999998,0.059999995,3.3139994,7.2,1
0.0,1.7849995,1.9450005,2.3329992,0.074999996,0.0,3.0500007,7.2,1
0.0,2.0250006,2.3049994,2.1719992,0.074999996,0.0,3.0720007,7.2,1
0.0,2.77,0.85,15.99,0.73,11.67,5.773,7.2,1
0.0,8.52,2.14,6.205,0.72,4.47,2.927,7.2,1
0.0,3.1750007,3.4049993,0.6129999,0.074999996,0.0,3.1450007,7.2,1
0.0,0.059999995,0.034999996,0.21899992,0.044999998,0.015,2.8200006,7.2,1
0.0,1.0349995,1.1850005,1.9870005,0.8549999,3.0750008,3.5650008,7.2,1
0.0,1.5649995,0.75499994,9.244003,0.0,0.074999996,5.757002,7.2,1
0.0,3.82,1.05,18.68,1.14,21.3,4.89,7.2,1
0.0,4.74,1.59,5.169,1.15,5.94,3.272,7.2,1
0.0,1.76,1.77,84.263,0.86,9.07,5.994,7.2,1
0.0,0.82500005,1.5050005,-0.013999999,0.6049999,2.8450007,6.0359983,7.2,1
0.0,1.2049994,1.3550005,1.3220005,1.3,9.865003,5.945998,7.2,1
0.0,0.38499993,1.5049995,2.9910007,0.2850001,1.1750005,4.7920017,7.2,1
0.0,0.9549999,2.035,8.348003,0.074999996,0.0,4.3720016,7.2,1
0.0,2.2950006,1.5050005,7.3459983,0.029999997,0.0,3.2059994,7.2,1
0.0,0.5950001,0.75499994,-0.31800008,0.0,0.0,3.3120008,7.2,1
0.0,1.6150005,3.3750007,4.7389984,0.0525,0.0,3.0960002,7.2,1
0.0,2.2750006,1.2750006,12.980003,0.0,0.0525,5.6300015,7.2,1
0.0,0.22499993,0.22499993,3.6240005,0.93499994,0.45499992,3.0479994,7.2,1
0.0,1.9149995,2.0649996,0.04,0.37499994,1.9149995,3.2650006,7.2,1
0.0,1.2650006,2.3250008,3.6320007,0.074999996,0.074999996,3.1299999,7.2,1
0.0,0.74499995,4.754998,1.9039994,0.074999996,0.074999996,3.0289993,7.2,1
0.0,0.33500007,0.36500004,0.34999993,0.074999996,0.0,2.5980008,7.2,1
0.0,0.88499993,2.3850007,6.1949983,0.074999996,0.0,2.8489993,7.2,1
0.0,2.3649993,10.105003,7.1030016,0.14500007,1.4749994,2.9940007,7.2,1
0.0,1.0750005,2.0850008,6.0090017,0.074999996,0.0,5.8589983,7.2,1
0.0,0.8449999,1.5050005,8.698003,0.074999996,0.074999996,6.210002,7.2,1
0.0,3.3049994,7.8049984,9.093997,0.9549999,7.8649983,2.7170007,7.2,1
0.0,7.0,2.85,8.993,0.0,0.0,3.167,7.2,1
0.0,2.0849993,5.0950017,25.408003,0.26500008,2.2449994,3.2539992,7.2,1
0.0,5.2849984,7.794998,11.7059965,1.0750005,11.704997,5.598998,7.2,1
0.0,0.57500005,0.73499995,1.1410005,0.75499994,2.5350006,5.8329983,7.2,1
0.0,10.07,2.35,6.176,0.7,4.32,2.941,7.2,1
0.0,1.8749995,2.035,2.6139994,0.074999996,0.0,3.2640007,7.2,1
0.0,3.2549994,11.255003,16.737997,1.2049997,20.904997,5.164998,7.2,1
0.0,17.39,3.87,21.697,1.02,22.13,5.621,7.2,1
0.0,0.48999995,5.4449983,0.9639998,0.074999996,0.074999996,2.4909992,7.2,1
0.0,6.41,2.7,6.416,0.54,3.46,2.97,7.2,1
0.0,1.1649997,2.9850006,7.309002,0.074999996,0.044999998,5.9039984,7.2,1
0.0,1.2050005,2.6750007,4.6309996,0.06,0.014999997,4.1420007,7.2,1
0.0,3.15,0.88,10.41,0.49,5.1,3.305,7.2,1
0.0,1.4050006,5.9049983,4.2639985,1.2399998,5.585002,3.3369994,7.2,1
0.0,1.51,1.51,29.557,0.0,0.0,3.204,7.2,1
0.0,2.8249993,11.475003,6.8870015,0.49500006,3.8050008,2.4020007,7.2,1
0.0,7.48,2.36,5.84,0.0,0.0,2.905,7.2,1
0.0,0.037499998,0.01,0.14999998,0.40499994,0.0,3.7949996,7.2,1
0.0,2.2450006,2.8950007,6.2080016,0.074999996,0.074999996,6.1199985,7.2,1
0.0,2.14,0.58,11.384,0.0,0.0,5.32,7.2,1
0.0,0.8949999,2.4250007,2.7350006,0.79499996,2.0949993,3.5019994,7.2,1
0.0,2.0949993,3.6949992,21.809004,0.074999996,0.0,6.1370015,7.2,1
0.0,0.44499993,1.3949995,4.4879985,0.074999996,0.074999996,3.1789994,7.2,1
0.0,3.2149994,13.225003,45.100002,0.0,0.0,6.1630015,7.2,1
0.0,5.9549985,6.5250015,7.1740017,0.074999996,0.059999995,3.8040006,7.2,1
0.0,2.1549993,6.024998,12.424002,0.074999996,0.0,5.919998,7.2,1
0.0,10.67,2.65,14.555,1.02,14.85,5.663,7.2,1
0.0,1.6749995,1.8250005,1.9590005,0.074999996,0.0,3.1860006,7.2,1
0.0,7.12,2.43,6.861,0.0,0.0,3.162,7.2,1
0.0,11.48,3.85,12.606,0.0,0.0,3.274,7.2,1
0.0,2.6549993,6.1549983,6.4200015,0.074999996,0.037499998,2.3840008,7.2,1
0.0,1.9549999,0.8349999,6.2859983,0.074999996,0.0,3.2079992,7.2,1
0.0,2.3850007,12.5549965,8.664003,0.25500008,2.8050008,3.6269994,7.2,1
0.0,2.2450006,13.534997,6.460002,0.23500007,1.9049995,2.8269994,7.2,1
0.0,4.0049996,4.7750015,25.547003,0.0,0.074999996,3.2119994,7.2,1
0.0,1.83,1.83,46.925,0.0,0.0,3.252,7.2,1
0.0,7.84,1.79,10.542,0.58,6.11,5.922,7.2,1
0.0,0.23499992,1.0350002,1.961,0.0,0.074999996,3.5259993,7.2,1
0.0,1.0249995,0.7749999,3.3570006,0.6049999,1.7599996,3.1949992,7.2,1
0.0,4.57,1.62,9.259,0.0,0.0,5.823,7.2,1
0.0,6.96,1.85,6.018,0.0,0.0,3.271,7.2,1
0.0,2.59,2.59,62.409,0.0,0.0,3.32,7.2,1
0.0,2.11,2.59,55.117,0.0,0.0,2.912,7.2,1
0.0,2.2050006,2.3649993,2.6269994,1.015,6.7449985,3.1060007,7.2,1
0.0,2.64,2.64,51.951,0.42,3.35,3.022,7.2,1
0.0,2.0450006,2.8150008,-0.37100008,0.074999996,0.0,3.1080008,7.2,1
0.0,1.4050006,3.6950006,13.057003,1.0049995,14.254997,5.835002,7.2,1
0.0,1.6,0.41,9.549,0.0,0.0,5.968,7.2,1
0.0,1.2750006,2.9049993,17.150003,0.25499994,3.0250006,6.1830015,7.2,1
0.0,1.23,1.24,13.405,0.44,1.76,3.247,7.2,1
0.0,4.18,1.47,25.424,0.24,6.1,6.082,7.2,1
0.0,7.24,3.07,9.812,0.39,3.83,3.26,7.2,1
0.0,1.15,4.0549984,6.9570017,0.074999996,0.074999996,5.9089985,7.2,1
0.0,0.49,2.35,21.719,1.11,3.2,5.892,7.2,1
0.0,6.09,1.22,7.473,0.77,5.75,6.125,7.2,1
0.0,4.63,1.01,5.979,0.0,0.0,5.979,7.2,1
0.0,0.61499995,2.3050008,6.610998,0.074999996,0.074999996,3.2289994,7.2,1
0.0,13.94,4.82,17.871,0.12,2.14,5.821,7.2,1
0.0,2.19,0.7,6.865,0.13,0.89,3.135,7.2,1
0.0,1.3,1.3,35.072,0.0,0.0,6.005,7.2,1
0.0,1.5049995,0.99499995,3.2810006,1.015,3.2249994,2.1989994,7.2,1
0.0,2.5,3.62,64.185,0.0,0.0,3.316,7.2,1
0.0,0.63499993,1.9549999,5.3509984,1.0350002,5.2850018,2.7609994,7.2,1
0.0,1.6549995,1.8150005,3.2209992,1.3,12.835003,5.708998,7.2,1
0.0,2.7749994,9.755003,16.091003,0.074999996,0.0,5.9119983,7.2,1
0.0,18.05,3.92,13.107,0.0,0.0,3.344,7.2,1
0.0,1.0450003,4.1349983,5.89,0.43499994,2.0550008,5.8299985,7.2,1
0.0,2.9,2.91,69.819,0.0,0.0,5.573,7.2,1
0.0,1.0249995,0.33499992,1.5150006,1.3,1.7549995,5.4629984,7.2,1
0.0,0.49499997,0.46999994,2.3790007,0.015,0.06,5.1880016,7.2,1
0.0,3.01,0.99,9.835,0.0,0.0,3.267,7.2,1
0.0,2.0850008,2.3349993,1.6480005,0.074999996,0.0,2.8780007,7.2,1
0.0,1.0449995,0.5749999,6.4439983,0.9549999,5.8150015,5.896002,7.2,1
0.0,1.9750005,4.9450016,29.906004,0.49499992,12.515003,6.244002,7.2,1
0.0,0.80499995,2.7850006,5.6989985,0.074999996,0.0,2.1009994,7.2,1
0.0,1.8750005,7.394998,10.916997,1.1250005,11.454997,5.947998,7.2,1
0.0,2.2750006,1.3850005,13.459003,0.98499995,12.394997,5.8340015,7.2,1
0.0,2.8250008,18.654997,14.316997,0.38500008,6.4749985,4.835998,7.2,1
0.0,1.8050005,2.1349993,15.977003,0.7049999,3.1749992,2.9239993,7.2,1
0.0,0.23000002,0.5250001,0.9239999,1.2950006,0.96499974,3.1900008,7.2,1
0.0,0.115,0.105,0.35300002,1.015,0.42499992,2.9920006,7.2,1
0.0,0.7149999,1.3350005,7.5039983,0.074999996,0.074999996,6.0900016,7.2,1
0.0,0.88500005,0.6649999,2.0520008,0.99499995,1.8849995,2.2909994,7.2,1
0.0,1.6649995,1.3450005,9.916003,0.75499994,6.8650017,5.817002,7.2,1
0.0,0.49499992,1.5150006,8.626003,0.074999996,0.074999996,6.1600018,7.2,1
0.0,1.4749994,0.56499994,5.728998,0.074999996,0.0,3.8199992,7.2,1
0.0,0.96,0.97,20.974,0.56,2.03,3.776,7.2,1
0.0,0.9250001,0.7149999,5.2719984,0.67499995,3.1650004,5.422002,7.2,1
0.0,2.8950007,5.910001,0.25399995,0.074999996,0.0,2.5810006,7.2,1
0.0,0.98499995,3.1149993,16.642002,0.17499995,1.7450005,5.574002,7.2,1
0.0,7.36,2.62,7.1,0.76,5.4,2.996,7.2,1
0.0,1.1950005,3.6250007,4.0609984,0.0,0.074999996,3.7679994,7.2,1
0.0,5.92,2.24,5.625,0.0,0.0,3.56,7.2,1
0.0,0.95000005,0.5849999,5.7389984,1.0799996,6.705002,6.008002,7.2,1
0.0,6.17,2.38,14.093,0.0,0.0,5.946,7.2,1
0.0,7.34,2.39,5.876,0.0,0.0,2.938,7.2,1
0.0,1.8849995,10.274997,6.894998,0.0,0.0,3.6309993,7.2,1
0.0,1.3349994,1.2250005,2.6910007,0.074999996,0.074999996,2.037,7.2,1
0.0,0.99499995,2.7349994,14.198003,0.49499992,6.0650015,5.7610016,7.2,1
0.0,2.0650008,2.3849998,3.2239993,0.074999996,0.0,2.9880006,7.2,1
0.0,0.32499993,0.6650001,2.2390006,0.39499992,0.81499994,3.2019994,7.2,1
0.0,2.8250008,2.9749994,0.071,0.074999996,0.0,3.2050006,7.2,1
0.0,5.79,1.35,7.993,0.0,0.0,5.965,7.2,1
0.0,1.055,3.3150008,6.2490015,0.074999996,0.029999997,5.6949983,7.2,1
0.0,3.52,1.2,7.151,0.82,5.86,5.959,7.2,1
0.0,1.48,2.09,26.922,0.0,0.0,3.08,7.2,1
0.0,2.3249993,10.955003,13.601003,0.45500004,7.1749983,6.153002,7.2,1
0.0,1.5349995,1.0750005,9.897003,0.41499993,3.4649994,6.2690015,7.2,1
0.0,0.93499994,1.5150006,7.3919983,0.074999996,0.074999996,5.297002,7.2,1
0.0,2.2350006,0.7149999,4.0009995,0.074999996,0.074999996,6.058998,7.2,1
0.0,1.7650006,2.6850004,5.3579984,1.0149995,5.995002,2.1889994,7.2,1
0.0,1.0650004,2.8749993,15.531003,1.0749995,18.024998,5.6690016,7.2,1
0.0,12.23,2.95,15.463,0.45,6.96,5.242,7.2,1
0.0,0.68499994,1.7749995,4.604998,0.75500005,3.6650007,3.0939994,7.2,1
0.0,0.18499994,0.40499994,1.8409995,0.0,0.074999996,5.881002,7.2,1
0.0,0.75500005,0.9049999,-0.51400006,1.3,3.0950007,3.0260007,7.2,1
0.0,1.7,0.49,8.094,0.67,5.42,4.761,7.2,1
0.0,0.41500008,0.20499992,0.86499995,0.41499993,0.19500008,6.0019984,7.2,1
0.0,1.5349995,30.274998,5.6399984,0.0,0.0,3.4750006,7.2,1
0.0,1.4549994,1.8700002,0.7379999,0.39499992,1.4249995,2.9990005,7.2,1
0.0,1.6250005,7.144998,8.870003,0.75000006,7.3250017,5.7109985,7.2,1
0.0,0.8949999,2.9449992,16.599003,0.9549999,14.595003,5.9050016,7.2,1
0.0,1.2649995,1.4150006,-0.07000001,0.9149999,3.4350007,3.0410006,7.2,1
0.0,1.5350006,4.1549983,11.480003,0.59499997,6.7750015,3.1649992,7.2,1
0.0,0.87500006,8.094997,2.8010006,0.17500007,0.6450001,3.1019993,7.2,1
0.0,0.49500006,2.2050006,3.4539993,0.94499993,2.8650007,5.8529983,7.2,1
0.0,1.1349995,0.67499995,3.9060006,1.2150005,4.6150017,3.3649993,7.2,1
0.0,3.6050007,13.704997,-0.41400006,0.074999996,0.0,5.8579984,7.2,1
0.0,1.7249994,1.8850005,-0.066000015,0.73499995,1.6849995,1.4069995,7.2,1
0.0,0.56499994,0.8349999,4.484998,1.0449995,5.185002,6.1550016,7.2,1
0.0,2.9750006,1.5150006,3.8769994,0.074999996,0.0,2.7000008,7.2,1
0.0,1.315,4.254998,7.678002,0.074999996,0.074999996,5.7729983,7.2,1
0.0,11.98,3.67,19.454,0.0,0.0,5.949,7.2,1
0.0,5.46,1.11,3.574,0.0,0.0,3.249,7.2,1
0.0,1.1149995,0.7849999,7.1159983,1.2350005,8.414997,6.118002,7.2,1
0.0,1.3949995,1.5450006,0.5619999,0.074999996,0.0,4.006998,7.2,1
0.0,0.6449999,1.1250005,6.235998,0.69,4.1549997,6.2020016,7.2,1
0.0,1.7250005,5.144998,9.4780035,0.32499993,2.3150008,5.7149982,7.2,1
0.0,4.86,1.83,5.649,0.0,0.0,3.121,7.2,1
0.0,0.39500007,0.54499996,-0.45000005,0.0,0.0,6.2909985,7.2,1
0.0,2.74,2.85,80.522,0.0,0.0,5.472,7.2,1
0.0,1.5049995,1.6550006,0.17499995,0.92499995,4.1549983,3.0740006,7.2,1
0.0,0.29500008,0.6649999,0.53299993,0.074999996,0.0,5.649998,7.2,1
0.0,2.44,2.44,137.479,0.34,4.96,5.976,7.2,1
0.0,0.80500007,0.6649999,2.9000006,0.074999996,0.014999997,3.4559994,7.2,1
0.0,0.98,0.98,56.007,0.0,0.0,5.802,7.2,1
0.0,2.0750008,1.6150005,12.726003,0.26499993,2.5049994,6.0290017,7.2,1
0.0,1.07,1.07,15.059,0.0,0.0,6.032,7.2,1
0.0,0.68499994,1.2149994,3.5689993,0.074999996,0.0,5.6529984,7.2,1
0.0,4.504998,2.4049993,6.9689984,1.0550004,6.975002,3.0560007,7.2,1
0.0,0.35500008,0.18499994,0.43699992,0.022499999,0.0,3.2160006,7.2,1
0.0,2.3549993,7.955,12.6380005,0.074999996,0.0,5.4749985,7.2,1
0.0,0.32500008,0.48499992,0.32199994,0.037499998,0.0,5.8099985,7.2,1
0.0,2.71,0.88,4.84,0.0,0.0,5.563,7.2,1
0.0,1.005,1.0750005,8.076003,0.074999996,0.0,3.4279993,7.2,1
0.0,1.6350005,7.0949984,8.508003,0.9150001,8.574997,5.426998,7.2,1
0.0,0.45499992,0.91499996,2.8600006,0.35499993,0.74500006,3.3359993,7.2,1
0.0,1.0650004,2.4650006,7.4629984,0.61500007,5.2750015,3.1519992,7.2,1
0.0,1.7749995,1.9350005,2.8109994,0.69499993,6.7049985,5.835998,7.2,1
0.0,1.5149995,0.48499992,5.210998,0.68499994,3.2949994,3.3999994,7.2,1
0.0,0.7750001,0.42499992,2.7100008,1.1850005,3.0150006,3.3509994,7.2,1
0.0,2.7950006,2.9549994,4.4400015,1.2050005,15.005003,4.5739985,7.2,1
0.0,3.2649994,8.055003,18.588997,0.074999996,0.0,5.728998,7.2,1
0.0,3.1250007,3.5450006,2.6249993,0.63499993,4.9349985,2.7210007,7.2,1
0.0,2.8749993,12.965003,9.025997,0.0,0.0,3.1220007,7.2,1
0.0,2.0350006,10.415003,6.5889983,0.9949996,7.205002,3.2329993,7.2,1
0.0,1.015,3.0849993,15.126003,0.074999996,0.074999996,5.125002,7.2,1
0.0,1.0450003,3.1149993,9.849003,0.8549999,7.8150015,3.3389993,7.2,1
0.0,0.38500008,0.53499997,0.19599994,1.1650006,1.4749994,3.0160007,7.2,1
0.0,2.3650007,1.6250005,13.301003,1.2150005,15.324997,5.5570016,7.2,1
0.0,0.41499993,1.1100003,3.4710007,0.074999996,0.074999996,3.3579993,7.2,1
0.0,0.30499995,0.30499995,2.1720006,0.074999996,0.074999996,3.3049994,7.2,1
0.0,12.53,3.46,8.897,1.11,9.88,2.763,7.2,1
0.0,3.0849993,3.2350006,14.431003,0.034999996,0.63500005,2.2239993,7.2,1
0.0,1.27,1.28,19.253,0.3,0.86,2.258,7.2,1
0.0,2.67,1.0,10.523,0.23,2.42,3.941,7.2,1
0.0,0.7150001,0.82,2.1989994,0.074999996,0.0,5.9159985,7.2,1
0.0,0.50500005,0.21499993,0.47999993,0.0,0.0,3.0400007,7.2,1
0.0,1.6450006,4.5949984,4.996999,0.0,0.074999996,3.211,7.2,1
0.0,3.0150006,1.8850005,4.8380017,0.7749999,3.4049993,3.1220007,7.2,1
0.0,2.8749993,7.0749984,8.733997,0.074999996,0.0,3.0180006,7.2,1
0.0,2.8850007,1.8450005,17.943003,0.8349999,13.764997,6.1620016,7.2,1
0.0,3.2850006,3.4349992,1.5170006,1.3,12.775003,3.0350006,7.2,1
0.0,2.0850008,0.79499996,6.650998,0.074999996,0.0,3.1889994,7.2,1
0.0,1.0650004,3.2850006,12.201003,0.0,0.074999996,5.811002,7.2,1
0.0,1.0,1.01,43.85,0.0,0.0,6.075,7.2,1
0.0,2.1050007,2.8149993,0.38299993,0.56499994,3.6750007,3.4350007,7.2,1
0.0,0.24000007,0.23499992,0.86500007,0.015,0.015,3.2079992,7.2,1
0.0,1.97,2.39,25.454,0.84,5.12,3.097,7.2,1
0.0,2.89,3.07,96.107,1.13,14.8,4.533,7.2,1
0.0,2.14,2.64,56.081,0.67,4.12,2.876,7.2,1
0.0,1.7049994,1.2750006,10.310003,0.074999996,0.074999996,5.909002,7.2,1
0.0,10.41,3.9,9.289,0.0,0.0,3.87,7.2,1
0.0,1.7449995,0.86499995,10.776003,0.10500006,2.025,6.0370016,7.2,1
0.0,2.0150006,0.86499995,6.085998,0.28499994,1.2149994,3.0229993,7.2,1
0.0,1.5750005,7.584998,4.242998,0.115000054,0.74500006,2.9539993,7.2,1
0.0,1.8649995,9.634997,7.1349983,0.0,0.0,3.7909994,7.2,1
0.0,4.64,1.53,15.282,0.31,4.74,3.294,7.2,1
0.0,2.82,0.91,16.831,1.26,21.21,5.968,7.2,1
0.0,11.05,3.01,12.964,0.0,0.0,4.307,7.2,1
0.0,1.98,0.82,11.564,0.0,0.0,5.84,7.2,1
0.0,3.68,1.2,6.92,0.54,3.74,5.767,7.2,1
0.0,0.79499996,2.6449993,7.886998,0.074999996,0.0,3.1849992,7.2,1
0.0,1.66,1.91,47.637,0.0,0.0,3.562,7.2,1
0.0,1.6,1.66,47.618,0.0,0.0,3.203,7.2,1
0.0,10.86,2.67,8.632,0.0,0.0,3.245,7.2,1
0.0,1.98,1.98,48.001,0.0,0.0,4.568,7.2,1
0.0,5.9,2.87,7.788,0.35,2.73,2.973,7.2,1
0.0,4.504998,2.8849993,7.140002,0.074999996,0.0,3.0650008,7.2,1
0.0,0.6649999,2.8849993,12.887003,0.0,0.074999996,5.810002,7.2,1
0.0,1.84,2.09,103.759,0.0,0.0,5.738,7.2,1
0.0,1.94,1.95,63.248,0.51,5.85,5.914,7.2,1
0.0,0.0,1.7750006,-0.31300008,1.0550004,0.0,0.9250001,7.2,1
0.0,0.12500007,1.2650006,-0.19400007,0.024999999,0.0,2.6650007,7.2,1
0.0,0.26499993,0.7849999,3.7620006,0.0,0.074999996,5.802002,7.2,1
0.0,3.9449992,10.635003,11.555997,0.074999996,0.0,2.8920007,7.2,1
0.0,1.5950005,2.4250007,6.933998,0.044999994,0.9149999,3.0319993,7.2,1
0.0,1.9049999,2.0050004,12.3530035,0.022499997,0.015,3.2409992,7.2,1
0.0,2.88,2.89,162.707,0.0,0.0,5.886,7.2,1
0.0,0.21499993,0.9649999,2.9730008,0.0,0.074999996,5.9370017,7.2,1
0.0,1.8349994,1.9850005,3.1159992,1.0850005,11.405003,5.874998,7.2,1
0.0,1.3049997,0.7149999,7.8519983,0.0,0.074999996,5.947002,7.2,1
0.0,1.4549994,0.47499993,4.4159985,0.074999996,0.0,3.0099993,7.2,1
0.0,1.0450001,0.56499994,6.188998,0.074999996,0.074999996,6.1570015,7.2,1
0.0,7.61,1.63,9.588,0.15,1.44,5.882,7.2,1
0.0,0.97499967,1.3250005,0.045,1.015,2.9350007,2.9750006,7.2,1
0.0,5.37,1.39,8.318,0.0,0.0,5.984,7.2,1
0.0,5.85,1.62,5.283,0.0,0.0,3.261,7.2,1
0.0,0.39499992,7.024998,1.4719995,0.074999996,0.074999996,4.909002,7.2,1
0.0,1.01,1.02,30.562,1.29,4.33,3.32,7.2,1
0.0,3.14,1.15,14.139,0.93,13.15,4.503,7.2,1
0.0,2.59,0.81,8.551,1.13,9.66,3.302,7.2,1
0.0,1.7149994,0.6549999,5.762998,0.074999996,0.0,3.3359993,7.2,1
0.0,0.43499994,1.6750005,7.9790015,0.074999996,0.074999996,5.8280015,7.2,1
0.0,1.8249995,0.6649999,3.4929993,0.42499992,1.1549997,5.8179984,7.2,1
0.0,2.4349992,11.015003,7.6670017,1.1549995,9.414997,3.1420007,7.2,1
0.0,1.4849994,0.68499994,8.255003,0.9949996,8.984997,5.415002,7.2,1
0.0,0.70500004,0.53499997,4.5359983,0.074999996,0.059999995,5.987002,7.2,1
0.0,0.64500004,0.28499994,3.5780008,0.0075,0.0,5.6100016,7.2,1
0.0,1.7249994,1.8850005,1.4460006,0.55499995,2.7150006,3.1560006,7.2,1
0.0,2.3249993,7.6349983,8.682997,1.3,11.025003,3.7510006,7.2,1
0.0,2.8150008,1.9650005,11.072003,0.0,0.0,3.9319994,7.2,1
0.0,1.3450005,4.605002,16.927004,0.0,0.074999996,4.133002,7.2,1
0.0,2.9049993,9.485003,9.505997,0.074999996,0.0,3.2580006,7.2,1
0.0,2.1250007,2.2849994,2.1419992,1.0450003,6.5949984,3.0490007,7.2,1
0.0,2.5450006,5.2850018,0.7139999,0.074999996,0.0,3.1490006,7.2,1
0.0,1.4250005,3.3250008,8.468003,0.18500006,2.2949994,3.1149993,7.2,1
0.0,1.1749995,0.5949999,3.4250007,0.0,0.074999996,2.8749993,7.2,1
0.0,0.089999996,0.035,0.37599993,0.8449999,0.17000006,4.9419985,7.2,1
0.0,0.06500001,0.24499993,-0.13800007,0.6550001,0.5250001,5.9250016,7.2,1
0.0,2.2149994,9.595003,6.3710017,0.0,0.0,2.8670006,7.2,1
0.0,0.87500006,2.1150007,5.7480016,0.074999996,0.0,5.8969984,7.2,1
0.0,3.1549993,3.1549993,24.555002,1.3,13.234997,3.3609993,7.2,1
0.0,1.2649995,1.4150006,1.1680006,1.3,5.4249983,3.1300006,7.2,1
0.0,3.5749993,16.345003,20.267998,0.0,0.0,5.6939983,7.2,1
0.0,0.54,0.55,9.823,0.11,0.19,3.163,7.2,1
0.0,0.7149999,1.5050005,7.5829983,0.40499994,2.6049993,5.4300017,7.2,1
0.0,1.4050006,2.6849992,15.130003,0.074999996,0.0,5.923002,7.2,1
0.0,0.7250001,2.2150006,4.868002,0.074999996,0.0,5.9159985,7.2,1
0.0,7.59,2.45,14.486,0.24,3.48,5.913,7.2,1
0.0,1.4949995,1.8150005,0.97199994,0.7849999,3.1150007,2.7860007,7.2,1
0.0,5.06,2.33,30.366,0.77,23.38,6.001,7.2,1
0.0,5.94,1.42,4.382,0.0,0.0,3.086,7.2,1
0.0,1.5549995,1.7050005,3.2919993,0.074999996,0.074999996,5.6199985,7.2,1
0.0,0.055,0.0175,0.28399995,1.08,0.15500008,5.149998,7.2,1
0.0,0.6650001,0.8249999,0.21699993,0.044999998,0.0,3.1830006,7.2,1
0.0,0.82500005,0.7149999,4.7209983,1.0650004,4.8250017,5.4040017,7.2,1
0.0,1.6949995,2.5400002,-0.047,0.074999996,0.0,2.3450007,7.2,1
0.0,2.47,4.36,68.626,0.0,0.0,3.719,7.2,1
0.0,0.5149999,1.8000004,6.289998,0.074999996,0.074999996,3.7539992,7.2,1
0.0,2.2,2.2,101.903,0.0,0.0,6.079,7.2,1
0.0,6.79,3.39,11.056,0.55,6.08,3.261,7.2,1
0.0,0.36499992,0.37499994,3.6980007,1.0250001,0.70000005,2.7299993,7.2,1
0.0,3.24,3.24,50.401,0.76,12.24,4.97,7.2,1
0.0,2.9449992,6.9349985,9.299997,0.30499995,2.0450006,3.1390007,7.2,1
0.0,0.20500007,0.36499992,-0.2850001,1.1100004,1.6549995,5.8489995,7.2,1
0.0,0.16500007,0.15499997,0.8080001,1.3,1.0599998,3.7539992,7.2,1
0.0,2.1050007,2.6449993,0.70899993,0.074999996,0.0,2.8540006,7.2,1
0.0,1.3250005,6.2150016,21.426003,0.92499995,18.205004,5.3840017,7.2,1
0.0,1.1299996,5.9650016,6.861998,0.0,0.0,5.7989993,7.2,1
0.0,1.98,0.84,11.909,0.58,6.91,6.015,7.2,1
0.0,0.5,0.51,13.09,0.63,1.9,6.03,7.2,1
0.0,1.8949995,2.0449998,4.7400017,0.074999996,0.074999996,5.0539985,7.2,1
0.0,1.8749995,3.3149993,0.5339999,0.20499992,1.2949995,5.3439984,7.2,1
0.0,5.51,1.21,7.087,0.51,3.61,5.906,7.2,1
0.0,7.19,1.62,9.501,0.0,0.0,5.865,7.2,1
0.0,1.4249995,5.8249984,8.943997,0.074999996,0.074999996,5.8379984,7.2,1
0.0,0.37499994,1.1550006,5.8189983,0.0,0.074999996,5.5320015,7.2,1
0.0,1.2349994,0.55499995,4.5419984,0.69499993,2.9349992,3.5989993,7.2,1
0.0,2.2749994,14.024997,12.8270035,0.22500008,3.7950006,5.9400015,7.2,1
0.0,1.4349995,1.5850005,3.8079994,0.074999996,0.074999996,5.8439984,7.2,1
0.0,4.74,1.13,7.049,0.26,1.83,6.238,7.2,1
0.0,1.7850006,6.064998,5.797002,0.17500007,1.43,3.2710006,7.2,1
0.0,1.4849994,0.61499995,5.0209985,0.68499994,3.1849992,3.3419993,7.2,1
0.0,0.75499994,1.2749995,4.3529983,0.074999996,0.0,3.3789992,7.2,1
0.0,1.2050002,0.6649999,7.1409984,0.0,0.074999996,6.139002,7.2,1
0.0,0.39499992,0.7950001,2.8690007,0.93499994,0.45500004,1.9970006,7.2,1
0.0,3.4749994,3.4849994,21.852003,0.57500005,6.995002,3.2069993,7.2,1
0.0,1.4600002,5.084998,8.499997,0.074999996,0.074999996,5.8169985,7.2,1
0.0,0.4650001,0.20499992,0.8549999,1.015,0.6550001,5.9249983,7.2,1
0.0,0.705,0.28499994,3.8030007,1.0250001,3.7549994,5.6950016,7.2,1
0.0,10.6,2.15,12.909,0.0,0.0,6.004,7.2,1
0.0,1.2549995,1.4150006,1.6440005,0.067499995,0.074999996,5.380998,7.2,1
0.0,5.51,5.52,107.979,0.0,0.0,5.963,7.2,1
0.0,1.2950006,4.2049985,3.8320007,0.765,3.1249993,3.2169998,7.2,1
0.0,0.28000006,1.1650006,2.0249999,0.074999996,0.0,5.866999,7.2,1
0.0,0.6750001,0.79999995,1.9360005,0.074999996,0.0,5.6409984,7.2,1
0.0,0.7749999,2.2150006,2.2010007,0.0,0.0075,3.1910005,7.2,1
0.0,1.3049995,0.53499997,2.7699993,1.1950005,3.0949993,5.913998,7.2,1
0.0,0.6049999,1.9150006,11.138003,0.39499992,3.6649992,6.2020016,7.2,1
0.0,0.9049999,1.4150006,8.019003,0.17499995,0.88499993,6.1150017,7.2,1
0.0,0.37500006,0.28499994,1.3069994,1.2650006,1.5649995,3.1459994,7.2,1
0.0,1.1149995,0.45499992,3.8800006,0.0,0.074999996,3.3989992,7.2,1
0.0,2.4450006,2.6049993,0.70699996,0.074999996,0.0,5.340998,7.2,1
0.0,2.7749994,7.2149982,8.714997,0.074999996,0.0,3.1250007,7.2,1
0.0,1.9249997,13.344997,6.9759984,0.20500007,1.8949995,3.6539993,7.2,1
0.0,3.99,1.04,3.175,0.0,0.0,3.053,7.2,1
0.0,0.9649999,3.9450002,9.167003,0.074999996,0.0,3.3879993,7.2,1
0.0,1.1550006,3.3249993,19.377003,0.074999996,0.074999996,6.079002,7.2,1
0.0,0.275,0.15499997,1.6089995,0.68499994,1.1050005,5.882002,7.2,1
0.0,1.0,1.07,18.656,0.0,0.0,5.019,7.2,1
0.0,3.75,1.75,10.75,0.0,0.0,6.214,7.2,1
0.0,1.17,1.18,27.406,1.26,4.53,3.07,7.2,1
0.0,1.7549995,1.1150005,5.774998,0.0,0.074999996,3.2719994,7.2,1
0.0,10.2,4.38,26.786,0.0,0.0,6.13,7.2,1
0.0,0.92,1.29,21.399,1.06,3.01,3.086,7.2,1
0.0,2.1850007,2.3349993,5.113002,0.074999996,0.074999996,5.973998,7.2,1
0.0,1.3650005,4.2149982,9.047003,1.0849994,10.654997,3.0369992,7.2,1
0.0,1.3349994,0.54499996,1.7090005,0.074999996,0.03,3.4020007,7.2,1
0.0,0.17499995,0.38500008,0.7250001,0.074999996,0.074999996,2.1799994,7.2,1
0.0,1.98,1.98,49.523,1.13,6.55,2.927,7.2,1
0.0,1.3149995,0.48499992,1.3440006,0.074999996,0.0,3.0200007,7.2,1
0.0,2.0450006,0.67499995,6.670998,1.1750005,7.495002,3.2569993,7.2,1
0.0,2.2750006,1.1950005,7.335998,0.79499996,5.415002,3.2289994,7.2,1
0.0,2.8450007,3.1349993,3.2479994,0.074999996,0.074999996,3.0070007,7.2,1
0.0,1.5150006,2.3449993,13.040003,0.074999996,0.0,5.8530016,7.2,1
0.0,4.984998,26.774998,16.315996,0.0,0.0,3.1350007,7.2,1
0.0,8.73,3.53,22.18,0.0,0.0,6.283,7.2,1
0.0,2.1650007,0.73499995,3.8379993,0.6049999,1.9149995,5.6269984,7.2,1
0.0,0.0,0.01,-0.29100007,0.6450001,0.075000025,5.1750016,7.2,1
0.0,0.28499994,1.2150005,2.1820006,0.0,0.074999996,3.2539992,7.2,1
0.0,2.3250008,1.3250005,13.972003,0.9549999,12.434997,5.928002,7.2,1
0.0,0.94,0.94,20.025,0.64,1.85,3.074,7.2,1
0.0,2.5550008,2.7149994,1.0820005,0.074999996,0.0,3.1040006,7.2,1
0.0,0.16499996,0.16499996,1.8669995,0.0,0.074999996,5.619002,7.2,1
0.0,1.2549995,1.1850005,2.4560006,0.0,0.074999996,1.9780005,7.2,1
0.0,2.3649998,2.4249992,20.762003,0.20499992,1.0250001,3.1799994,7.2,1
0.0,0.115,0.085,0.311,0.0,0.0,3.1699994,7.2,1
0.0,1.22,1.93,41.383,0.0,0.0,5.836,7.2,1
0.0,1.8550005,8.535003,10.172003,0.56500006,6.484998,5.8320017,7.2,1
0.0,6.77,3.28,9.967,0.0,0.0,3.039,7.2,1
0.0,4.77,1.49,8.852,0.0,0.0,5.981,7.2,1
0.0,1.4849994,1.6350005,0.84299994,0.67499995,5.644998,6.0409985,7.2,1
0.0,0.16499996,0.32499993,1.3929995,0.87500006,1.4650005,5.947002,7.2,1
0.0,0.67,0.81,13.332,0.93,3.39,5.442,7.2,1
0.0,3.65,1.49,9.28,0.0,0.0,6.27,7.2,1
0.0,1.57,1.57,34.876,0.0,0.0,5.92,7.2,1
0.0,2.12,2.13,99.153,1.06,13.6,6.052,7.2,1
0.0,4.38,4.39,87.962,0.79,20.42,5.901,7.2,1
0.0,2.9099998,2.9549994,26.001003,0.63499993,5.015002,3.1409993,7.2,1
0.0,2.0350006,0.73499995,6.650998,0.28499994,1.3874998,3.2479994,7.2,1
0.0,1.3350005,3.1049993,18.244003,0.074999996,0.074999996,6.1410017,7.2,1
0.0,4.85,2.78,16.086,0.0,0.0,3.317,7.2,1
0.0,3.0949993,11.775003,9.963997,0.024999999,0.9150001,3.2000008,7.2,1
0.0,0.48499992,1.5050005,6.8319983,0.75500005,5.8050017,4.9050016,7.2,1
0.0,0.6649999,1.5649995,3.4690006,0.38500008,1.7050005,2.9799993,7.2,1
0.0,0.40000007,1.7550005,1.4479996,0.044999998,0.0,3.3529994,7.2,1
0.0,8.41,1.95,6.197,0.0,0.0,3.194,7.2,1
0.0,4.01,4.02,165.252,0.73,16.06,5.487,7.2,1
0.0,0.86500007,1.015,-0.50600004,0.074999996,0.0,3.1690006,7.2,1
0.0,1.6550006,3.1549993,18.193003,0.53499997,8.474997,6.006002,7.2,1
0.0,2.28,0.47,1.467,1.25,1.83,3.189,7.2,1
0.0,2.92,1.25,8.957,0.0,0.0,3.067,7.2,1
0.0,0.28499994,1.1050005,1.8059995,0.074999996,0.074999996,2.5829992,7.2,1
0.0,10.33,2.77,6.732,0.36,2.42,2.782,7.2,1
0.0,0.92,0.92,12.286,1.21,3.62,3.25,7.2,1
0.0,0.75499994,1.2250005,6.728998,0.074999996,0.074999996,6.0430017,7.2,1
0.0,1.84,1.9250005,15.067003,0.9049999,4.915002,3.2459993,7.2,1
0.0,0.98999995,4.234998,5.6029983,0.8449999,4.294998,5.8399982,7.2,1
0.0,2.1050007,2.2549994,0.58699995,1.1950005,7.644998,3.0890007,7.2,1
0.0,2.9750006,3.1349993,3.3079994,0.074999996,0.074999996,3.0360007,7.2,1
0.0,22.54,9.39,16.215,1.02,16.54,3.302,7.2,1
0.0,0.54499996,1.3750005,7.6529984,0.93,7.265002,6.066002,7.2,1
0.0,1.965,0.80499995,6.340998,0.074999996,0.0,3.2199993,7.2,1
0.0,2.86,2.87,90.538,0.0,0.0,5.752,7.2,1
0.0,8.15,2.75,15.119,0.0,0.0,5.518,7.2,1
0.0,1.51,1.52,52.873,0.0,0.0,5.585,7.2,1
0.0,1.4050006,8.635003,7.7339983,0.7750001,6.564998,5.9460015,7.2,1
0.0,3.0450006,3.2049994,0.5709999,0.074999996,0.0,3.1700006,7.2,1
0.0,0.81499994,1.7149994,5.4509983,0.074999996,0.0,3.1789994,7.2,1
0.0,3.9,0.82,4.631,0.0,0.0,5.862,7.2,1
0.0,3.8950007,4.0450006,4.5310016,0.074999996,0.074999996,4.5439982,7.2,1
0.0,1.1949995,1.3450005,1.6000005,0.62499994,2.0450006,2.9570007,7.2,1
0.0,2.8,0.82,4.806,0.0,0.0,5.933,7.2,1
0.0,0.18499994,0.18499994,3.5920007,0.25499994,0.0,3.6389992,7.2,1
0.0,0.43499994,1.005,4.6399984,0.0,0.074999996,5.495002,7.2,1
0.0,1.4050001,5.334998,7.5550017,0.074999996,0.074999996,5.3059983,7.2,1
0.0,2.7449994,10.725003,15.065003,0.074999996,0.0,5.5949984,7.2,1
0.0,2.9450006,2.9550006,7.1700015,1.2450005,18.235003,5.1079984,7.2,1
0.0,1.2550005,2.9750006,9.438003,0.0,0.0,3.2039993,7.2,1
0.0,2.61,2.61,72.174,0.78,6.81,3.343,7.2,1
0.0,0.0,0.74499995,0.106,0.034999996,0.0,3.1749992,7.2,1
0.0,1.34,1.35,14.939,0.38,1.6,3.138,7.2,1
0.0,0.9149999,1.6449995,2.5670006,0.074999996,0.074999996,3.0700006,7.2,1
0.0,4.28,1.52,7.89,1.27,10.02,5.225,7.2,1
0.0,5.46,2.67,16.069,0.0,0.0,6.018,7.2,1
0.0,1.015,13.694997,4.728998,0.7750001,4.004998,5.186002,7.2,1
0.0,1.7249994,1.8750005,1.0370002,1.1250005,10.995003,5.781998,7.2,1
0.0,1.1349995,0.38499993,1.7350005,0.54499996,0.8549999,5.4579983,7.2,1
0.0,1.24,1.25,22.107,0.0,0.0,3.144,7.2,1
0.0,3.6850007,26.794996,11.996997,0.0,0.0,3.0960007,7.2,1
0.0,1.2949995,1.4550005,0.41599992,0.56499994,2.0950007,3.1510007,7.2,1
0.0,2.2550006,2.3350008,6.3070016,1.0550004,12.905003,5.6069984,7.2,1
0.0,1.03,1.51,30.109,0.0,0.0,5.696,7.2,1
0.0,1.2149994,1.3650005,1.7790005,0.7649999,5.164998,5.8059983,7.2,1
0.0,6.89,2.7,6.64,0.52,3.45,3.147,7.2,1
0.0,0.97499967,1.1250005,0.9699999,0.074999996,0.0,5.971998,7.2,1
0.0,3.19,1.78,18.628,0.0,0.0,5.839,7.2,1
0.0,1.425,1.5150006,9.399003,0.68499994,2.9049993,3.2919993,7.2,1
0.0,2.84,3.25,65.399,1.17,10.16,3.057,7.2,1
0.0,2.1949992,6.2649984,6.3460016,0.0,0.0,2.8830006,7.2,1
0.0,5.33,2.54,8.545,0.0,0.0,5.697,7.2,1
0.0,2.12,2.12,24.42,0.21,1.45,3.257,7.2,1
0.0,0.16499996,0.36499992,0.8580001,0.0,0.074999996,3.2919993,7.2,1
0.0,2.8449993,11.785003,10.468997,0.9150001,10.364997,3.6770008,7.2,1
0.0,2.1650007,0.8249999,4.412999,1.0650004,4.4850016,5.868998,7.2,1
0.0,6.5549984,4.2950015,9.528003,0.74499995,6.5050015,3.1470006,7.2,1
0.0,6.04,3.08,36.062,0.0,0.0,5.971,7.2,1
0.0,2.26,2.27,93.414,1.07,13.99,5.785,7.2,1
0.0,0.42499992,1.2649995,3.2050006,0.074999996,0.074999996,3.1119993,7.2,1
0.0,0.69500005,1.2350005,0.21399993,0.42499992,0.7250001,2.8990006,7.2,1
0.0,4.19,1.9,25.886,1.09,28.22,6.178,7.2,1
0.0,0.75500005,1.1549995,0.9229999,0.074999996,0.0,2.4120007,7.2,1
0.0,0.32000002,0.23499992,1.9700003,0.27499995,0.45499995,5.9180017,7.2,1
0.0,0.32500008,0.415,0.6459999,0.074999996,0.0,5.919998,7.2,1
0.0,1.3850003,5.1149983,7.2080016,0.074999996,0.06,5.247998,7.2,1
0.0,2.1550007,0.9549999,6.8369985,0.98499995,6.3650017,3.1749992,7.2,1
0.0,14.08,3.6,11.667,0.0,0.0,3.241,7.2,1
0.0,1.17,1.18,19.116,0.34,1.25,3.147,7.2,1
0.0,0.86499995,3.3549993,13.043003,0.7249999,8.604997,4.390002,7.2,1
0.0,14.01,2.96,17.625,0.0,0.0,5.975,7.2,1
0.0,1.28,0.32,7.67,0.35,2.68,5.992,7.2,1
0.0,2.5249994,7.9950023,7.527002,0.0,0.0,2.9670007,7.2,1
0.0,0.88499993,2.1249993,11.147003,0.29499993,2.4400003,5.5490017,7.2,1
0.0,1.31,1.32,33.975,0.0,0.0,6.218,7.2,1
0.0,0.14,0.125,0.35700008,0.21499993,0.06,3.1609993,7.2,1
0.0,0.49499992,0.50499994,7.736998,0.074999996,0.074999996,5.935002,7.2,1
0.0,0.53499997,2.3650007,6.269998,0.0,0.074999996,5.6900015,7.2,1
0.0,2.9550006,1.0950005,1.6030005,0.074999996,0.0,1.4379995,7.2,1
0.0,0.98499995,2.8350008,2.9820006,0.0075,0.074999996,3.4339993,7.2,1
0.0,2.86,2.86,156.502,0.0,0.0,5.864,7.2,1
0.0,1.2699997,3.1750007,7.7850018,0.074999996,0.074999996,5.8559985,7.2,1
0.0,2.5750008,1.5150006,15.7020035,1.1950005,17.744997,6.0290017,7.2,1
0.0,1.2500002,3.5350006,7.2660017,0.6549999,4.0949984,5.8189983,7.2,1
0.0,1.6049994,1.6149995,4.6810017,1.1650006,10.975003,5.958998,7.2,1
0.0,6.04,1.7,5.646,0.87,4.91,3.321,7.2,1
0.0,0.7849999,2.4550006,2.1130006,0.0,0.0,3.0010006,7.2,1
0.0,1.2250005,2.6750007,3.7730007,0.067499995,0.059999995,3.3609998,7.2,1
0.0,0.935,1.1150005,0.30199993,0.074999996,0.0,5.8199983,7.2,1
0.0,6.9449983,13.024997,13.8969965,0.074999996,0.0,5.899998,7.2,1
0.0,1.29,1.29,74.268,0.0,0.0,6.065,7.2,1
0.0,0.8449999,1.4049995,4.6199985,0.36499992,1.2849995,3.2689993,7.2,1
0.0,19.96,5.74,16.417,1.25,20.52,3.182,7.2,1
0.0,0.095,0.029999994,0.30700004,0.074999996,0.029999997,5.647001,7.2,1
0.0,0.55500007,0.7049999,1.1230005,1.1250005,3.9050007,5.9489985,7.2,1
0.0,0.68500006,3.5449994,4.528999,0.29499993,0.935,5.9629984,7.2,1
0.0,0.47499993,1.6450006,9.350003,0.81500006,8.464997,6.0780015,7.2,1
0.0,3.6349993,14.795003,11.155997,0.8350001,10.154997,3.0380006,7.2,1
0.0,1.1450006,4.624998,3.4410007,0.0,0.074999996,3.3609993,7.2,1
0.0,4.64,1.03,5.094,0.81,4.13,4.994,7.2,1
0.0,2.8850007,2.025,3.6609993,0.36500007,1.6550006,5.1219983,7.2,1
0.0,0.43499994,0.63499993,3.1610007,0.0,0.074999996,5.9590015,7.2,1
0.0,1.9449997,0.6649999,3.6029994,0.7849999,2.4400005,6.0079985,7.2,1
0.0,0.86500007,2.8050008,5.776002,1.2650006,6.855002,5.9899983,7.2,1
0.0,2.27,0.68,12.988,0.0,0.0,5.722,7.2,1
0.0,1.9950005,2.1449993,2.2279994,0.6649999,3.4050007,2.7770007,7.2,1
0.0,0.30499995,0.45999998,1.2959995,0.04,0.21499993,3.2629993,7.2,1
0.0,1.8149995,2.0549998,2.0929992,1.0850005,5.894998,3.0520008,7.2,1
0.0,3.99,4.04,43.678,0.0,0.0,3.003,7.2,1
0.0,0.7049999,2.1650007,6.8199983,0.61499995,3.7949994,3.2819993,7.2,1
0.0,0.52,0.53,11.907,0.0,0.0,5.867,7.2,1
0.0,1.7549995,1.9150006,1.0390003,0.074999996,0.0,3.1590006,7.2,1
0.0,2.6849992,12.315003,13.385003,0.015,0.0,5.0819983,7.2,1
0.0,0.0,0.01,-0.48100007,1.3,0.015000001,3.3250008,7.2,1
0.0,2.0449998,6.274998,17.484003,0.0,0.0,3.0499992,7.2,1
0.0,8.67,3.08,10.064,0.0,0.0,3.268,7.2,1
0.0,5.07,2.12,12.83,0.94,12.06,6.081,7.2,1
0.0,0.97,0.97,20.818,0.0,0.0,6.101,7.2,1
0.0,4.19,4.19,100.902,0.42,5.88,3.339,7.2,1
0.0,2.01,2.55,43.24,0.59,6.92,5.838,7.2,1
0.0,1.8250005,3.0450006,10.035003,0.87500006,9.674997,3.3259993,7.2,1
0.0,2.1950006,12.334997,6.9370017,0.49500006,3.8350008,3.0979993,7.2,1
0.0,9.41,2.92,16.955,0.41,6.95,5.847,7.2,1
0.0,0.31499994,0.33500007,0.75100005,0.074999996,0.074999996,2.1399994,7.2,1
0.0,1.2249994,1.3750005,3.6549993,0.074999996,0.0,5.7459984,7.2,1
0.0,7.52,3.26,14.368,1.17,16.81,5.612,7.2,1
0.0,4.95,4.95,78.941,0.0,0.0,3.332,7.2,1
0.0,1.03,1.04,21.925,0.0,0.0,6.232,7.2,1
0.0,0.99500006,0.41499993,5.5959983,0.074999996,0.074999996,5.862002,7.2,1
0.0,2.15,2.15,123.754,0.0,0.0,5.786,7.2,1
0.0,3.53,1.38,7.693,0.9,6.92,5.615,7.2,1
0.0,3.05,3.06,67.869,0.0,0.0,3.191,7.2,1
0.0,2.16,2.65,43.067,0.0,0.0,3.187,7.2,1
0.0,2.0949993,5.9049983,11.895001,0.074999996,0.0,5.835998,7.2,1
0.0,5.125002,15.725003,16.396997,0.9149999,13.635003,3.1570008,7.2,1
0.0,0.6,0.33499992,3.6180007,0.55499995,1.8450005,5.9370017,7.2,1
0.0,2.8450007,2.1749992,3.9589994,0.074999996,0.0,2.7390006,7.2,1
0.0,2.61,0.7,4.135,0.0,0.0,5.993,7.2,1
0.0,0.88500005,2.5350006,5.9110017,0.28499994,1.1549995,6.0039983,7.2,1
0.0,2.5,0.76,13.088,0.53,6.94,5.235,7.2,1
0.0,1.2549995,0.80499995,4.196998,0.074999996,0.0,3.2869992,7.2,1
0.0,1.1649995,1.3150005,2.2469993,0.87499994,5.9049983,5.951998,7.2,1
0.0,3.0449994,12.165003,6.3180017,1.1050005,6.5050015,2.0270007,7.2,1
0.0,9.27,5.13,15.154,0.19,2.88,3.28,7.2,1
0.0,0.7850001,0.39499992,2.6470006,0.37499994,0.74500006,3.2399993,7.2,1
0.0,1.3450005,6.2649984,3.8330007,0.76500005,3.3549993,3.1519992,7.2,1
0.0,4.3850017,21.335003,20.860996,0.037499998,0.0,4.747998,7.2,1
0.0,1.2850006,4.0550013,23.588003,0.55499995,11.285003,6.020002,7.2,1
0.0,0.75499994,2.0549996,8.949003,0.074999996,0.074999996,4.6560016,7.2,1
0.0,2.4,0.76,8.639,0.6,5.18,3.6,7.2,1
0.0,1.1549995,1.3050005,1.5760006,0.61499995,3.9050007,5.9179983,7.2,1
0.0,1.3550005,4.894998,7.6830015,1.2750006,9.204997,5.868998,7.2,1
0.0,2.0450006,2.9750006,2.9839993,1.3,8.565003,3.0830007,7.2,1
0.0,0.52500004,0.23499992,3.1690006,0.0,0.0,6.0820017,7.2,1
0.0,2.1049993,6.6949983,9.410998,0.074999996,0.0,4.538998,7.2,1
0.0,1.2749995,1.3950003,2.9979994,0.9549999,6.834998,5.7389984,7.2,1
0.0,0.31500006,0.30499995,1.2679995,1.3,1.6749995,3.5189993,7.2,1
0.0,1.84,0.47,11.233,0.0,0.0,6.105,7.2,1
0.0,3.3749993,3.3849993,27.206003,0.0,0.074999996,2.0499997,7.2,1
0.0,1.6949995,1.8550005,3.8769994,0.074999996,0.074999996,5.8379984,7.2,1
0.0,1.5450006,2.9850006,7.9319983,0.0,0.074999996,3.4249992,7.2,1
0.0,8.83,8.92,501.739,0.2,10.67,6.04,7.2,1
0.0,2.0650008,2.9250007,0.033999998,0.074999996,0.0,3.0870006,7.2,1
0.0,1.2050005,2.5050006,7.8309984,0.95499986,8.214997,3.2499993,7.2,1
0.0,2.8949993,11.745003,17.026997,0.074999996,0.0,5.9359984,7.2,1
0.0,2.31,2.54,122.221,0.0,0.0,5.653,7.2,1
0.0,2.4549994,6.6349983,7.968002,0.074999996,0.0,3.2410007,7.2,1
0.0,3.0250006,2.2149994,2.9319994,1.1250005,2.9250007,2.9640007,7.2,1
0.0,0.24499993,0.5849999,1.6229994,0.074999996,0.074999996,3.4039993,7.2,1
0.0,2.4449992,10.085003,8.506997,0.0,0.0,3.6329994,7.2,1
0.0,1.0549995,0.63499993,6.6209984,1.1350005,7.1750016,6.001002,7.2,1
0.0,3.68,3.69,167.294,1.18,25.98,5.984,7.2,1
0.0,4.475002,15.115003,19.380003,1.2750006,23.275003,4.346998,7.2,1
0.0,0.6549999,2.1950006,4.9509983,0.074999996,0.0,2.8519993,7.2,1
0.0,1.3250005,2.9550006,9.837003,0.96,9.594997,3.3459992,7.2,1
0.0,1.5250006,4.6349983,4.6800003,0.8249999,3.4250007,3.1420007,7.2,1
0.0,2.95,1.19,17.849,0.0,0.0,6.051,7.2,1
0.0,5.24,1.6,2.727,1.03,2.81,1.948,7.2,1
0.0,8.8,2.63,10.855,0.0,0.0,4.191,7.2,1
0.0,1.67,0.53,9.767,0.0,0.0,5.849,7.2,1
0.0,4.41,1.36,8.197,0.0,0.0,6.027,7.2,1
0.0,2.8350008,1.3550005,7.6529984,0.22499993,1.0849994,6.067001,7.2,1
0.0,10.59,2.65,15.97,0.66,10.54,6.049,7.2,1
0.0,0.6750001,2.2650006,4.2130017,0.074999996,0.0,5.4419985,7.2,1
0.0,0.99499995,2.6100006,8.554003,0.44500005,4.5650015,3.3939993,7.2,1
0.0,0.13499999,0.30499995,1.2199994,0.0,0.074999996,5.961002,7.2,1
0.0,0.28000003,1.6150005,0.934,0.0,0.0,2.9860008,7.2,1
0.0,6.4549985,3.8649993,10.367003,0.22499993,1.4949995,3.1380007,7.2,1
0.0,0.61499995,1.9249995,6.243998,0.9649999,5.6950016,3.2499993,7.2,1
0.0,4.64,4.64,5.022,0.95,26.24,5.953,7.2,1
0.0,3.0449994,14.325003,13.042997,0.5950001,8.615003,4.2909985,7.2,1
0.0,0.48499992,1.1199995,3.6910007,0.074999996,0.074999996,3.2669992,7.2,1
0.0,6.99,2.67,15.834,0.56,8.87,5.93,7.2,1
0.0,2.5450006,2.6949992,2.1979992,0.074999996,0.074999996,5.7989984,7.2,1
0.0,5.05,2.1,12.512,1.11,13.89,5.987,7.2,1
0.0,0.86500007,0.5849999,4.979998,0.074999996,0.0,5.4530015,7.2,1
0.0,3.86,1.22,7.264,0.0,0.0,5.954,7.2,1
0.0,0.9849996,1.2750006,0.46299994,1.2650006,3.5850008,2.8240006,7.2,1
0.0,0.8549999,3.5349994,14.769003,0.074999996,0.074999996,5.1940017,7.2,1
0.0,1.7649999,6.294998,10.191997,0.074999996,0.029999997,5.6089983,7.2,1
0.0,2.2350006,2.4349992,3.4839993,0.074999996,0.03,3.4390006,7.2,1
0.0,1.9850004,1.0450003,6.4629984,0.67499995,3.9949994,3.2489994,7.2,1
0.0,1.7149994,0.79499996,4.362002,0.4649999,1.7450005,5.9629984,7.2,1
0.0,2.9649994,6.6949983,12.183997,0.074999996,0.06,4.1149983,7.2,1
0.0,0.5149999,2.3550007,5.0159984,0.074999996,0.074999996,2.3479993,7.2,1
0.0,0.99499995,1.7050005,9.475003,0.87499994,7.7150016,5.934002,7.2,1
0.0,1.9750005,5.0149984,6.204002,0.074999996,0.074999996,3.1510007,7.2,1
0.0,2.14,2.15,82.3,0.0,0.0,5.54,7.2,1
0.0,7.125002,20.785004,30.083004,0.73499995,19.825003,4.202998,7.2,1
0.0,3.2850006,3.5150006,3.5029993,1.1750005,10.775003,2.8600006,7.2,1
0.0,2.14,2.14,87.995,0.51,5.77,5.287,7.2,1
0.0,0.32,0.54,14.891,0.0,0.0,4.775,7.2,1
0.0,0.32500008,0.21499993,0.52299994,0.074999996,0.0,3.1250007,7.2,1
0.0,2.87,0.8,4.781,0.0,0.0,6.052,7.2,1
0.0,1.1049994,1.2650006,1.6850005,0.074999996,0.0,3.1540008,7.2,1
0.0,0.42500004,0.28499994,2.5070007,0.35499993,0.72,5.5690017,7.2,1
0.0,1.1149995,1.2750006,2.5199993,0.074999996,0.0,5.9909983,7.2,1
0.0,3.3149993,6.6949983,19.746998,0.88499993,16.024998,6.0009985,7.2,1
0.0,0.0,0.015000001,0.098,1.1899996,0.0,2.3449996,7.2,1
0.0,1.5949994,7.0450015,9.999997,0.074999996,0.0,5.867998,7.2,1
0.0,1.4249995,1.5850005,3.1869993,0.074999996,0.074999996,5.9819984,7.2,1
0.0,0.23500007,0.26500005,0.8809999,1.1650006,1.8849995,5.721998,7.2,1
0.0,1.3349994,0.50499994,7.2649984,1.1149995,8.8049965,5.2810016,7.2,1
0.0,0.23499992,0.23499992,3.0290008,0.94499993,0.32500008,2.9749994,7.2,1
0.0,1.6249995,3.2249994,1.6660005,0.73499995,6.144998,5.466998,7.2,1
0.0,1.1349995,0.41499993,3.8220007,0.0,0.074999996,3.2959993,7.2,1
0.0,1.52,1.52,37.179,0.43,1.81,2.763,7.2,1
0.0,3.81,1.72,10.098,0.0,0.0,5.871,7.2,1
0.0,8.76,1.98,11.576,0.0,0.0,5.876,7.2,1
0.0,0.59000003,0.42499992,3.8190007,1.2950006,4.8250017,6.066002,7.2,1
0.0,0.505,0.20499992,2.6820006,0.0,0.0,5.377002,7.2,1
0.0,0.8349999,3.1249993,16.933002,1.2049994,21.844997,5.6700015,7.2,1
0.0,2.1750007,2.26,4.9190016,0.88499993,10.715003,5.8429985,7.2,1
0.0,1.45,1.77,25.31,0.0,0.0,3.086,7.2,1
0.0,5.59,1.94,11.953,0.0,0.0,6.161,7.2,1
0.0,2.0250006,2.1849992,1.8280005,0.074999996,0.0,3.2750006,7.2,1
0.0,0.044999998,0.01,0.17699996,0.029999997,0.0,3.4299998,7.2,1
0.0,0.45500004,0.6049999,0.29199994,0.022499999,0.0,5.6819983,7.2,1
0.0,1.2149994,1.3650005,1.0860006,1.1150005,4.294998,3.1830006,7.2,1
0.0,3.51,3.69,200.479,0.12,2.45,5.812,7.2,1
0.0,1.1349995,0.7149999,3.6810007,0.074999996,0.0,3.1789994,7.2,1
0.0,5.88,1.58,9.376,1.28,12.0,5.934,7.2,1
0.0,1.5750005,3.0749993,16.488003,0.074999996,0.074999996,2.0819993,7.2,1
0.0,3.7550006,3.9149992,1.8500005,0.074999996,0.0,3.1380007,7.2,1
0.0,9.1,3.86,16.809,0.0,0.0,4.355,7.2,1
0.0,3.27,1.05,19.903,1.23,24.48,6.087,7.2,1
0.0,0.0,0.01,0.111,0.074999996,0.0,3.6599994,7.2,1
0.0,0.14500001,0.37500006,0.525,0.0,0.037499998,3.1130006,7.2,1
0.0,0.49499992,0.8449999,4.0869985,0.0,0.074999996,5.480002,7.2,1
0.0,0.7649999,2.7449994,11.8200035,1.0249995,13.154997,5.409002,7.2,1
0.0,1.4349995,2.0549996,0.34399992,0.9049999,4.124998,3.2780006,7.2,1
0.0,1.8849995,0.62499994,6.616998,1.2850006,8.174997,3.4889994,7.2,1
0.0,2.0150006,2.4849994,-0.31000006,0.75499994,4.104998,2.8660007,7.2,1
0.0,0.17500007,0.17500007,0.25099993,0.0,0.0,5.664998,7.2,1
0.0,2.02,4.44,35.991,0.86,5.47,3.147,7.2,1
0.0,0.075000025,0.08500002,0.31599993,0.0,0.0,5.697998,7.2,1
0.0,2.28,0.76,8.596,0.0,0.0,3.77,7.2,1
0.0,0.49500006,0.6449999,0.33699992,0.21499993,0.38500008,5.7269983,7.2,1
0.0,3.29,1.5,10.942,0.0,0.0,3.326,7.2,1
0.0,4.354998,2.6049993,10.846003,0.074999996,0.074999996,5.5539985,7.2,1
0.0,0.9149999,2.1549993,12.203003,0.074999996,0.074999996,6.0350018,7.2,1
0.0,1.8450005,7.5349984,4.981002,0.0,0.0,2.6970007,7.2,1
0.0,0.7350001,0.8949999,1.3840005,0.074999996,0.0,5.9419985,7.2,1
0.0,0.7,0.72,20.975,0.75,3.06,5.831,7.2,1
0.0,0.5949999,1.3250005,7.3059983,0.074999996,0.074999996,5.980002,7.2,1
0.0,1.7449995,1.8950006,2.8599994,0.074999996,0.074999996,5.9709983,7.2,1
0.0,1.1049994,1.2650006,1.5190005,0.94499993,3.2350006,3.1460006,7.2,1
0.0,1.12,0.39499992,6.5409985,0.074999996,0.074999996,5.982002,7.2,1
0.0,2.22,2.23,40.671,0.43,5.62,5.883,7.2,1
0.0,4.53,1.29,7.602,0.0,0.0,5.893,7.2,1
0.0,2.7,2.92,67.006,1.13,9.74,3.192,7.2,1
0.0,2.1150007,10.635003,8.286003,0.5450001,5.104998,3.8929994,7.2,1
0.0,2.0650008,0.92499995,10.246003,0.62500006,7.2950015,4.8980017,7.2,1
0.0,1.0049995,0.47499993,3.4670007,0.0,0.0,3.3549993,7.2,1
0.0,1.97,3.02,59.664,0.38,4.3,5.741,7.2,1
0.0,2.4149992,5.524998,7.436002,0.074999996,0.074999996,3.0710006,7.2,1
0.0,1.9950005,1.7050005,5.979998,1.1750005,6.7350016,2.9999993,7.2,1
0.0,0.70500004,5.105002,0.24799992,0.6549999,1.3149995,2.9930007,7.2,1
0.0,2.9950006,1.6050005,4.125002,0.7149999,2.5150006,2.5890007,7.2,1
0.0,10.95,2.6,6.95,0.27,1.88,3.174,7.2,1
0.0,2.8849993,12.815003,17.057003,0.0,0.0,6.0219984,7.2,1
0.0,2.6550007,3.0049994,1.8040005,0.69499993,9.745003,5.7249985,7.2,1
0.0,0.5149999,1.1450006,6.1599984,0.074999996,0.074999996,5.9570017,7.2,1
0.0,0.04,2.4750006,0.24400002,0.074999996,0.0,2.8149993,7.2,1
0.0,2.53,2.88,86.75,0.66,9.6,5.747,7.2,1
0.0,2.6950006,2.8549993,-0.042999998,1.0850005,10.315003,3.6380007,7.2,1
0.0,0.37499994,1.2250003,3.7090006,0.42499992,1.3800005,3.2819993,7.2,1
0.0,2.04,0.55,6.728,0.48,3.23,3.298,7.2,1
0.0,1.75,1.75,57.414,0.0,0.0,4.429,7.2,1
0.0,2.49,2.65,55.06,0.0,0.0,4.286,7.2,1
0.0,2.1849992,11.814997,10.645003,0.37500006,4.7449985,5.1560016,7.2,1
0.0,0.18499994,0.47499993,1.3779994,0.40499994,0.55499995,3.7069993,7.2,1
0.0,1.5050005,6.9249983,4.2739983,0.9150001,4.3850017,3.1159992,7.2,1
0.0,5.06,1.42,7.282,0.13,0.95,5.239,7.2,1
0.0,0.7749999,1.7549995,5.887998,1.015,5.685002,3.3509994,7.2,1
0.0,1.2050005,4.124998,11.973003,0.0,0.0,3.1329994,7.2,1
0.0,0.42500007,0.5749999,-0.3290001,0.0075,0.0,2.9650006,7.2,1
0.0,2.51,2.85,60.103,0.92,7.03,3.043,7.2,1
0.0,6.06,2.76,8.546,0.5,4.27,3.096,7.2,1
0.0,2.0550008,2.3650007,6.1170015,0.074999996,0.074999996,5.609998,7.2,1
0.0,2.0549996,5.4749985,6.0650015,0.26499993,1.0649995,2.9500008,7.2,1
0.0,0.6049999,1.4149995,4.801998,0.074999996,0.0,3.3479993,7.2,1
0.0,2.04,2.28,32.417,0.0,0.0,3.547,7.2,1
0.0,2.73,4.02,108.274,0.65,8.67,4.885,7.2,1
0.0,0.9149999,3.1750007,2.6040006,0.17499995,0.34499994,3.2639992,7.2,1
0.0,1.2,1.2,21.023,0.0,0.0,5.878,7.2,1
0.0,0.73,0.73,41.321,0.0,0.0,5.859,7.2,1
0.0,1.1049997,0.4649999,6.570998,0.6549999,3.9249992,5.8540015,7.2,1
0.0,2.02,2.02,90.795,0.25,2.76,5.466,7.2,1
0.0,2.1050007,2.4649994,1.6400006,0.074999996,0.0,2.8670006,7.2,1
0.0,0.6550001,0.80499995,0.31999993,0.0,0.0,6.065998,7.2,1
0.0,2.9950006,3.1449993,0.6639999,0.29499993,2.1550007,3.2270007,7.2,1
0.0,13.58,2.75,16.327,0.0,0.0,5.959,7.2,1
0.0,1.6250005,4.164998,9.479997,0.26499993,1.7149994,5.992998,7.2,1
0.0,0.55500007,0.22499993,0.9779999,0.0,0.0,5.9449983,7.2,1
0.0,4.69,1.33,7.902,0.13,1.03,5.986,7.2,1
0.0,1.0349995,1.2050005,2.0899994,0.55499995,2.8850007,5.472998,7.2,1
0.0,1.4649994,1.9549999,2.2129993,0.074999996,0.0,2.7380006,7.2,1
0.0,0.44500005,0.4649999,0.98799956,0.62499994,0.50500005,2.1189992,7.2,1
0.0,1.0950005,2.5849993,11.257003,0.84999996,9.024997,4.6080017,7.2,1
0.0,1.85,2.35,30.381,0.0,0.0,2.685,7.2,1
0.0,1.3850005,3.0449994,14.292003,0.074999996,0.0,4.9450016,7.2,1
0.0,1.5950005,7.254998,4.209998,0.0,0.0,2.8939993,7.2,1
0.0,2.0650008,2.2149994,0.18199995,0.074999996,0.0,5.9749985,7.2,1
0.0,3.1350007,3.2849994,1.1460005,0.074999996,0.0,3.2010007,7.2,1
0.0,3.4049993,15.045003,13.023997,1.2950006,15.725003,3.8140006,7.2,1
0.0,22.92,5.7,16.594,1.19,19.75,3.203,7.2,1
0.0,0.6450001,2.1849992,-0.47100008,0.2850001,0.7250001,3.0700002,7.2,1
0.0,2.3450007,2.5049994,2.9969993,0.074999996,0.0,3.0150006,7.2,1
0.0,1.6449995,1.7049999,4.133002,1.1650006,11.105003,5.8899984,7.2,1
0.0,0.9049999,2.6950006,6.999998,0.074999996,0.0,3.1379993,7.2,1
0.0,2.67,2.67,33.852,0.0,0.0,3.104,7.2,1
0.0,0.055,0.01,0.15499997,0.26499993,0.0,5.4699993,7.2,1
0.0,1.2350005,3.3449993,19.934004,1.3,25.884996,6.2130017,7.2,1
0.0,1.82,0.58,9.763,0.0,0.0,5.364,7.2,1
0.0,1.74,1.74,57.074,1.28,7.37,3.309,7.2,1
0.0,0.059999995,0.01,0.19199994,0.06,0.0,3.915,7.2,1
0.0,4.28,1.62,12.79,0.0,0.0,2.988,7.2,1
0.0,3.3649993,13.175003,19.190996,0.074999996,0.0,5.734998,7.2,1
0.0,8.43,2.0,5.706,0.42,2.4,2.896,7.2,1
0.0,8.06,2.15,6.94,1.29,8.95,3.523,7.2,1
0.0,0.54,0.55,14.45,0.24,0.44,3.369,7.2,1
0.0,2.6750007,2.8249993,3.0529993,0.074999996,0.074999996,4.5339985,7.2,1
0.0,4.9949985,5.1550016,3.8099992,0.074999996,0.074999996,3.1590006,7.2,1
0.0,2.2450006,2.3949993,1.0490003,0.75499994,6.914998,4.3589983,7.2,1
0.0,0.8449999,2.2750006,6.7839985,0.43499994,2.3950007,3.1649992,7.2,1
0.0,1.1799998,6.6350017,6.4899983,0.0,0.0,5.3959994,7.2,1
0.0,0.5749999,1.8549994,5.9559984,0.074999996,0.074999996,3.1999993,7.2,1
0.0,10.29,3.71,10.184,0.6,6.11,3.213,7.2,1
0.0,0.14500007,0.13,0.34699994,0.75,0.12500007,4.5179996,7.2,1
0.0,2.8,8.12,48.192,0.96,46.26,5.935,7.2,1
0.0,1.6450006,7.794998,4.1009984,0.57500005,2.7849994,2.5850008,7.2,1
0.0,0.73499995,4.2449985,1.4079995,0.0,0.074999996,2.3219993,7.2,1
0.0,1.1149995,1.7149994,0.38299993,0.074999996,0.0,1.8699995,7.2,1
0.0,0.40500003,2.6250007,0.911,0.97499967,0.95500004,2.1989994,7.2,1
0.0,1.1549995,1.3050005,3.1299994,0.33499992,1.8249995,5.8559985,7.2,1
0.0,1.8249995,0.6449999,3.4689994,0.074999996,0.074999996,5.985998,7.2,1
0.0,1.2849995,6.2950015,8.247997,0.074999996,0.0,5.9349985,7.2,1
0.0,0.35500008,1.8550005,1.3389997,0.074999996,0.0,3.2139997,7.2,1
0.0,1.6550006,2.4950006,8.053003,1.2049994,10.474997,3.2379994,7.2,1
0.0,0.85,1.32,24.094,0.24,1.18,5.767,7.2,1
0.0,0.81499994,1.3350005,6.958998,0.074999996,0.074999996,5.888002,7.2,1
0.0,0.79499996,1.5049995,4.520002,1.3,5.5450015,6.098998,7.2,1
0.0,0.49500006,0.62499994,1.3030006,0.074999996,0.0,6.0429983,7.2,1
0.0,0.6,0.32499993,3.6570008,0.0,0.0,5.9990015,7.2,1
0.0,0.8349999,1.5749995,5.2339983,1.1949995,6.8150015,3.3119993,7.2,1
0.0,0.81,0.82,16.579,0.0,0.0,3.244,7.2,1
0.0,1.5149995,1.1050005,5.307998,0.044999998,0.074999996,3.4609993,7.2,1
0.0,4.49,1.22,6.802,0.0,0.0,5.575,7.2,1
0.0,0.245,1.1850005,1.561,0.074999996,0.0075,6.004,7.2,1
0.0,0.93,0.94,19.793,0.0,0.0,3.291,7.2,1
0.0,1.6049994,0.43499994,2.1889994,0.074999996,0.0,5.9649982,7.2,1
0.0,1.78,2.53,52.197,0.98,9.03,5.178,7.2,1
0.0,1.69,2.64,64.188,1.16,7.68,3.917,7.2,1
0.0,0.63499993,0.67499995,4.886998,1.1350005,1.9549999,3.3259993,7.2,1
0.0,1.5049995,1.6850005,2.5939994,0.074999996,0.074999996,5.4879985,7.2,1
0.0,1.6349995,1.2250005,10.275003,0.0,0.074999996,6.1280017,7.2,1
0.0,1.8450005,12.514997,10.332003,0.31500006,3.984999,5.955002,7.2,1
0.0,1.5850002,7.4099994,9.005001,0.074999996,0.0,5.6799984,7.2,1
0.0,1.3050005,6.9749985,2.3430007,0.0,0.0,2.041,7.2,1
0.0,2.1550007,2.3049994,2.1389992,1.005,6.7149982,3.2010007,7.2,1
0.0,3.7549994,10.125003,11.697997,0.074999996,0.0,3.0830007,7.2,1
0.0,3.03,3.03,77.683,1.13,19.87,5.803,7.2,1
0.0,4.21,1.1,6.517,0.0,0.0,5.925,7.2,1
0.0,0.51500005,0.32499993,1.8559995,0.074999996,0.0,3.3479993,7.2,1
0.0,0.4650001,0.23499992,0.9110001,0.074999996,0.0,1.9010005,7.2,1
0.0,5.65,5.66,218.795,0.0,0.0,6.001,7.2,1
0.0,2.78,0.87,16.093,0.38,6.12,5.789,7.2,1
0.0,0.69,0.7,18.562,0.23,0.48,3.036,7.2,1
0.0,0.9049999,1.6150005,10.641003,0.29499993,1.0750005,5.540002,7.2,1
0.0,0.63499993,2.1150007,1.917,0.6049999,0.99499995,3.1940002,7.2,1
0.0,2.48,3.43,120.947,0.0,0.0,5.872,7.2,1
0.0,2.24,0.51,2.988,0.29,0.87,5.976,7.2,1
0.0,0.13499999,0.110000014,0.37900004,0.47499993,0.23499992,3.1909995,7.2,1
0.0,2.28,2.43,65.579,0.0,0.0,5.627,7.2,1
0.0,2.7449994,6.834998,14.911997,0.074999996,0.0,5.4819984,7.2,1
0.0,0.95,0.95,26.857,1.3,7.36,5.963,7.2,1
0.0,2.3549993,8.425003,7.4970016,1.0649995,8.534997,3.1800008,7.2,1
0.0,1.9650005,8.555003,11.242003,0.0,0.0,5.912998,7.2,1
0.0,2.4550006,2.6149993,4.3310018,0.074999996,0.074999996,6.005998,7.2,1
0.0,1.1450006,2.3950007,6.564998,0.76500005,5.6550016,3.2369993,7.2,1
0.0,0.48000002,2.4200003,1.5739995,0.35999995,0.41500008,3.2789993,7.2,1
0.0,0.46000004,0.26499993,2.8140006,0.015,0.0075,5.9710016,7.2,1
0.0,1.7349994,0.56499994,5.8629985,1.015,5.6550016,3.3559992,7.2,1
0.0,2.2149994,10.765003,11.394003,1.0549995,13.034997,5.2839985,7.2,1
0.0,2.0350006,1.0250001,6.1549983,0.63499993,3.5649993,3.0279994,7.2,1
0.0,3.06,3.07,65.837,0.6,5.98,3.255,7.2,1
0.0,0.61499995,1.3849995,4.6359982,0.074999996,0.0,3.4639993,7.2,1
0.0,2.6950006,2.8549993,1.1670005,0.074999996,0.0,5.3989983,7.2,1
0.0,0.28499994,0.88499993,2.4570007,0.074999996,0.074999996,3.2009993,7.2,1
0.0,0.7049999,1.8749995,6.604998,0.9149999,2.0950007,4.1690016,7.2,1
0.0,1.2149994,1.3650005,0.089,0.074999996,0.0,5.794998,7.2,1
0.0,2.8149993,8.955003,9.214997,0.13,1.1149995,3.2610006,7.2,1
0.0,8.56,1.79,5.593,0.0,0.0,3.16,7.2,1
0.0,1.2350005,6.4049983,6.3789983,0.7250001,5.220001,5.639002,7.2,1
0.0,0.91,0.92,12.801,1.12,3.31,3.247,7.2,1
0.0,6.66,3.35,4.641,0.0,0.0,2.652,7.2,1
0.0,3.6150007,3.8949993,1.8700005,0.75499994,12.275003,4.846998,7.2,1
0.0,0.41500005,0.25499994,2.5760007,0.037499998,0.015,5.8380017,7.2,1
0.0,0.73499995,2.0050006,6.1409984,0.074999996,0.0,3.0779994,7.2,1
0.0,1.5149995,6.124998,9.782997,0.074999996,0.074999996,6.030998,7.2,1
0.0,0.74,0.75,12.269,0.0,0.0,3.011,7.2,1
0.0,1.3650005,4.664998,3.978999,0.0,0.074999996,3.2179992,7.2,1
0.0,2.91,4.23,40.613,0.0,0.0,3.1,7.2,1
0.0,5.96,1.74,10.099,0.0,0.0,5.838,7.2,1
0.0,2.9249992,12.6950035,9.343997,1.1549995,11.474997,3.1770008,7.2,1
0.0,13.43,2.96,15.902,0.0,0.0,5.372,7.2,1
0.0,1.3549994,1.5150006,0.7369999,0.22499993,1.1949995,5.848998,7.2,1
0.0,4.58,4.59,56.132,0.63,15.82,5.482,7.2,1
0.0,2.6049993,8.835003,7.309002,0.56499994,3.4650006,2.7840006,7.2,1
0.0,4.0450006,13.1950035,17.262997,0.8549999,13.335003,4.2539983,7.2,1
0.0,2.1150007,2.5349994,-0.029,0.81499994,9.515003,5.8429985,7.2,1
0.0,7.29,1.62,5.105,0.95,4.85,3.171,7.2,1
0.0,5.76,2.56,7.434,0.28,2.08,3.137,7.2,1
0.0,1.46,2.52,19.775,1.06,4.4,2.841,7.2,1
0.0,11.2,2.3,8.235,0.0,0.0,3.676,7.2,1
0.0,10.79,3.04,6.311,0.45,2.84,2.895,7.2,1
0.0,0.84999996,0.35499993,4.886998,1.0450003,4.8850017,6.126002,7.2,1
0.0,0.074999996,1.3849995,-0.061,0.074999996,0.074999996,0.074999996,7.2,1
0.0,3.78,1.76,10.286,0.0,0.0,5.844,7.2,1
0.0,1.1250005,3.3650007,3.1890006,0.0,0.074999996,3.1839993,7.2,1
0.0,0.8949999,3.2149994,18.641003,1.2950006,22.904997,6.0360017,7.2,1
0.0,0.51,0.48499998,1.552,1.2650001,1.8949997,3.1179993,7.2,1
0.0,1.81,1.82,37.339,0.0,0.0,3.301,7.2,1
0.0,1.1049994,0.61499995,1.3269994,0.074999996,0.022499999,1.1129994,7.2,1
0.0,3.7150006,3.8749993,2.1049993,0.55499995,5.8849983,3.2020006,7.2,1
0.0,0.36500007,2.0749993,0.33199993,1.0250001,2.4350007,5.926998,7.2,1
0.0,4.9549985,3.5349994,3.9299994,0.5849999,1.8949995,2.9600008,7.2,1
0.0,10.67,2.91,6.456,0.39,2.52,3.017,7.2,1
0.0,0.065,0.0175,0.32799998,0.074999996,0.0,6.26,7.2,1
0.0,0.81500006,0.9749999,1.3050005,0.074999996,0.0,3.2420006,7.2,1
0.0,1.3849995,1.5350006,1.4340005,0.074999996,0.06,5.4569983,7.2,1
0.0,7.33,2.08,12.626,0.0,0.0,6.07,7.2,1
0.0,4.9549985,5.4049983,8.117997,0.074999996,0.0,3.1250007,7.2,1
0.0,1.42,1.79,37.0,0.21,0.94,3.157,7.2,1
0.0,2.6650007,1.1750005,6.4369984,0.074999996,0.074999996,5.8449984,7.2,1
0.0,10.8,3.13,18.824,0.67,12.61,6.033,7.2,1
0.0,0.61500007,0.33499992,2.4500008,0.27500004,0.88499993,3.7339993,7.2,1
0.0,1.3849995,1.5450006,1.8640006,0.074999996,0.074999996,5.986998,7.2,1
0.0,1.4850005,2.7150006,8.756003,0.0,0.074999996,3.2519994,7.2,1
0.0,0.9149999,2.6950006,6.163998,0.69500005,4.875002,2.8479993,7.2,1
0.0,2.1,2.44,25.68,0.7,8.27,5.623,7.2,1
0.0,1.2349994,6.4250016,8.033999,0.074999996,0.0,6.011998,7.2,1
0.0,1.9950005,2.1449993,2.8429992,1.2850006,7.8449984,3.0870006,7.2,1
0.0,6.94,3.25,11.605,1.25,14.51,5.717,7.2,1
0.0,1.1050005,3.8550007,11.626003,1.3,3.3150008,2.6689994,7.2,1
0.0,2.7450006,1.4250005,8.299003,1.1950005,9.454997,3.0449994,7.2,1
0.0,2.9,1.25,8.939,0.11,0.98,3.082,7.2,1
0.0,0.7750001,1.0850005,-0.012999997,0.074999996,0.0,5.5929985,7.2,1
0.0,2.5049994,5.4749985,7.626002,1.2950006,9.284997,3.0320008,7.2,1
0.0,1.4250005,5.1949983,4.2649984,0.50500005,2.4450006,3.2899992,7.2,1
0.0,0.8450001,3.0649993,0.98499995,0.037499998,0.0,2.9970007,7.2,1
0.0,0.89,0.89,52.315,0.0,0.0,5.903,7.2,1
0.0,1.2349994,1.3950006,0.42699993,1.2650006,9.225003,5.8919983,7.2,1
0.0,0.73499995,2.1249993,10.156003,0.45499992,3.8150008,5.1150017,7.2,1
0.0,0.94499993,2.2650006,5.988002,0.41499993,1.9349996,5.721998,7.2,1
0.0,0.80500007,0.80499995,1.5649995,0.18500005,0.43999994,1.9390005,7.2,1
0.0,1.5050005,2.5950007,8.888003,0.0,0.074999996,3.4319994,7.2,1
0.0,2.06,2.24,75.708,0.0,0.0,5.863,7.2,1
0.0,1.965,1.4050006,5.962002,0.4649999,2.3749993,5.7539983,7.2,1
0.0,1.33,1.33,41.087,0.0,0.0,5.319,7.2,1
0.0,2.0949993,8.6950035,6.4590015,0.0,0.0,3.2349994,7.2,1
0.0,14.09,3.96,10.559,0.23,2.43,2.966,7.2,1
0.0,2.2949994,7.794998,7.026002,1.2450005,8.204997,3.0560007,7.2,1
0.0,2.24,3.04,41.902,0.0,0.0,2.747,7.2,1
0.0,2.71,2.72,-0.268,0.98,15.88,5.979,7.2,1
0.0,0.5849999,3.9549994,6.203998,1.1849995,7.9850016,3.1679993,7.2,1
0.0,0.54499996,1.8449994,4.9699984,0.074999996,0.074999996,3.1889994,7.2,1
0.0,16.32,4.7,12.174,0.0,0.0,3.13,7.2,1
0.0,0.93499994,3.0649993,9.665003,0.074999996,0.0,3.3329992,7.2,1
0.0,2.1450007,1.6050005,5.9050016,0.074999996,0.074999996,5.6409984,7.2,1
0.0,2.72,2.72,101.278,0.0,0.0,4.372,7.2,1
0.0,9.11,3.25,11.54,0.22,2.54,5.948,7.2,1
0.0,2.0750008,2.9250007,2.9179993,0.074999996,0.0,3.0210006,7.2,1
0.0,2.43,2.9,32.49,0.0,0.0,3.724,7.2,1
0.0,5.04,1.23,3.657,0.0,0.0,2.998,7.2,1
0.0,2.2550006,3.2650006,2.1169994,0.074999996,0.0,2.3660007,7.2,1
0.0,0.8549999,1.6949995,6.642998,0.074999996,0.0,3.8699994,7.2,1
0.0,0.35499993,1.1650006,6.379998,1.0950005,6.6550016,5.9970016,7.2,1
0.0,0.47500008,2.1549993,3.3479996,0.40499994,1.0149995,5.9029984,7.2,1
0.0,0.62499994,2.4850006,6.0929985,0.074999996,0.074999996,2.9039993,7.2,1
0.0,1.68,1.7,68.723,0.0,0.0,5.923,7.2,1
0.0,0.605,2.5699995,1.9119995,0.074999996,0.0,3.2799993,7.2,1
0.0,1.6149995,0.67499995,6.7919984,0.074999996,0.022499999,4.138002,7.2,1
0.0,0.86499995,2.2050006,7.511998,0.074999996,0.0,3.4169993,7.2,1
0.0,2.0450006,1.0250001,6.1339984,0.8449999,4.855002,3.0039992,7.2,1
0.0,6.24,1.53,8.612,0.0,0.0,5.939,7.2,1
0.0,1.4,1.71,16.604,0.74,3.27,3.152,7.2,1
0.0,1.7,1.71,74.534,0.52,5.17,5.846,7.2,1
0.0,0.9050001,1.2149994,2.5189993,0.6049999,2.9250007,5.6929984,7.2,1
0.0,1.5349995,1.6850005,0.9039999,0.30499995,1.0649995,3.0050006,7.2,1
0.0,5.38,5.38,154.131,0.45,12.49,5.159,7.2,1
0.0,0.56,0.55499995,2.3640006,0.044999998,0.022499999,4.2090015,7.2,1
0.0,0.36499992,0.34000006,0.5389999,0.074999996,0.074999996,1.6750005,7.2,1
0.0,4.5549984,4.705002,1.8770006,0.36499992,4.314998,3.1960006,7.2,1
0.0,0.33499992,0.9649999,2.7340007,0.35499993,0.86499995,3.2309992,7.2,1
0.0,12.39,2.72,8.378,0.0,0.0,3.08,7.2,1
0.0,0.7150001,0.74500006,-0.10800005,1.0750005,1.0149995,1.2999995,7.2,1
0.0,2.2449994,7.3449984,6.4700017,0.0,0.0,2.8720007,7.2,1
0.0,2.18,2.74,49.485,0.0,0.0,3.194,7.2,1
0.0,0.15000004,0.75499994,0.606,0.0,0.0,3.2979999,7.2,1
0.0,0.9649999,1.9450005,10.936003,0.635,7.2350016,5.995002,7.2,1
0.0,1.6949995,0.8949999,4.2399983,0.8249999,3.3149993,2.5129993,7.2,1
0.0,3.42,1.44,8.435,0.0,0.0,5.858,7.2,1
0.0,1.4650005,2.7250006,5.169998,0.0,0.074999996,1.9480006,7.2,1
0.0,1.9950005,2.1449993,-0.25900006,0.32499993,1.6549995,3.2610006,7.2,1
0.0,9.26,2.25,12.801,0.84,10.75,5.715,7.2,1
0.0,1.1550006,3.0250006,10.021003,0.49500006,5.8250017,3.3319993,7.2,1
0.0,0.26499993,0.67499995,1.9539999,0.0,0.074999996,3.4569993,7.2,1
0.0,11.67,5.28,16.289,0.0,0.0,3.145,7.2,1
0.0,2.88,2.89,168.568,0.0,0.0,6.131,7.2,1
0.0,0.7149999,1.8999997,6.176998,1.1800002,7.265002,3.3309994,7.2,1
0.0,0.23500004,1.0550004,0.91499996,0.24500006,0.21500006,3.214,7.2,1
0.0,1.2900002,6.535,6.9569983,0.80500007,6.2050004,5.6110005,7.2,1
0.0,2.6350007,13.324997,8.500997,0.47500008,4.5549984,3.1839993,7.2,1
0.0,0.7249999,1.4250005,6.820998,0.074999996,0.074999996,5.9190016,7.2,1
0.0,0.24000004,0.21499993,0.7840001,0.022499999,0.03,3.2559993,7.2,1
0.0,0.48500007,1.8349994,3.4679992,0.074999996,0.0,5.9839983,7.2,1
0.0,4.55,0.97,5.697,0.0,0.0,5.934,7.2,1
0.0,0.8249999,2.3050008,2.2290006,0.074999996,0.03,3.0120006,7.2,1
0.0,2.3050008,1.6650006,5.0669985,1.0850005,5.265002,2.0860007,7.2,1
0.0,0.41999996,0.9849996,1.2800006,0.73499995,0.7250001,3.0150006,7.2,1
0.0,2.4749994,9.365003,7.482002,0.0,0.0,3.0110006,7.2,1
0.0,0.2850001,0.16499996,0.5709999,0.6449999,0.20500007,6.124998,7.2,1
0.0,0.37499994,0.94499993,5.0499983,0.97499967,5.455002,6.034002,7.2,1
0.0,0.6600001,0.6449999,3.3070006,0.059999995,0.0075,4.7720017,7.2,1
0.0,0.5350001,0.22499993,1.965,1.3,2.4350007,3.4189994,7.2,1
0.0,4.13,1.3,2.834,0.57,1.62,2.18,7.2,1
0.0,0.08500002,0.4649999,0.24499993,0.80500007,0.31500006,2.7060006,7.2,1
0.0,1.1849995,6.3150015,7.3909984,0.98499995,6.9449983,5.8499985,7.2,1
0.0,2.22,0.61,12.35,0.17,2.1,5.563,7.2,1
0.0,2.2049994,6.4949985,12.828003,0.33499992,3.2750006,5.9829984,7.2,1
0.0,1.1249995,1.2750006,1.4920006,1.0250001,3.6450007,3.1880007,7.2,1
0.0,1.6749995,1.9550005,0.30599993,0.8549999,4.2849984,3.1160007,7.2,1
0.0,0.075000025,0.075000025,0.107,0.0,0.0,3.2050006,7.2,1
0.0,0.7,1.75,20.949,0.0,0.0,5.486,7.2,1
0.0,0.04,0.065,0.139,0.074999996,0.014999997,2.1749992,7.2,1
0.0,0.0,0.33499992,0.40599993,0.79499996,0.16500007,4.683999,7.2,1
0.0,8.855003,8.855003,22.526997,1.2350005,62.895004,6.0029984,7.2,1
0.0,0.74499995,1.0850005,6.0759983,0.35500008,2.7149994,6.165002,7.2,1
0.0,1.3249995,0.7249999,5.7409983,0.029999997,0.074999996,4.2290015,7.2,1
0.0,0.97499967,1.1350005,-0.21200007,0.074999996,0.0,5.8909984,7.2,1
0.0,1.5050005,3.4049993,16.864002,1.0849994,19.724997,5.177002,7.2,1
0.0,0.125,0.065,0.56200004,0.50499994,0.19499993,5.4900007,7.2,1
0.0,0.94499993,0.39499992,2.9310007,0.79499996,2.2049997,3.0219994,7.2,1
0.0,1.43,0.44,8.59,0.3,2.58,6.007,7.2,1
0.0,1.5049995,1.6650006,2.3419993,0.6549999,2.8750007,3.1390007,7.2,1
0.0,1.4949995,1.8450005,-0.075000025,0.074999996,0.0,3.1030006,7.2,1
0.0,1.5649995,0.80499995,9.406003,0.37500006,4.3450017,5.856002,7.2,1
0.0,0.06,0.0175,0.16699997,0.0,0.037499998,3.067,7.2,1
0.0,2.33,2.33,68.111,0.37,2.84,3.289,7.2,1
0.0,12.65,3.15,18.747,0.0,0.0,5.97,7.2,1
0.0,4.504998,2.6749992,26.499002,1.3,34.084995,5.877002,7.2,1
0.0,0.63500005,0.53499997,0.6920001,0.074999996,0.0,1.0049995,7.2,1
0.0,3.1,3.1,33.323,0.63,6.48,3.316,7.2,1
0.0,2.1849992,6.9549985,6.2420015,0.89,5.414998,2.8480008,7.2,1
0.0,7.25,3.11,10.397,0.0,0.0,3.343,7.2,1
0.0,1.8649995,6.455002,-0.5160001,0.074999996,0.0,5.6599984,7.2,1
0.0,1.4650005,2.0150003,16.926003,0.074999996,0.0,3.2509995,7.2,1
0.0,0.37499994,2.4849994,2.3940008,0.0,0.074999996,4.1900015,7.2,1
0.0,3.29,3.29,85.988,0.0,0.0,4.082,7.2,1
0.0,3.1549993,12.415003,6.710002,0.32500008,2.5750008,2.0790007,7.2,1
0.0,1.68,3.83,42.009,0.23,2.13,5.511,7.2,1
0.0,0.0,0.01,-0.35300007,0.39500007,0.0,3.535,7.2,1
0.0,2.3350008,2.4849994,3.4429994,0.92499995,6.354998,3.0640006,7.2,1
0.0,9.02,2.57,6.191,0.0,0.0,2.934,7.2,1
0.0,0.80499995,2.7849994,8.689003,0.074999996,0.074999996,3.3089993,7.2,1
0.0,2.56,0.78,7.844,0.0,0.0,3.064,7.2,1
0.0,4.265002,4.335002,32.998005,0.074999996,0.074999996,3.0099993,7.2,1
0.0,0.55500007,1.6850005,0.43899992,0.074999996,0.0,5.6729984,7.2,1
0.0,7.64,2.27,7.427,0.0,0.0,3.286,7.2,1
0.0,1.2949995,0.5149999,2.6539993,0.074999996,0.074999996,5.9229984,7.2,1
0.0,1.9449997,2.3550007,2.5949993,0.074999996,0.0,3.1390007,7.2,1
0.0,4.2449985,32.905,13.861997,0.6550001,9.985003,3.1160007,7.2,1
0.0,1.8950006,3.2449994,18.260002,0.62499994,10.154997,6.0090017,7.2,1
0.0,3.6549993,8.305003,21.788998,0.074999996,0.0,5.9899983,7.2,1
0.0,3.1449993,13.075003,11.928997,0.40500006,5.6599994,3.7860007,7.2,1
0.0,1.9349996,0.6049999,6.0219984,0.88499993,5.015002,3.1079993,7.2,1
0.0,3.41,1.1,3.216,0.0,0.0,2.924,7.2,1
0.0,3.2049994,11.095003,8.720997,0.55500007,5.374998,2.6870008,7.2,1
0.0,3.37,3.37,46.934,0.17,1.77,3.085,7.2,1
0.0,0.88500005,1.3149995,1.3740005,0.074999996,0.0,2.8840008,7.2,1
0.0,2.2650006,2.7149994,1.0580003,0.074999996,0.0,2.6880007,7.2,1
0.0,9.91,2.05,6.234,0.54,3.37,3.041,7.2,1
0.0,0.35,0.74500006,1.6860005,0.074999996,0.037499998,4.5279984,7.2,1
0.0,0.7149999,1.3450005,7.4229984,0.43499994,2.7749994,5.9790015,7.2,1
0.0,1.6049994,1.9349996,1.2740005,0.35499993,1.3249995,2.9040008,7.2,1
0.0,1.7650006,7.1349983,5.4590015,0.0,0.0,3.2609994,7.2,1
0.0,3.41,0.91,5.339,0.0,0.0,5.932,7.2,1
0.0,1.87,1.87,75.005,1.26,13.74,5.833,7.2,1
0.0,1.3550005,4.664998,7.434002,0.074999996,0.074999996,5.6739984,7.2,1
0.0,2.19,0.8,12.811,0.0,0.0,5.85,7.2,1
0.0,11.05,3.24,10.699,0.0,0.0,3.302,7.2,1
0.0,2.4649994,7.274998,7.060002,1.0750005,7.0650015,2.8480008,7.2,1
0.0,0.8449999,3.2100003,9.207003,0.7350001,7.5950017,3.2649994,7.2,1
0.0,2.5649993,11.205003,13.512003,0.76500005,11.484997,5.381998,7.2,1
0.0,1.0450003,2.3550007,7.0929985,0.074999996,0.0,3.0369992,7.2,1
0.0,8.98,2.57,7.628,0.0,0.0,2.98,7.2,1
0.0,0.61499995,2.4750006,6.0479984,0.074999996,0.074999996,3.0049994,7.2,1
0.0,0.2850001,1.4250003,1.2030003,0.9549999,0.94499993,3.1420007,7.2,1
0.0,1.3149995,1.1350005,3.8160007,0.45500004,2.0000005,2.8739994,7.2,1
0.0,0.35499993,0.35499993,5.3369985,0.074999996,0.074999996,6.0640016,7.2,1
0.0,1.7250005,4.6349983,15.367003,0.5450001,9.644997,3.3609993,7.2,1
0.0,1.65,0.54,9.855,0.23,2.27,5.973,7.2,1
0.0,0.0,0.01,-0.18800008,0.044999998,0.0,2.5850008,7.2,1
0.0,2.0050006,2.1549993,2.6169994,1.1250005,12.645003,5.7469983,7.2,1
0.0,9.14,2.53,11.77,0.0,0.0,5.827,7.2,1
0.0,1.7749995,1.1450006,5.598998,1.2550005,6.7750015,3.1419992,7.2,1
0.0,3.2350006,3.5949993,3.3379993,0.5249999,8.495003,5.6799984,7.2,1
0.0,4.6,1.2,6.932,0.79,5.48,5.777,7.2,1
0.0,0.5749999,1.2649995,2.5610006,1.0450003,2.5749998,2.0719993,7.2,1
0.0,0.6050001,0.39499992,0.76299995,0.074999996,0.0,2.1440008,7.2,1
0.0,0.36499992,0.79499996,4.197998,0.5350001,2.6849992,6.0100017,7.2,1
0.0,1.2050005,2.5149994,12.437003,0.074999996,0.0,5.224002,7.2,1
0.0,1.68,1.69,28.727,0.93,5.1,3.264,7.2,1
0.0,4.77,1.31,7.166,0.37,2.65,5.512,7.2,1
0.0,1.9449997,2.1049993,1.016,0.9649999,10.065003,5.564998,7.2,1
0.0,2.6050007,2.8149993,1.2820005,0.074999996,0.0,2.8040006,7.2,1
0.0,2.8350008,3.0449994,1.5050005,0.38499993,2.8450007,3.1620007,7.2,1
0.0,2.05,2.49,67.145,0.0,0.0,5.647,7.2,1
0.0,2.23,3.18,28.698,0.35,2.14,2.738,7.2,1
0.0,2.8450007,1.4850005,16.037003,1.3,20.374996,5.593002,7.2,1
0.0,1.7349994,1.0750005,5.188998,0.35499993,1.3949995,2.9829993,7.2,1
0.0,2.0250006,1.3550005,12.439003,0.037499998,0.074999996,6.034002,7.2,1
0.0,2.84,1.11,16.971,0.0,0.0,5.976,7.2,1
0.0,1.0249995,2.8149993,1.1320006,0.074999996,0.0,3.2060006,7.2,1
0.0,0.2850001,0.26499993,1.0589994,0.0,0.0,3.2249994,7.2,1
0.0,0.92999995,0.92499995,2.5980008,0.06,0.0,3.0449994,7.2,1
0.0,3.09,3.09,32.517,0.0,0.0,3.269,7.2,1
0.0,1.3249995,0.8549999,4.083998,0.7649999,2.9449992,3.0459993,7.2,1
0.0,1.1250005,2.5150006,6.7599983,0.34500006,2.9449992,3.3139994,7.2,1
0.0,1.4799995,6.8000007,8.894999,0.074999996,0.0,5.6719985,7.2,1
0.0,2.63,0.87,8.248,0.84,6.93,3.136,7.2,1
0.0,0.9549999,9.794997,2.3750007,0.0,0.0,2.8589993,7.2,1
0.0,1.43,1.45,65.331,0.75,6.15,5.738,7.2,1
0.0,1.4349995,1.5850005,2.0899994,0.074999996,0.0,3.1320007,7.2,1
0.0,2.0449998,8.115003,5.8330016,0.0,0.0,2.8480008,7.2,1
0.0,1.5350006,3.3449993,17.491003,0.94499993,15.354997,5.447002,7.2,1
0.0,2.3250008,2.4849994,7.007002,0.074999996,0.074999996,5.907998,7.2,1
0.0,1.0649995,1.2250005,2.8149993,0.074999996,0.0,6.1069984,7.2,1
0.0,0.9149999,1.8850005,8.775003,0.074999996,0.074999996,5.191002,7.2,1
0.0,2.8950007,3.5050006,2.9349992,0.36499992,2.6450007,3.0790007,7.2,1
0.0,1.965,0.67499995,6.1359982,0.074999996,0.0,3.1199994,7.2,1
0.0,0.7049999,1.5850005,8.655003,0.92,8.104997,5.895002,7.2,1
0.0,1.57,1.57,21.65,0.76,5.87,4.92,7.2,1
0.0,2.25,5.05,64.632,1.2,8.53,3.159,7.2,1
0.0,1.8649995,1.3050005,8.274003,0.6049999,4.495002,4.3790016,7.2,1
0.0,11.29,3.15,7.708,0.0,0.0,2.695,7.2,1
0.0,3.72,2.09,22.784,0.0,0.0,6.125,7.2,1
0.0,3.1849992,15.425003,13.928997,0.074999996,0.0,4.379998,7.2,1
0.0,2.2750006,3.0049994,0.49399993,1.3,8.175003,2.6670008,7.2,1
0.0,3.29,3.3,133.621,0.0,0.0,5.852,7.2,1
0.0,2.93,2.98,33.377,0.44,3.03,2.354,7.2,1
0.0,2.96,2.97,49.853,0.12,1.56,4.378,7.2,1
0.0,0.20000005,1.4750005,0.7369999,0.56500006,0.34500006,2.5870006,7.2,1
0.0,0.26499993,3.1849992,2.2290006,0.5450001,1.5050005,4.1890016,7.2,1
0.0,2.2450006,2.55,5.8260016,0.074999996,0.074999996,5.563998,7.2,1
0.0,0.75,0.76,15.023,0.0,0.0,3.181,7.2,1
0.0,1.0950005,7.585002,14.757003,1.1949995,18.914997,3.7739992,7.2,1
0.0,2.1550007,1.2050005,12.944003,0.18500006,3.4549994,5.9130015,7.2,1
0.0,0.10500006,0.085,0.4279999,0.99499995,0.24500006,5.807998,7.2,1
0.0,0.6650001,0.81499994,-0.36200008,0.32499993,0.51500005,3.0940006,7.2,1
0.0,1.6650006,7.7649984,9.203003,1.1749995,11.674997,5.7599983,7.2,1
0.0,2.1450007,2.3049994,2.2219994,0.074999996,0.074999996,5.6749983,7.2,1
0.0,1.84,1.85,42.333,0.18,1.07,3.232,7.2,1
0.0,2.8349993,8.985003,9.086997,0.074999996,0.0,3.1900008,7.2,1
0.0,1.4149995,0.8349999,8.706003,0.615,5.605002,5.968002,7.2,1
0.0,1.7549995,0.9649999,3.0149994,0.074999996,0.037499998,3.3040006,7.2,1
0.0,0.895,2.8050008,4.8150015,0.94499993,4.044998,5.3109984,7.2,1
0.0,17.62,9.55,11.841,0.75,8.88,3.158,7.2,1
0.0,0.20499992,0.5749999,2.8610008,0.63500005,2.1549993,6.067002,7.2,1
0.0,0.49500006,7.544998,0.7850001,0.0,0.074999996,1.5840005,7.2,1
0.0,3.18,3.78,94.83,0.0,0.0,5.578,7.2,1
0.0,0.16500004,0.13499999,1.2009995,0.0,0.0,6.151002,7.2,1
0.0,0.04,0.12500007,0.45599994,1.0450003,0.32500005,5.412999,7.2,1
0.0,0.68,0.68,32.514,1.14,4.46,5.759,7.2,1
0.0,1.98,1.98,37.275,0.0,0.0,5.893,7.2,1
0.0,0.16500004,0.13499999,0.5760001,0.029999997,0.037499998,3.1749992,7.2,1
0.0,2.3050008,1.0950005,2.3349993,0.074999996,0.0,2.2080007,7.2,1
0.0,1.6749995,1.8350005,2.3439994,0.19499993,0.61500007,3.1980007,7.2,1
0.0,1.17,3.5750008,7.0950017,0.80499995,5.044998,5.9249983,7.2,1
0.0,0.17499995,0.35499993,1.5989995,0.09500004,0.35499993,6.2750015,7.2,1
0.0,1.34,1.68,19.452,0.88,2.31,1.96,7.2,1
0.0,1.49,1.49,63.473,0.76,6.56,5.79,7.2,1
0.0,1.1649995,1.3250005,-0.21600008,0.074999996,0.0,5.769998,7.2,1
0.0,2.5549994,6.584998,14.583997,0.61500007,10.084997,5.774998,7.2,1
0.0,0.5350001,2.0450006,3.3579993,1.2850006,3.8950007,5.3069983,7.2,1
0.0,3.0249994,8.994997,42.125004,0.0,0.0,6.027002,7.2,1
0.0,0.5949999,0.9549999,6.137998,0.074999996,0.074999996,4.2870016,7.2,1
0.0,4.65,1.12,6.532,0.47,3.07,5.885,7.2,1
0.0,5.74,1.22,7.311,0.0,0.0,6.042,7.2,1
0.0,2.4750006,2.6249993,1.1450006,0.26499993,1.5249995,3.2240007,7.2,1
0.0,0.5949999,2.2549994,10.2940035,1.1949995,13.244997,5.9000015,7.2,1
0.0,0.47500008,0.6449999,0.36999992,0.37499994,0.9150001,5.951998,7.2,1
0.0,1.5050005,2.2850006,7.859998,0.074999996,0.0,2.0020006,7.2,1
0.0,1.0149995,1.25,2.4119992,0.34499994,1.3549994,4.787998,7.2,1
0.0,0.5249999,0.7350001,2.3530006,0.93499994,2.0150006,3.0729992,7.2,1
0.0,0.7950001,0.38499993,2.8320007,0.94499993,2.4550006,3.4159994,7.2,1
0.0,2.4349992,4.984998,7.8399997,1.2050005,8.954997,3.2530007,7.2,1
0.0,0.53499997,1.2450005,4.794998,0.074999996,0.074999996,1.9010005,7.2,1
0.0,0.46500003,0.20499992,2.7590008,0.03,0.0,5.9790015,7.2,1
0.0,1.1849995,0.7649999,7.2119985,0.03,0.074999996,5.8580017,7.2,1
0.0,0.9050001,1.0750005,0.32299992,0.074999996,0.0,3.2230008,7.2,1
0.0,4.7049985,42.195004,15.343003,0.39500007,7.1749983,3.1510007,7.2,1
0.0,1.7049994,1.9150006,2.5769994,0.35499993,0.7749999,5.743998,7.2,1
0.0,3.1450007,3.3049994,0.47999993,0.074999996,0.0,5.9959984,7.2,1
0.0,2.6750007,16.834997,15.963003,0.0,0.0,5.756998,7.2,1
0.0,2.2850006,21.404997,13.898997,1.1949995,17.485003,5.782998,7.2,1
0.0,0.97499967,0.7749999,3.2910006,0.074999996,0.0,3.2809994,7.2,1
0.0,2.8250008,3.4450006,7.632002,0.19499993,1.8549994,5.4619985,7.2,1
0.0,0.48499992,1.4650005,5.104998,0.0,0.074999996,5.8310018,7.2,1
0.0,2.2950006,3.1350007,3.3869994,0.35499993,3.6250007,5.497998,7.2,1
0.0,0.33500007,0.49499992,-0.31500006,0.54499996,0.35500008,2.1420007,7.2,1
0.0,22.68,10.74,60.852,0.84,51.12,6.147,7.2,1
0.0,4.48,1.18,26.804,0.0,0.0,5.983,7.2,1
0.0,3.1350007,3.2849994,1.0009999,0.074999996,0.0,3.0590007,7.2,1
0.0,2.5649993,11.035003,14.106003,0.074999996,0.0,5.6199985,7.2,1
0.0,0.61499995,1.4849994,1.5440005,0.7249999,0.87500006,2.6450007,7.2,1
0.0,3.0,0.98,9.278,0.0,0.0,3.093,7.2,1
0.0,1.3649995,0.44499993,4.6869984,0.074999996,0.0,3.3819993,7.2,1
0.0,2.11,2.17,51.356,0.78,4.81,2.921,7.2,1
0.0,1.05,1.05,29.85,0.0,0.0,3.184,7.2,1
0.0,3.44,1.33,7.002,0.25,1.75,5.345,7.2,1
0.0,2.2850006,2.2950006,7.041002,0.88499993,11.384997,5.8439984,7.2,1
0.0,1.1650006,2.7149994,13.119003,0.074999996,0.0,2.7729993,7.2,1
0.0,0.6449999,2.0750008,6.8499985,0.7149999,4.5050015,3.2959993,7.2,1
0.0,1.8049995,0.75499994,5.938998,1.1350005,6.4450016,3.2739992,7.2,1
0.0,1.1750005,1.7950006,9.9450035,0.77000004,8.394997,5.935002,7.2,1
0.0,1.7649995,0.6549999,5.993998,0.42499992,2.1349998,3.3729994,7.2,1
0.0,1.3450005,4.3449984,3.4260006,1.1200004,3.6650004,2.6970005,7.2,1
0.0,0.43499994,1.2649999,4.1069984,0.074999996,0.074999996,3.3419993,7.2,1
0.0,2.47,12.06,49.714,1.04,51.7,5.947,7.2,1
0.0,1.4650005,5.4949985,16.387003,0.22500008,4.8649983,5.3850017,7.2,1
0.0,1.2450005,2.1749992,11.843003,0.074999996,0.0,5.750002,7.2,1
0.0,2.0250006,0.9049999,11.7870035,1.0049995,12.884997,5.724002,7.2,1
0.0,2.1450007,2.4449992,3.6759994,0.074999996,0.074999996,3.4950006,7.2,1
0.0,1.4450005,5.1549983,4.2850018,0.81499994,3.0450006,2.9980006,7.2,1
0.0,5.72,2.54,6.071,0.0,0.0,3.129,7.2,1
0.0,2.9050007,2.9050007,7.579002,0.8349999,12.8049965,5.545998,7.2,1
0.0,1.5449995,6.765002,9.618997,0.074999996,0.0,5.815998,7.2,1
0.0,2.37,2.44,114.12,0.21,2.79,5.6,7.2,1
0.0,0.74499995,1.1449995,3.9160006,0.074999996,0.0,3.3459992,7.2,1
0.0,3.22,0.91,5.349,0.99,5.3,5.878,7.2,1
0.0,1.4950005,2.3650007,8.871003,0.06500001,1.3250005,3.7409992,7.2,1
0.0,2.0850008,1.3350005,6.287998,0.074999996,0.0,3.0209994,7.2,1
0.0,9.69,5.3,11.872,0.96,11.4,3.013,7.2,1
0.0,1.55,0.49,9.119,0.0,0.0,5.883,7.2,1
0.0,2.1750007,0.9149999,7.2729983,0.6049999,3.9649994,3.3409994,7.2,1
0.0,0.1,0.055,0.272,0.029999997,0.044999998,3.0519998,7.2,1
0.0,1.83,1.87,99.49,0.15,1.56,5.669,7.2,1
0.0,1.3249995,1.4750005,3.9219992,0.44499993,2.9750006,5.815998,7.2,1
0.0,1.4449995,1.7450005,1.0059999,0.074999996,0.0,2.8200006,7.2,1
0.0,1.6749995,1.8250005,2.4749994,0.7649999,7.254998,5.997998,7.2,1
0.0,9.71,2.76,16.078,0.0,0.0,5.825,7.2,1
0.0,1.5649995,1.7150005,-0.25700006,0.074999996,0.0,3.0090008,7.2,1
0.0,0.07,0.01,0.17799994,0.6999999,0.0,5.0749984,7.2,1
0.0,1.2049994,0.50499994,2.7260008,0.074999996,0.0,2.2629993,7.2,1
0.0,0.095,0.105,0.78200006,0.034999996,0.085,6.475002,7.2,1
0.0,0.25,0.26,7.939,0.23,0.19,3.356,7.2,1
0.0,2.9050007,3.2549994,-0.18300006,0.074999996,0.0,2.7040007,7.2,1
0.0,2.1,3.49,57.057,0.0,0.0,3.173,7.2,1
0.0,3.15,1.12,10.233,1.25,12.79,3.249,7.2,1
0.0,3.0849993,7.6549983,7.8380017,0.23499992,1.1649995,2.5040007,7.2,1
0.0,1.5349995,1.6950005,0.82299995,1.3,9.155003,4.584998,7.2,1
0.0,1.005,3.0849993,9.472003,0.014999997,0.0,3.3449993,7.2,1
0.0,2.04,0.77,10.842,0.0,0.0,5.315,7.2,1
0.0,2.4049993,7.2149982,13.193997,0.074999996,0.0,5.5549984,7.2,1
0.0,2.6350007,2.9349992,-0.08800004,0.074999996,0.0,6.5099983,7.2,1
0.0,2.1249993,2.8349993,22.625004,1.1249995,7.164998,3.0169992,7.2,1
0.0,1.5049995,1.6550006,2.4839993,1.0950005,4.9449983,3.0380006,7.2,1
0.0,0.17499995,0.48499992,1.2319995,0.45499992,0.5749999,3.3419993,7.2,1
0.0,2.03,3.15,98.619,1.26,14.61,5.713,7.2,1
0.0,1.7350005,4.734998,15.645003,0.0,0.0,3.3429992,7.2,1
0.0,0.30499995,5.254998,0.56500006,0.074999996,0.074999996,2.8579993,7.2,1
0.0,0.31499994,0.825,2.0600007,0.86499995,0.525,2.7539992,7.2,1
0.0,0.36500007,0.5149999,-0.027999997,0.8549999,1.0049995,3.0680006,7.2,1
0.0,1.7650006,6.314998,5.3070016,0.22500008,1.4949995,3.0210006,7.2,1
0.0,13.04,3.52,11.609,0.0,0.0,3.298,7.2,1
0.0,2.1850007,2.6749992,1.0330002,1.1550006,7.644998,3.0860007,7.2,1
0.0,1.12,1.12,36.63,0.56,3.71,5.922,7.2,1
0.0,3.92,0.85,1.876,0.19,0.36,2.207,7.2,1
0.0,1.3649995,1.5250006,2.1359994,0.074999996,0.044999998,5.3249984,7.2,1
0.0,3.2949994,15.365003,18.622997,1.0049995,20.104998,5.6849985,7.2,1
0.0,1.5350006,5.5749984,4.816002,0.40500006,2.2050006,3.1720006,7.2,1
0.0,4.25,1.32,4.263,0.0,0.0,3.23,7.2,1
0.0,1.5400002,7.104998,8.928998,0.30999994,2.1450007,5.807998,7.2,1
0.0,2.0650008,2.2249994,0.7939999,0.074999996,0.0,5.960998,7.2,1
0.0,1.96,2.94,35.232,0.36,1.94,2.749,7.2,1
0.0,0.69499993,2.9750006,5.999998,0.40500006,2.9949994,2.8359993,7.2,1
0.0,0.5149999,1.1550006,6.1409984,1.2550005,7.4050016,5.8310018,7.2,1
0.0,3.0950007,1.9350005,8.030003,0.074999996,0.0,2.6319993,7.2,1
0.0,4.33,2.06,9.544,1.29,12.31,6.003,7.2,1
0.0,2.0949993,4.9549985,7.100002,0.074999996,0.074999996,3.4030006,7.2,1
0.0,4.83,2.14,28.976,0.35,10.14,5.999,7.2,1
0.0,0.0,0.01,-0.06700002,0.0,0.0,5.692002,7.2,1
0.0,0.57000005,2.3,3.1940002,0.22499993,0.40500006,5.302999,7.2,1
0.0,4.064998,2.025,5.317002,0.074999996,0.0,2.6130006,7.2,1
0.0,2.38,1.17,14.142,0.0,0.0,5.942,7.2,1
0.0,4.42,1.88,6.058,0.12,0.73,3.222,7.2,1
0.0,0.86499995,2.3149993,13.135003,0.86499995,10.514997,5.9720016,7.2,1
0.0,27.39,7.17,43.987,0.53,23.31,6.143,7.2,1
0.0,1.2750006,3.8350008,6.685002,1.1950005,7.475002,5.432998,7.2,1
0.0,1.2149994,0.39499992,4.1659985,0.15000004,0.8349999,3.3629994,7.2,1
0.0,0.22499993,0.45499992,1.0489994,0.0,0.074999996,3.1129994,7.2,1
0.0,0.81499994,2.1149993,9.5700035,1.1449995,11.844997,4.803002,7.2,1
0.0,2.7849994,8.965003,15.816997,0.074999996,0.0,5.7339983,7.2,1
0.0,0.085,0.08,0.146,1.005,0.085,1.5750005,7.2,1
0.0,8.6,2.06,6.73,0.0,0.0,3.267,7.2,1
0.0,1.9950005,7.0149984,11.514003,0.47499993,4.564998,5.960998,7.2,1
0.0,4.51,1.08,3.426,0.11,0.38,3.172,7.2,1
0.0,2.7949994,6.1849985,11.195997,0.50499994,4.855002,4.0139985,7.2,1
0.0,0.25500008,0.21499993,0.49299994,0.0,0.0,3.1400006,7.2,1
0.0,1.2449995,0.74499995,6.7939982,0.0,0.06,5.2790017,7.2,1
0.0,3.1549993,11.285003,18.369997,0.6050001,12.514997,5.8649983,7.2,1
0.0,0.7249999,1.3750005,10.590003,0.074999996,0.074999996,3.2209992,7.2,1
0.0,1.28,1.28,41.278,0.0,0.0,6.002,7.2,1
0.0,14.82,4.14,16.787,0.0,0.0,4.729,7.2,1
0.0,5.22,1.37,4.431,0.0,0.0,3.234,7.2,1
0.0,0.43499994,1.7850006,6.6279984,0.0,0.074999996,5.5690017,7.2,1
0.0,0.76500005,0.32499993,2.6980007,0.03,0.0,3.3759995,7.2,1
0.0,2.49,2.49,86.604,1.08,14.02,5.212,7.2,1
0.0,1.2149994,0.33499992,1.6620005,0.074999996,0.074999996,6.0289984,7.2,1
0.0,1.8550005,4.164998,10.415003,0.38499993,3.1750007,5.8099985,7.2,1
0.0,2.2849994,4.504998,7.506002,0.7149999,4.835002,3.2870007,7.2,1
0.0,1.0649995,0.62499994,1.8380005,0.8449999,1.2849995,3.1300006,7.2,1
0.0,2.22,2.22,105.47,0.38,5.07,6.015,7.2,1
0.0,1.2099998,5.0349984,7.553002,0.074999996,0.074999996,5.9559984,7.2,1
0.0,0.63500005,0.79499996,0.86499995,0.074999996,0.0,3.2380006,7.2,1
0.0,0.27499995,0.7749999,2.6490006,0.0,0.074999996,5.8710017,7.2,1
0.0,0.8450001,0.99499995,1.4490005,0.32499993,0.6550001,3.1150007,7.2,1
0.0,0.505,0.54499996,4.545998,1.0950005,1.6549995,3.7619994,7.2,1
0.0,1.4450005,4.234998,9.643003,0.0,0.0,3.1209993,7.2,1
0.0,0.44999996,0.40000004,2.5269992,0.74499995,1.6850003,5.9130015,7.2,1
0.0,1.2550005,2.9049993,14.462003,0.49499992,6.095,5.561002,7.2,1
0.0,2.0950007,0.8249999,6.2779984,0.8449999,4.9650016,3.0029993,7.2,1
0.0,9.24,2.2,12.84,0.35,4.49,5.863,7.2,1
0.0,1.0950001,0.44499993,6.361998,0.21499993,0.9749999,6.0350018,7.2,1
0.0,0.14499998,0.18500006,0.8179999,0.20500004,0.23499995,5.6399984,7.2,1
0.0,0.88500005,0.35499993,3.0190008,0.0,0.029999997,3.2979994,7.2,1
0.0,2.2,3.63,52.219,0.66,4.57,3.145,7.2,1
0.0,0.8950001,1.0550004,-0.18900007,0.19499993,0.31500006,3.2380006,7.2,1
0.0,0.61,0.36499992,3.6460006,0.015,0.0,5.889002,7.2,1
0.0,2.8349993,14.684997,8.764997,0.0,0.0,3.2239993,7.2,1
0.0,7.7,1.77,10.159,0.0,0.0,5.772,7.2,1
0.0,1.46,1.47,55.552,0.0,0.0,5.553,7.2,1
0.0,3.9449992,8.9450035,11.855997,0.074999996,0.0,2.9690006,7.2,1
0.0,0.8349999,2.5950007,2.382,1.3,3.0050006,3.0840003,7.2,1
0.0,1.4100002,6.449999,7.518999,0.074999996,0.0,5.394998,7.2,1
0.0,2.5449994,3.1249993,22.123003,0.0,0.074999996,2.7869992,7.2,1
0.0,0.7249999,2.1949992,10.122003,1.1049994,12.104997,5.7090015,7.2,1
0.0,2.1250007,2.425,2.2749994,0.7249999,4.4049983,3.0580006,7.2,1
0.0,0.9749999,1.9049995,2.8230004,0.074999996,0.074999996,3.1730003,7.2,1
0.0,3.0950007,3.4349992,3.6629994,0.074999996,0.074999996,3.1820006,7.2,1
0.0,1.0650004,2.5950007,6.585998,0.074999996,0.0,3.0489993,7.2,1
0.0,3.21,3.22,66.043,0.68,11.98,5.488,7.2,1
0.0,1.9549999,0.9049999,6.820998,0.074999996,0.0,3.4719994,7.2,1
0.0,1.9850005,6.4949985,11.355003,0.37499994,3.3550007,5.9089985,7.2,1
0.0,3.83,3.83,203.192,0.0,0.0,6.062,7.2,1
0.0,0.06500001,1.9550005,0.46599993,1.1049994,0.9050001,5.867998,7.2,1
0.0,1.66,4.68,44.751,0.96,4.99,3.129,7.2,1
0.0,2.81,3.08,40.737,0.0,0.0,3.069,7.2,1
0.0,1.04,1.05,21.208,1.16,7.05,5.846,7.2,1
0.0,3.98,1.24,23.933,0.0,0.0,6.013,7.2,1
0.0,0.74499995,2.1849992,12.264003,0.074999996,0.074999996,5.923002,7.2,1
0.0,6.85,2.2,5.842,0.0,0.0,2.906,7.2,1
0.0,6.89,1.55,8.579,1.22,10.47,5.535,7.2,1
0.0,2.2549994,6.5749984,6.4000015,0.99499995,5.895002,2.8260007,7.2,1
0.0,0.9049999,2.8649993,8.680003,0.074999996,0.0,3.2129993,7.2,1
0.0,3.1950006,1.6350005,8.775003,0.43499994,3.2649994,5.7850018,7.2,1
0.0,1.0049995,5.3449984,4.2149982,0.26500008,1.3849995,4.047001,7.2,1
0.0,1.78,1.78,90.087,0.71,7.58,5.999,7.2,1
0.0,0.8249999,1.7649995,5.221998,0.98499995,4.895002,2.9539993,7.2,1
0.0,1.2799997,6.3150015,7.337,0.0,0.0,5.5819993,7.2,1
0.0,9.544997,35.595,54.605995,0.5849999,27.735003,5.682998,7.2,1
0.0,3.8850007,3.8850007,7.784002,0.86499995,13.645003,4.3119984,7.2,1
0.0,1.0350002,2.4550006,6.7589984,0.074999996,0.0,3.2989993,7.2,1
0.0,2.2,2.66,63.931,0.0,0.0,3.169,7.2,1
0.0,39.65,8.53,48.107,0.86,41.37,5.775,7.2,1
0.0,3.6649992,11.315003,11.502997,0.42499992,3.9250007,3.1080008,7.2,1
0.0,3.0550008,3.6750007,5.863002,0.31499994,4.1949983,5.6149983,7.2,1
0.0,4.97,2.36,7.214,0.0,0.0,3.07,7.2,1
0.0,1.3149995,0.98499995,1.1950005,0.074999996,0.0,3.0360007,7.2,1
0.0,2.12,3.22,53.375,0.0,0.0,2.957,7.2,1
0.0,0.55499995,1.4649994,1.7699995,0.0,0.074999996,1.8710005,7.2,1
0.0,8.68,1.92,2.909,0.73,2.12,1.515,7.2,1
0.0,1.7149997,6.004998,10.458997,0.074999996,0.059999995,5.8249984,7.2,1
0.0,3.7749994,9.245003,21.243998,1.2149994,27.384996,5.6459985,7.2,1
0.0,2.4250007,3.2849994,1.4460006,0.074999996,0.074999996,5.734998,7.2,1
0.0,0.36,0.36,9.458,1.29,1.46,3.153,7.2,1
0.0,2.55,2.56,33.22,0.0,0.0,2.485,7.2,1
0.0,6.5050015,19.345003,39.063004,0.074999996,0.0,6.011998,7.2,1
0.0,1.3849995,0.7849999,4.4439983,1.2050005,5.185002,3.1699994,7.2,1
0.0,0.115,0.15,0.72200006,1.2950006,1.015,5.5390015,7.2,1
0.0,0.41499993,1.2549995,2.5550008,0.50499994,1.0549995,2.0669994,7.2,1
0.0,1.3649995,1.6349995,1.9100006,1.0950005,4.5749984,3.0930007,7.2,1
0.0,8.57,4.07,13.236,0.0,0.0,3.26,7.2,1
0.0,2.8349993,12.295003,11.871002,0.074999996,0.0,4.247998,7.2,1
0.0,1.46,2.03,35.801,1.05,3.77,2.457,7.2,1
0.0,0.08500002,0.6449999,0.98599994,1.2050003,0.9849996,5.663999,7.2,1
0.0,2.16,3.75,60.624,0.0,0.0,5.662,7.2,1
0.0,1.6849995,0.9549999,5.368998,0.7249999,3.6149993,3.1679993,7.2,1
0.0,2.9450006,3.0949993,4.2750015,0.40499994,3.2099996,3.0840006,7.2,1
0.0,2.0750008,1.1350005,6.2049985,1.3,8.234997,2.9959993,7.2,1
0.0,2.54,0.99,14.715,0.0,0.0,5.793,7.2,1
0.0,0.49499992,1.5249995,4.5269985,0.074999996,0.074999996,2.9879994,7.2,1
0.0,1.49,1.5,30.938,0.0,0.0,3.193,7.2,1
0.0,0.43499994,1.4750005,8.377003,0.074999996,0.074999996,6.1560016,7.2,1
0.0,2.4150007,2.9550006,1.7890005,0.7249999,1.0349995,2.9320006,7.2,1
0.0,4.6149983,5.124998,5.730002,0.9649999,24.555002,5.8249984,7.2,1
0.0,1.45,5.32,32.405,0.0,0.0,6.091,7.2,1
0.0,1.1750005,4.4349985,6.0829983,0.074999996,0.0,5.5229983,7.2,1
0.0,1.9149995,1.1950005,1.5610005,0.9749999,1.2649995,2.7290006,7.2,1
0.0,4.09,1.37,7.999,0.83,6.64,5.882,7.2,1
0.0,1.8550005,5.1349983,15.676003,0.30500007,5.914998,3.2319994,7.2,1
0.0,3.1249993,15.565003,17.797997,0.0,0.0,5.735998,7.2,1
0.0,2.6649992,6.854998,14.968997,0.074999996,0.0,5.675998,7.2,1
0.0,0.98,0.99,21.295,0.0,0.0,3.033,7.2,1
0.0,1.1050005,2.8800004,9.1950035,0.0,0.0,3.2719994,7.2,1
0.0,3.3149993,16.225002,18.711996,0.0,0.0,5.676998,7.2,1
0.0,4.43,2.3,26.561,0.44,11.69,5.996,7.2,1
0.0,4.56,1.46,15.203,0.27,4.1,3.334,7.2,1
0.0,12.95,4.27,17.327,0.0,0.0,4.268,7.2,1
0.0,0.88499993,3.2850006,2.5500007,0.074999996,0.074999996,3.3159993,7.2,1
0.0,1.1349995,8.854997,3.5270007,0.0,0.0,3.0519993,7.2,1
0.0,0.35499993,1.1950005,1.6199995,0.0,0.074999996,3.1019993,7.2,1
0.0,2.57,0.96,7.343,0.0,0.0,2.857,7.2,1
0.0,2.5850008,2.7449994,3.2069993,1.2050005,15.545003,5.1219983,7.2,1
0.0,1.3449994,1.4950005,-0.20800006,0.40499994,1.4649994,3.2170007,7.2,1
0.0,0.29500008,0.44499993,0.042,0.03,0.0,5.7329984,7.2,1
0.0,1.0750005,3.5549994,20.740004,0.074999996,0.074999996,6.0560017,7.2,1
0.0,2.36,2.37,0.916,1.24,17.22,5.886,7.2,1
0.0,0.88499993,3.1949992,17.108004,0.074999996,0.074999996,5.5820017,7.2,1
0.0,1.0850005,2.6749992,13.170003,0.8450001,12.264997,5.711002,7.2,1
0.0,1.1749995,1.3250005,1.6560005,0.074999996,0.074999996,5.0469985,7.2,1
0.0,1.7049994,0.8449999,2.4669993,0.40499994,0.7150001,3.0310006,7.2,1
0.0,0.04,0.01,0.15499997,0.074999996,0.0,5.5150003,7.2,1
0.0,1.6,1.61,27.476,0.0,0.0,5.908,7.2,1
0.0,0.31499994,0.98499995,2.5970006,0.074999996,0.074999996,3.0439994,7.2,1
0.0,1.9650005,9.324997,6.3659983,0.0,0.0,3.4829993,7.2,1
0.0,0.37,0.37,16.405,0.4,0.72,4.841,7.2,1
0.0,0.37499994,1.3550005,5.4109983,0.054999992,0.7849999,5.850002,7.2,1
0.0,2.1850007,1.6850005,12.852003,0.24499993,2.2749994,5.7950015,7.2,1
0.0,1.8749995,2.0200002,3.5679994,1.0250001,7.9049983,4.2309985,7.2,1
0.0,3.88,3.88,151.996,0.28,6.56,6.038,7.2,1
0.0,1.7849998,6.414998,10.404997,0.074999996,0.029999997,5.663998,7.2,1
0.0,4.05,4.51,73.263,0.6,7.62,3.136,7.2,1
0.0,0.6549999,3.3350008,6.327998,0.0,0.074999996,3.0119994,7.2,1
0.0,0.77,0.77,22.562,0.83,1.96,3.068,7.2,1
0.0,8.66,2.44,6.553,0.95,6.23,2.697,7.2,1
0.0,0.6550001,0.81499994,0.69499993,0.074999996,0.0,2.1510007,7.2,1
0.0,0.8449999,1.7550005,9.725003,0.074999996,0.074999996,5.9790015,7.2,1
0.0,1.5350006,6.2449985,5.0630016,0.7849999,3.4650006,3.4909992,7.2,1
0.0,1.6650006,4.774998,15.273003,0.034999996,1.6149995,3.2589993,7.2,1
0.0,2.03,0.86,10.664,0.0,0.0,5.253,7.2,1
0.0,2.77,2.92,51.711,0.67,10.75,5.791,7.2,1
0.0,3.1949992,8.935003,16.102997,0.074999996,0.0,5.0619984,7.2,1
0.0,0.81499994,2.6450007,4.6589985,0.37999997,0.38500008,1.8640006,7.2,1
0.0,0.41499993,1.5549995,1.2729995,0.43000004,0.35499993,1.8370005,7.2,1
0.0,1.005,7.004998,5.2339983,0.9250001,5.234998,5.784002,7.2,1
0.0,0.48499992,1.6250005,9.404003,0.074999996,0.074999996,6.230002,7.2,1
0.0,1.48,1.49,65.719,0.0,0.0,5.855,7.2,1
0.0,1.1699998,0.40499994,6.860998,0.074999996,0.074999996,5.855002,7.2,1
0.0,0.13499999,0.08,0.332,0.074999996,0.074999996,3.0779994,7.2,1
0.0,1.95,1.95,107.929,0.0,0.0,5.978,7.2,1
0.0,5.17,1.35,4.571,0.57,2.61,3.386,7.2,1
0.0,0.28000003,1.2850006,1.834,0.074999996,0.015,5.885999,7.2,1
0.0,0.7649999,2.6549993,8.269003,0.074999996,0.074999996,3.3219993,7.2,1
0.0,8.83,1.85,6.145,0.0,0.0,3.34,7.2,1
0.0,2.14,0.75,12.814,0.0,0.0,5.988,7.2,1
0.0,1.3649995,0.8949999,4.642998,0.27499995,0.86500007,3.3509994,7.2,1
0.0,0.90999997,0.31499994,5.150998,0.0,0.074999996,6.2230015,7.2,1
0.0,0.44500002,0.21499993,2.5820007,0.0,0.03,5.8510017,7.2,1
0.0,1.99,0.78,11.795,0.0,0.0,5.927,7.2,1
0.0,3.76,1.73,9.338,0.0,0.0,5.429,7.2,1
0.0,2.6750007,2.8749993,3.7619994,0.074999996,0.074999996,4.3779984,7.2,1
0.0,3.58,1.26,7.506,0.78,5.85,6.005,7.2,1
0.0,0.74500006,0.39499992,3.8830006,0.54499996,1.9350005,4.902002,7.2,1
0.0,1.2049994,0.79499996,7.5829983,0.79499996,5.585002,6.0580015,7.2,1
0.0,2.62,0.62,3.368,0.0,0.0,5.432,7.2,1
0.0,1.5149995,0.74499995,9.317003,0.70500004,6.835002,5.982002,7.2,1
0.0,1.0149995,1.1150001,2.7129993,1.3,7.6349983,5.584998,7.2,1
0.0,1.7249994,1.7249994,5.304002,0.9149999,9.294997,6.0209985,7.2,1
0.0,0.33499992,1.0550004,5.828998,0.0075,0.074999996,6.099002,7.2,1
0.0,1.0950005,3.4349992,19.296003,0.074999996,0.074999996,5.8920016,7.2,1
0.0,1.6650006,3.5550008,5.271002,0.88499993,4.1349983,3.1930006,7.2,1
0.0,0.505,0.24499993,2.9960008,1.3,4.0049996,5.981002,7.2,1
0.0,3.9550002,5.6149983,0.63899994,0.31499994,3.0050006,3.1110008,7.2,1
0.0,6.21,1.4,6.165,1.3,8.01,4.435,7.2,1
0.0,0.22499993,0.62499994,3.1640007,1.0349995,3.6749992,5.9640017,7.2,1
0.0,3.3249993,15.555003,19.197996,0.9150001,19.004997,5.808998,7.2,1
0.0,4.81,1.43,4.634,0.72,3.34,3.263,7.2,1
0.0,9.12,2.61,6.056,0.36,2.18,2.94,7.2,1
0.0,0.14,0.115,0.35500008,0.074999996,0.037499998,3.1459994,7.2,1
0.0,1.4949995,1.6450006,4.5370016,0.074999996,0.074999996,5.9959984,7.2,1
0.0,2.1150007,2.2649994,0.6539999,1.2850006,7.9950023,2.9720006,7.2,1
0.0,4.93,1.98,15.659,0.93,14.56,3.176,7.2,1
0.0,2.4,0.64,9.045,0.87,7.87,3.769,7.2,1
0.0,2.1750007,2.8649993,-0.058000006,0.074999996,0.0,3.0600007,7.2,1
0.0,3.4850006,3.5749993,4.3780017,0.074999996,0.074999996,5.8199983,7.2,1
0.0,2.415,2.4849994,22.498003,0.074999996,0.074999996,3.4039993,7.2,1
0.0,0.7249999,1.4950005,7.9359984,0.41499993,2.7799995,5.717002,7.2,1
0.0,6.0549984,6.2150016,10.9229965,0.074999996,0.074999996,5.9169984,7.2,1
0.0,0.69499993,2.6650007,5.892998,0.8550001,5.625002,2.9999993,7.2,1
0.0,1.2250005,2.1650007,6.7849984,0.0,0.0,3.1369994,7.2,1
0.0,0.30499995,0.94499993,2.4560006,0.074999996,0.074999996,2.9839993,7.2,1
0.0,0.63499993,3.0250006,6.3369985,1.1149995,7.705002,2.9629993,7.2,1
0.0,1.9549999,1.1250005,6.295998,1.1750005,7.085002,3.2129993,7.2,1
0.0,4.89,1.36,4.429,0.42,1.86,3.257,7.2,1
0.0,0.81499994,1.5949994,2.2360005,0.074999996,0.074999996,3.0280006,7.2,1
0.0,0.56499994,1.2450005,6.682998,0.074999996,0.074999996,5.901002,7.2,1
0.0,2.61,0.73,10.778,1.14,12.29,4.13,7.2,1
0.0,0.8249999,1.6649995,5.4969983,0.074999996,0.0,3.2769992,7.2,1
0.0,1.2850006,2.1350007,6.7209983,0.26500008,2.3399997,3.1639993,7.2,1
0.0,1.0249995,0.7049999,6.248998,0.074999996,0.074999996,5.824002,7.2,1
0.0,1.3449994,0.49499992,3.9629996,0.93499994,3.5449994,2.9189994,7.2,1
0.0,2.4049993,7.754998,6.6020017,1.1150005,6.8650017,2.7260008,7.2,1
0.0,3.31,1.27,20.041,0.62,12.43,6.055,7.2,1
0.0,2.9,3.02,100.642,0.76,12.98,5.89,7.2,1
0.0,1.7149994,0.8549999,9.716003,0.15500008,2.3249993,5.5450015,7.2,1
0.0,2.7850006,2.9449992,0.38299993,0.074999996,0.0,3.1020007,7.2,1
0.0,1.8549994,2.0050004,0.55899996,0.6049999,5.894998,5.7649984,7.2,1
0.0,0.62499994,2.0250006,4.432998,0.0,0.074999996,3.2269993,7.2,1
0.0,2.4550006,12.944997,7.6350017,0.0,0.0,3.0629992,7.2,1
0.0,0.50499994,1.1750005,6.4169984,1.0250001,6.245002,5.9770017,7.2,1
0.0,1.96,1.96,63.945,0.0,0.0,3.301,7.2,1
0.0,9.68,3.11,5.944,0.0,0.0,2.914,7.2,1
0.0,1.9750001,2.8050008,1.0440003,1.1650006,6.9449983,3.0660007,7.2,1
0.0,1.0949994,1.2450005,0.058,0.074999996,0.0,3.0580006,7.2,1
0.0,2.11,2.68,42.143,1.19,7.36,2.932,7.2,1
0.0,3.0250006,1.9650005,7.783002,0.074999996,0.074999996,5.899998,7.2,1
0.0,2.01,2.0949993,14.778003,0.074999996,0.044999998,3.2709994,7.2,1
0.0,4.04,1.66,9.566,0.0,0.0,5.763,7.2,1
0.0,2.4350007,1.0950005,7.6799984,0.074999996,0.0,3.1649992,7.2,1
0.0,5.05,2.57,8.912,0.6,5.35,3.745,7.2,1
0.0,0.15500002,1.19,0.8130001,0.067499995,0.0,5.210002,7.2,1
0.0,1.7750006,6.544998,6.0869994,0.0,0.0,3.6729994,7.2,1
0.0,4.9049983,5.435002,6.606002,0.074999996,0.044999998,3.5130007,7.2,1
0.0,1.23,1.23,49.659,0.11,0.73,5.367,7.2,1
0.0,1.8349994,2.0849993,-0.39000008,1.1950005,6.2149982,2.8660007,7.2,1
0.0,1.2749995,18.164997,7.4909983,1.1949995,9.535003,5.679002,7.2,1
0.0,1.63,1.64,26.097,0.83,4.48,3.313,7.2,1
0.0,1.7449995,1.0550004,10.497003,1.2750006,12.764997,5.8840017,7.2,1
0.0,2.7650006,2.9249992,6.842002,0.115000054,3.3149993,5.9349985,7.2,1
0.0,2.1550007,10.725003,7.1210017,0.62500006,5.0050015,3.2349994,7.2,1
0.0,4.4,4.41,104.505,0.26,3.82,3.337,7.2,1
0.0,2.4549994,8.885003,14.408997,0.7249999,9.394997,5.947998,7.2,1
0.0,0.865,0.41499993,5.0099983,0.7649999,3.5849993,6.0570016,7.2,1
0.0,1.52,3.72,28.985,0.0,0.0,3.52,7.2,1
0.0,1.6849995,1.015,5.702998,0.20500007,1.5449995,3.3579993,7.2,1
0.0,2.19,0.76,7.702,0.0,0.0,3.517,7.2,1
0.0,0.33499992,1.7250005,6.0679984,0.074999996,0.074999996,3.4099994,7.2,1
0.0,3.4749994,6.9349985,19.533003,0.074999996,0.0,5.6919985,7.2,1
0.0,1.4,1.4,77.613,0.0,0.0,6.027,7.2,1
0.0,1.5800002,7.3449984,9.397999,0.74999994,6.3849983,5.9689984,7.2,1
0.0,0.03,0.10500006,0.22899993,0.075000025,0.037499998,5.087999,7.2,1
0.0,4.7,1.1,6.46,0.0,0.0,5.873,7.2,1
0.0,2.19,0.76,12.757,0.0,0.0,5.825,7.2,1
0.0,1.0849994,0.7249999,3.5140007,0.074999996,0.0,3.1689994,7.2,1
0.0,0.76500005,0.9149999,0.44399992,0.5149999,2.1350007,5.907998,7.2,1
0.0,0.49499992,2.7150006,8.882003,0.06500001,1.3250005,5.8540015,7.2,1
0.0,1.69,1.69,36.662,0.0,0.0,3.067,7.2,1
0.0,0.6750001,0.27499995,1.3340005,1.2650006,1.4249995,6.2199984,7.2,1
0.0,2.4550006,2.6049993,4.4840016,0.074999996,0.074999996,3.6730006,7.2,1
0.0,3.7649994,15.475003,11.348997,0.074999996,0.0,2.9800007,7.2,1
0.0,2.0649996,7.7449985,12.003998,0.29499993,2.63,5.9349985,7.2,1
0.0,6.88,3.31,5.33,1.13,6.02,2.307,7.2,1
0.0,2.1550007,3.0450006,0.8719999,1.1650006,6.6949983,2.7080007,7.2,1
0.0,2.81,2.81,28.709,0.75,6.7,3.181,7.2,1
0.0,1.1950005,3.2699995,10.650003,0.0,0.0,3.4269993,7.2,1
0.0,5.89,1.93,11.183,0.0,0.0,5.794,7.2,1
0.0,3.89,1.1,12.666,0.0,0.0,3.256,7.2,1
0.0,1.8849995,3.0550008,0.5949999,0.86499995,4.484998,2.8710008,7.2,1
0.0,1.1349995,0.61499995,4.038998,0.074999996,0.0,3.4749994,7.2,1
0.0,0.31499994,0.93499994,4.9299984,0.74500006,4.025,5.895002,7.2,1
0.0,1.3650005,5.314998,7.8940015,0.94499993,6.875002,5.985998,7.2,1
0.0,0.14499998,0.31499994,1.2439995,0.0,0.074999996,5.810002,7.2,1
0.0,2.9350007,1.0650004,1.6120005,1.2750006,1.7649995,1.4929994,7.2,1
0.0,2.1250007,0.8549999,6.643998,0.81499994,5.0450015,3.1289992,7.2,1
0.0,6.4,3.51,18.412,0.74,13.62,5.808,7.2,1
0.0,2.57,2.8,118.627,0.0,0.0,5.744,7.2,1
0.0,18.43,4.59,14.865,0.7,10.41,3.239,7.2,1
0.0,5.13,1.7,4.783,0.0,0.0,2.916,7.2,1
0.0,1.9549999,2.1049993,0.053,0.074999996,0.0,5.9509983,7.2,1
0.0,1.6349995,1.7850006,0.37399992,1.3,6.6949983,3.0430007,7.2,1
0.0,1.9850004,1.0850005,11.125003,0.0,0.015,5.5120015,7.2,1
0.0,0.95499986,1.1150005,-0.37700006,0.074999996,0.0,3.0580006,7.2,1
0.0,0.5249999,1.7750006,10.155003,0.074999996,0.074999996,6.1280017,7.2,1
0.0,1.9850005,4.3249984,10.893997,0.074999996,0.074999996,5.5889983,7.2,1
0.0,2.34,3.85,42.925,0.0,0.0,5.792,7.2,1
0.0,3.99,1.33,4.5,1.01,4.54,3.383,7.2,1
0.0,2.43,3.18,55.622,0.0,0.0,3.601,7.2,1
0.0,2.52,3.21,39.168,0.33,4.78,5.752,7.2,1
0.0,3.8,0.85,2.595,0.0,0.0,3.089,7.2,1
0.0,2.16,2.17,38.85,0.0,0.0,5.972,7.2,1
0.0,2.25,0.88,11.756,0.0,0.0,5.225,7.2,1
0.0,1.43,1.44,32.492,1.28,6.03,3.294,7.2,1
0.0,1.8750005,6.9049983,10.744998,1.2550005,12.704997,5.868998,7.2,1
0.0,6.73,2.08,8.676,0.69,5.99,6.025,7.2,1
0.0,2.4749994,11.9450035,14.255003,0.57500005,9.384997,5.8959985,7.2,1
0.0,0.3,0.3,8.744,0.0,0.0,5.733,7.2,1
0.0,2.4050007,1.6150005,2.7469993,0.074999996,0.0,2.9960008,7.2,1
0.0,5.7649984,3.5049994,10.503,0.19499993,1.1849995,3.6360006,7.2,1
0.0,2.8549993,11.235003,8.598997,1.0149995,9.364997,2.9910007,7.2,1
0.0,4.9649982,4.9749985,4.7800016,1.1150005,16.795004,3.1440008,7.2,1
0.0,1.3850005,6.6349983,3.5720007,0.08500002,0.6549999,2.8589993,7.2,1
0.0,2.025,3.6450007,12.045003,1.2149994,15.704997,3.3329992,7.2,1
0.0,0.46,0.46,13.557,0.52,0.8,3.333,7.2,1
0.0,6.07,1.35,8.071,0.78,6.3,5.979,7.2,1
0.0,0.6649999,0.67499995,7.8699985,1.2750006,2.2350006,3.3379993,7.2,1
0.0,3.6950006,1.9050006,5.9800005,0.26499993,1.0549995,3.1940007,7.2,1
0.0,4.1,0.99,3.278,0.47,1.54,3.345,7.2,1
0.0,0.80499995,2.9750006,4.747998,0.40500006,2.3949993,3.1469994,7.2,1
0.0,0.66,0.67,12.659,0.0,0.0,5.565,7.2,1
0.0,1.7749995,0.62499994,1.8800005,0.8949999,1.4049995,3.2070007,7.2,1
0.0,1.7850006,2.7049994,14.462003,0.074999996,0.0,5.6020017,7.2,1
0.0,0.0,0.01,-0.13400008,0.70500004,0.06500001,3.5050006,7.2,1
0.0,5.61,1.96,11.781,0.0,0.0,6.042,7.2,1
0.0,3.57,0.99,3.114,0.0,0.0,3.21,7.2,1
0.0,10.77,5.29,63.67,0.18,11.46,5.912,7.2,1
0.0,8.185003,8.685003,15.664997,0.8449999,37.655003,5.8569984,7.2,1
0.0,0.92,0.92,16.92,0.0,0.0,5.911,7.2,1
0.0,1.06,1.06,26.722,0.61,2.05,3.176,7.2,1
0.0,0.08500002,0.08500002,0.27199993,0.0,0.0,3.2310007,7.2,1
0.0,0.8449999,3.6350007,2.5030007,0.6449999,1.4850001,3.4229994,7.2,1
0.0,6.44,2.49,8.175,0.0,0.0,3.378,7.2,1
0.0,1.3450005,1.8799998,7.7649984,0.0,0.074999996,4.1800017,7.2,1
0.0,1.6250005,2.9649994,16.367002,0.67499995,9.944997,6.0110016,7.2,1
0.0,1.01,1.01,19.073,0.22,1.31,5.909,7.2,1
0.0,2.0850008,1.2750006,6.5819983,0.074999996,0.0,3.1569993,7.2,1
0.0,0.4650001,0.35499993,1.5439994,1.0650004,1.5249995,3.0729992,7.2,1
0.0,1.1499996,2.9050007,7.416002,0.074999996,0.044999998,5.991998,7.2,1
0.0,0.40500006,0.55499995,0.03,0.56499994,1.2749995,5.6669984,7.2,1
0.0,0.7,0.71,27.227,0.0,0.0,6.044,7.2,1
0.0,1.6400002,3.7550006,9.614997,0.074999996,0.074999996,5.8499985,7.2,1
0.0,1.2549995,1.4150006,-0.15600008,0.074999996,0.0,1.9169995,7.2,1
0.0,0.81499994,3.4450006,2.2060006,0.35499993,0.66999996,3.1569993,7.2,1
0.0,5.53,1.3,7.794,0.93,7.25,5.995,7.2,1
0.0,2.6,0.6,2.192,0.16,0.35,3.653,7.2,1
0.0,0.53499997,1.3149995,4.368998,0.074999996,0.059999995,3.2949994,7.2,1
0.0,3.0649993,7.8849983,10.138997,0.074999996,0.0,3.2910006,7.2,1
0.0,1.26,1.26,65.863,0.0,0.0,5.468,7.2,1
0.0,0.42,0.42,18.091,0.0,0.0,5.81,7.2,1
0.0,0.37500006,1.3150005,1.2680005,0.074999996,0.0,5.6289983,7.2,1
0.0,0.009999998,0.095,0.126,0.074999996,0.0,1.8750005,7.2,1
0.0,0.86499995,4.1549983,13.1950035,0.0,0.074999996,5.4910016,7.2,1
0.0,3.68,1.32,11.892,0.0,0.0,3.232,7.2,1
0.0,2.3349993,5.4249983,7.1420016,0.074999996,0.074999996,3.0520008,7.2,1
0.0,0.44500005,0.32499993,1.5339994,0.074999996,0.0,3.1689994,7.2,1
0.0,1.4850005,5.855002,8.932003,0.0,0.074999996,3.0669994,7.2,1
0.0,1.8849995,12.094997,5.6159983,0.0,0.0,2.9789994,7.2,1
0.0,2.035,6.6849985,16.697002,0.0,0.0,3.2699993,7.2,1
0.0,1.39,1.39,76.349,0.3,2.54,6.099,7.2,1
0.0,2.1,0.88,12.235,0.67,8.2,5.826,7.2,1
0.0,3.2449994,13.425003,18.328999,0.0075,0.0,5.6929984,7.2,1
0.0,0.95499986,1.1150005,1.6520005,0.074999996,0.0,3.1050007,7.2,1
0.0,0.68,0.69,22.94,0.3,1.22,5.982,7.2,1
0.0,0.9949996,1.1550006,0.39099994,0.36499992,0.96499974,3.2650006,7.2,1
0.0,1.4749994,2.97,2.5699992,0.074999996,0.074999996,5.0959983,7.2,1
0.0,3.6550007,34.225002,11.902003,0.0,0.0,3.1360006,7.2,1
0.0,2.23,4.66,61.723,1.2,8.39,3.136,7.2,1
0.0,2.1649992,6.144998,11.781002,0.074999996,0.0,5.5829983,7.2,1
0.0,0.93499994,2.4249992,14.040003,0.074999996,0.074999996,6.107002,7.2,1
0.0,0.50500005,0.6649999,0.119,0.0075,0.0,3.0770006,7.2,1
0.0,0.25499994,0.62499994,1.6649995,0.074999996,0.074999996,3.2389994,7.2,1
0.0,14.47,3.24,19.26,0.0,0.0,5.944,7.2,1
0.0,2.7750006,1.8050005,15.582003,0.0,0.074999996,5.5690017,7.2,1
0.0,4.0,4.0,99.35,0.48,5.81,3.026,7.2,1
0.0,2.1349993,2.1249993,6.3959985,0.074999996,0.0,3.2159994,7.2,1
0.0,2.4250007,1.3250005,7.512998,1.3,9.484997,3.1099994,7.2,1
0.0,7.03,2.45,6.362,0.0,0.0,2.945,7.2,1
0.0,8.09,2.28,48.928,0.0,0.0,6.048,7.2,1
0.0,0.19500008,0.21000007,0.72199994,1.1950005,1.7249994,5.880998,7.2,1
0.0,2.3150008,0.6449999,1.2720006,0.5249999,0.48000008,2.1420007,7.2,1
0.0,1.965,10.305003,5.8829985,1.1449995,7.3450017,2.9959993,7.2,1
0.0,2.2250006,2.3749993,2.6629994,0.30499995,3.1750007,6.0619984,7.2,1
0.0,1.3950006,2.8650007,4.3249984,0.35499993,1.1849997,3.3479998,7.2,1
0.0,5.2049985,17.794996,8.006001,0.7849999,20.835003,5.5029984,7.2,1
0.0,5.04,2.1,12.252,0.0,0.0,5.862,7.2,1
0.0,2.2150006,2.3649993,0.13999999,0.074999996,0.0,3.1470006,7.2,1
0.0,3.41,0.73,4.152,0.0,0.0,5.767,7.2,1
0.0,3.1450007,3.2949994,7.001002,0.074999996,0.074999996,5.854998,7.2,1
0.0,8.98,2.51,14.808,0.88,13.03,5.9,7.2,1
0.0,18.14,4.13,13.51,0.0,0.0,3.279,7.2,1
0.0,3.15,3.15,118.675,0.0,0.0,6.025,7.2,1
0.0,2.5449994,10.525003,14.445997,1.0450003,14.014997,5.742998,7.2,1
0.0,2.26,3.26,50.814,0.0,0.0,2.741,7.2,1
0.0,0.81499994,2.7150006,7.7709985,0.75,5.725002,3.1759994,7.2,1
0.0,3.2449994,6.7149982,19.088997,0.074999996,0.0,5.9229984,7.2,1
0.0,3.37,1.15,20.583,0.89,18.32,6.108,7.2,1
0.0,2.26,2.71,42.123,0.0,0.0,3.183,7.2,1
0.0,2.8250008,1.3050005,5.1220016,0.074999996,0.0,4.0619984,7.2,1
0.0,2.61,2.62,157.17,0.0,0.0,6.085,7.2,1
0.0,0.115000024,0.74499995,0.537,0.9049999,0.35000005,3.0150006,7.2,1
0.0,1.9049995,0.67499995,6.360998,0.074999996,0.0,3.3259993,7.2,1
0.0,1.9950005,3.3250008,2.9299994,0.074999996,0.0,2.8480008,7.2,1
0.0,1.9349996,2.2049994,3.6689994,0.55499995,5.624998,5.833998,7.2,1
0.0,0.69499993,1.3049995,2.5720007,0.68499994,1.5349995,1.9930005,7.2,1
0.0,1.7350005,2.5150006,7.7339983,0.39500007,3.7449994,3.0899994,7.2,1
0.0,1.2450005,4.1550016,6.4829984,0.0,0.074999996,3.2279994,7.2,1
0.0,1.8150005,4.4349985,10.179998,0.074999996,0.074999996,5.749998,7.2,1
0.0,0.73499995,2.1050007,6.0009985,0.074999996,0.0,3.2899992,7.2,1
0.0,0.75499994,1.4950005,7.708998,0.8349999,5.995002,5.5960016,7.2,1
0.0,2.9650006,1.2650006,3.9329994,1.3,4.7049985,3.1940007,7.2,1
0.0,0.9749999,3.0549994,11.937003,0.30500007,4.6350017,5.6100016,7.2,1
0.0,2.7450006,2.9049993,1.0400002,0.074999996,0.0,3.2730007,7.2,1
0.0,0.82500005,0.5749999,2.8290007,0.015,0.074999996,3.3019993,7.2,1
0.0,0.5,0.51,14.542,0.82,1.3,3.178,7.2,1
0.0,3.54,1.55,8.98,0.0,0.0,5.831,7.2,1
0.0,0.27499995,0.6649999,3.4890006,1.0449995,4.0650015,6.1160016,7.2,1
0.0,2.1149993,7.8449984,6.5580015,0.0,0.0,3.1030006,7.2,1
0.0,2.7350006,2.8949993,4.368002,0.5749999,4.725002,3.2330008,7.2,1
0.0,3.13,1.16,9.989,0.0,0.0,3.191,7.2,1
0.0,2.7550006,2.9049993,5.547002,0.074999996,0.074999996,4.030998,7.2,1
0.0,2.3950007,2.5549994,2.6539993,0.074999996,0.029999997,3.1350007,7.2,1
0.0,0.96499974,4.8249984,5.9429984,1.2350005,7.0550017,5.7119985,7.2,1
0.0,2.54,0.79,14.575,0.0,0.0,5.738,7.2,1
0.0,6.74,2.6,8.482,0.0,0.0,3.275,7.2,1
0.0,0.63500005,0.7849999,1.0029999,0.074999996,0.0,3.2240007,7.2,1
0.0,0.48499992,1.2450001,3.8950007,0.6549999,2.2250006,3.3029993,7.2,1
0.0,0.36499995,0.40499994,7.0269985,0.06,0.074999996,5.9500017,7.2,1
0.0,0.12500007,0.27499995,0.0030000051,0.88,0.88500005,5.5500016,7.2,1
0.0,1.5849994,1.0650004,9.119003,0.015,0.074999996,5.6140018,7.2,1
0.0,10.95,2.21,7.219,0.14,1.01,3.281,7.2,1
0.0,2.1150007,11.455003,7.086002,1.0049995,7.645002,3.2759993,7.2,1
0.0,2.9749994,10.655003,17.310997,0.074999996,0.0,5.873998,7.2,1
0.0,0.39499992,1.2149999,3.6950006,1.2150005,4.375002,3.1649992,7.2,1
0.0,1.5249995,0.54499996,1.5040005,1.1050005,1.3949995,3.0320008,7.2,1
0.0,9.85,2.55,5.573,0.2,1.11,2.719,7.2,1
0.0,0.5849999,1.8749995,4.525998,0.39500007,1.0850005,4.3080015,7.2,1
0.0,1.43,1.5050005,9.1690035,0.074999996,0.0,3.2349994,7.2,1
0.0,1.3049995,0.48499992,4.577998,0.074999996,0.022499999,3.4469993,7.2,1
0.0,3.86,1.42,7.433,1.26,9.37,5.946,7.2,1
0.0,1.1049994,0.45499992,3.7960007,0.9749999,3.5549994,3.3559992,7.2,1
0.0,0.55499995,1.8350005,8.790003,0.32499993,2.2949994,5.1410017,7.2,1
0.0,0.25,0.22499993,1.2879995,0.100000024,0.22,5.527002,7.2,1
0.0,3.7249994,18.184998,11.436997,0.62500006,7.9349995,3.0680003,7.2,1
0.0,0.25000003,0.21499993,1.4259995,1.1050005,1.4899995,5.436002,7.2,1
0.0,0.8349999,1.5449995,2.415,0.074999996,0.074999996,3.1030006,7.2,1
0.0,1.5250006,6.7649984,7.288998,0.68500006,5.6750016,5.1540017,7.2,1
0.0,1.9349996,1.7650006,11.425003,0.0,0.074999996,5.796002,7.2,1
0.0,2.1250007,1.3650005,6.8429985,0.0,0.0,3.2199993,7.2,1
0.0,2.5550008,2.9049993,4.7660017,0.33499992,3.0649993,4.294998,7.2,1
0.0,2.1150007,1.1350005,6.243998,0.32499993,1.5049995,2.9599993,7.2,1
0.0,1.9450005,5.2449985,5.8390017,0.074999996,0.074999996,3.0070007,7.2,1
0.0,0.6650001,0.37499994,0.9829999,0.43499994,0.25500008,2.9520006,7.2,1
0.0,1.7149994,1.0450003,10.175003,1.2750006,12.374997,5.8010015,7.2,1
0.0,0.36,0.9150001,2.1489997,0.074999996,0.015,5.349999,7.2,1
0.0,0.120000005,0.07,0.56399995,0.88499993,0.33500007,5.5399985,7.2,1
0.0,4.064998,4.455002,2.2719994,0.47499993,9.525003,5.722998,7.2,1
0.0,0.8000001,0.5749999,5.0899982,0.67499995,3.1749992,6.0810018,7.2,1
0.0,0.6450001,0.34499994,2.1850007,0.074999996,0.074999996,3.2139993,7.2,1
0.0,1.03,1.03,20.386,0.0,0.0,5.792,7.2,1
0.0,2.0150006,1.7250005,11.554003,1.005,10.884997,5.639002,7.2,1
0.0,3.04,3.04,68.096,0.75,7.04,3.089,7.2,1
0.0,2.35,0.98,13.984,0.0,0.0,5.951,7.2,1
0.0,1.9950005,2.2450006,2.8969994,1.3,8.345003,3.1290007,7.2,1
0.0,1.0550004,4.7649984,2.9610007,0.245,0.82,3.1729994,7.2,1
0.0,1.13,2.94,40.676,0.19,1.21,5.648,7.2,1
0.0,2.4250007,2.0949993,8.805003,0.9050001,8.774997,3.6269994,7.2,1
0.0,3.93,3.93,183.787,0.0,0.0,5.639,7.2,1
0.0,2.3150008,1.1550006,6.4679985,0.8449999,5.1150017,6.103001,7.2,1
0.0,2.0749993,4.3450017,23.095003,0.074999996,0.0,5.514002,7.2,1
0.0,2.1150007,0.92499995,6.8099985,0.074999996,0.0,3.2189994,7.2,1
0.0,3.6749992,13.705003,21.330997,0.7849999,15.164997,5.828998,7.2,1
0.0,2.8550007,1.3250005,6.715998,1.3,8.494997,6.085002,7.2,1
0.0,1.4750005,3.1750007,4.4109983,0.074999996,0.029999997,3.2339997,7.2,1
0.0,1.76,1.76,56.281,0.85,8.75,5.846,7.2,1
0.0,1.3749995,0.75499994,4.5279984,1.1450006,5.0050015,3.2489994,7.2,1
0.0,0.28499994,0.67499995,3.5590007,0.0,0.074999996,6.132002,7.2,1
0.0,4.87,1.01,6.018,0.0,0.0,6.079,7.2,1
0.0,2.4749994,9.235003,13.346003,0.074999996,0.0,5.5169983,7.2,1
0.0,0.935,0.45499992,2.3459992,0.55499995,1.1650006,6.0629983,7.2,1
0.0,0.095,0.105,0.45500004,0.029999997,0.059999995,6.1370015,7.2,1
0.0,0.9949996,0.41499993,2.0969994,0.074999996,0.074999996,5.8719983,7.2,1
0.0,1.2150005,4.2849984,3.5650008,0.0,0.074999996,3.2679994,7.2,1
0.0,1.5249995,2.5250006,1.5750005,0.074999996,0.0,3.0500007,7.2,1
0.0,1.31,1.32,54.215,0.0,0.0,6.208,7.2,1
0.0,1.78,0.62,10.613,0.0,0.0,5.962,7.2,1
0.0,1.0549995,0.39499992,2.8420007,0.9049999,2.4949994,2.6559994,7.2,1
0.0,5.0,2.09,16.137,0.0,0.0,3.227,7.2,1
0.0,0.43500006,1.6649995,3.0929992,0.92499995,2.4950006,5.8429985,7.2,1
0.0,0.36500007,0.425,1.2630005,0.9549999,2.2850006,6.0089984,7.2,1
0.0,0.34,0.35,17.994,0.38,0.8,6.212,7.2,1
0.0,0.40499994,1.3050005,7.150998,1.2049994,9.324997,5.9500017,7.2,1
0.0,1.0849994,1.2350005,-0.27600008,1.2050005,4.2049985,3.1890006,7.2,1
0.0,3.94,0.98,3.108,0.0,0.0,3.171,7.2,1
0.0,2.6050007,2.6150007,6.0680017,0.7249999,10.634997,5.985998,7.2,1
0.0,1.5149995,1.1750005,9.013003,0.074999996,0.074999996,5.791002,7.2,1
0.0,3.73,1.1,4.571,0.0,0.0,4.664,7.2,1
0.0,1.8149995,1.9650005,3.5519993,0.074999996,0.074999996,5.1749983,7.2,1
0.0,2.0350006,0.93499994,6.453998,0.8249999,4.975002,3.1689994,7.2,1
0.0,4.73,1.7,5.686,0.36,2.05,3.345,7.2,1
0.0,1.9500002,5.9349985,11.477998,0.074999996,0.0,5.8719983,7.2,1
0.0,3.7850006,3.9449992,7.1280017,0.074999996,0.074999996,6.2319984,7.2,1
0.0,1.5349995,0.69499993,4.9809985,1.015,4.8250017,3.2149994,7.2,1
0.0,3.9749994,16.455004,12.888997,0.074999996,0.0,3.2110007,7.2,1
0.0,3.9450002,18.745003,12.446997,1.0849994,14.424997,3.0030007,7.2,1
0.0,2.1050007,11.964997,12.512003,0.0,0.0,5.6989985,7.2,1
0.0,7.62,3.64,6.684,0.58,3.88,3.123,7.2,1
0.0,2.1050007,2.2549994,3.0859993,0.074999996,0.074999996,5.9559984,7.2,1
0.0,3.11,3.12,147.1,0.65,12.16,6.015,7.2,1
0.0,1.6399997,1.7450005,10.658003,0.5949999,2.8649993,3.2859993,7.2,1
0.0,2.1650007,2.5350006,3.2899992,0.074999996,0.0,2.8640006,7.2,1
0.0,0.39499992,1.2750006,6.328998,0.059999995,0.074999996,5.4570017,7.2,1
0.0,0.6049999,2.4050007,6.215998,1.2049994,8.124997,3.2679994,7.2,1
0.0,1.9950005,1.2650006,11.087003,1.2450005,13.134997,5.467002,7.2,1
0.0,1.49,0.48,8.71,0.0,0.0,5.846,7.2,1
0.0,1.965,2.6350007,1.4270005,0.074999996,0.0,2.8310006,7.2,1
0.0,7.12,2.62,7.18,0.0,0.0,3.149,7.2,1
0.0,2.4550006,1.2650006,13.234003,1.1550006,14.444997,5.335002,7.2,1
0.0,6.82,4.0,17.692,0.0,0.0,5.564,7.2,1
0.0,8.24,3.04,6.245,0.0,0.0,2.96,7.2,1
0.0,0.43499994,1.2950006,7.0689983,0.074999996,0.074999996,5.9310017,7.2,1
0.0,4.91,1.97,5.921,0.0,0.0,3.021,7.2,1
0.0,1.5849994,1.7450005,0.6499999,0.7149999,6.274998,5.905998,7.2,1
0.0,10.78,2.43,7.507,0.63,4.73,3.089,7.2,1
0.0,11.72,2.57,14.496,0.8,11.6,5.64,7.2,1
0.0,3.5,3.68,1.505,0.93,18.74,5.756,7.2,1
0.0,1.2249994,1.3750005,3.3779993,0.074999996,0.0,5.7079983,7.2,1
0.0,2.5450006,2.7049994,-0.48900008,0.074999996,0.0,3.0480006,7.2,1
0.0,1.14,1.15,22.358,0.78,2.91,3.273,7.2,1
0.0,0.41499993,1.2450001,3.9010007,1.2650006,4.8050017,3.3079994,7.2,1
0.0,0.61499995,2.0150006,6.0289984,0.074999996,0.074999996,3.0529993,7.2,1
0.0,0.62,0.63,15.413,0.73,1.51,3.335,7.2,1
0.0,3.94,3.95,106.572,0.0,0.0,3.282,7.2,1
0.0,2.1750007,1.4950005,6.7269983,1.2550005,8.104997,3.0979993,7.2,1
0.0,0.88500005,1.0350002,0.84599996,1.2050005,3.4350007,3.1610007,7.2,1
0.0,2.6650007,2.8249993,-0.4970001,0.38499993,2.5750008,3.0420008,7.2,1
0.0,2.2949994,9.425003,7.0220017,0.0,0.0,3.0540006,7.2,1
0.0,2.8749993,10.315003,8.949997,0.0,0.0,3.0950007,7.2,1
0.0,3.67,3.68,3.633,1.28,28.03,5.966,7.2,1
0.0,0.6649999,3.0350006,6.163998,0.0,0.074999996,3.1179993,7.2,1
0.0,0.5949999,1.5149995,4.9709983,0.9049999,4.265002,3.2689993,7.2,1
0.0,1.8949995,0.79499996,6.0279984,0.074999996,0.0,3.1729994,7.2,1
0.0,2.28,0.97,13.633,0.0,0.0,5.979,7.2,1
0.0,3.2150006,1.9350005,9.370003,1.0849994,11.034997,2.9459994,7.2,1
0.0,4.94,2.11,8.068,0.68,5.49,3.824,7.2,1
0.0,2.2850006,4.245002,0.71199995,0.074999996,0.0,2.9010007,7.2,1
0.0,0.69499993,2.9750006,8.625003,0.61500007,6.0750017,5.6880016,7.2,1
0.0,7.29,2.12,5.764,0.0,0.0,2.911,7.2,1
0.0,1.2349994,0.5249999,1.3860005,0.074999996,0.0,2.9050007,7.2,1
0.0,2.98,2.98,69.209,0.79,14.25,6.054,7.2,1
0.0,1.58,1.58,82.606,0.52,5.0,6.091,7.2,1
0.0,2.1049993,9.035003,6.8070016,1.1649995,8.424997,3.2410007,7.2,1
0.0,0.48499992,1.0550004,5.2509985,1.2050005,0.94499993,1.9580005,7.2,1
0.0,0.33499992,1.8050005,6.558998,0.074999996,0.074999996,2.8709993,7.2,1
0.0,2.2249994,9.015003,12.976003,0.022499999,0.0,5.9949985,7.2,1
0.0,4.33,4.33,40.172,0.0,0.0,3.261,7.2,1
0.0,0.36500007,0.5149999,-0.29600006,0.03,0.0,3.1320007,7.2,1
0.0,1.47,1.47,24.151,0.0,0.0,3.227,7.2,1
0.0,2.4849994,4.0749984,11.948003,0.0,0.0,3.1029994,7.2,1
0.0,1.7450005,4.4049983,12.196003,0.08500002,1.8849995,3.0529993,7.2,1
0.0,0.7750001,0.93499994,-0.13200007,0.074999996,0.0,3.2650006,7.2,1
0.0,2.3850007,2.9249992,2.0529997,0.074999996,0.074999996,5.6489983,7.2,1
0.0,1.8549994,1.7150005,6.0949984,0.61499995,3.4049993,3.2719994,7.2,1
0.0,1.3850005,2.7050006,9.153003,0.0,0.074999996,3.3939993,7.2,1
0.0,2.99,0.77,17.906,0.69,12.36,5.989,7.2,1
0.0,3.3449993,14.515003,10.805997,0.2850001,3.7850006,3.2070007,7.2,1
0.0,1.5850005,3.7849994,16.542004,0.29499993,3.5850008,4.554002,7.2,1
0.0,7.88,3.77,11.525,0.0,0.0,3.057,7.2,1
0.0,0.68499994,0.74500006,2.7659993,0.074999996,0.074999996,4.335998,7.2,1
0.0,5.74,2.21,13.01,0.35,4.55,5.887,7.2,1
0.0,1.8649995,3.8049994,2.2179992,0.6549999,3.3750007,2.9890006,7.2,1
0.0,0.28499994,0.5849999,2.8490007,0.0,0.074999996,5.8080015,7.2,1
0.0,0.5749999,1.0450003,5.5799985,0.79,4.685001,5.9050016,7.2,1
0.0,3.01,0.8,10.0,0.0,0.0,3.322,7.2,1
0.0,2.53,2.54,101.416,0.0,0.0,6.059,7.2,1
0.0,0.7750001,0.92499995,1.0280001,0.48499992,1.9549999,5.7509985,7.2,1
0.0,4.274998,2.5049994,10.027003,0.7749999,7.145002,5.505998,7.2,1
0.0,2.8349993,16.985003,39.657,0.24500006,12.635003,5.743002,7.2,1
0.0,4.1149983,2.0050004,5.311001,1.0350002,5.1350017,3.0970006,7.2,1
0.0,0.0,0.01,-0.31100008,1.2249994,0.054999992,2.3750007,7.2,1
0.0,0.9949997,0.38499993,6.0149984,1.2950006,7.5050015,5.9310017,7.2,1
0.0,2.1950006,3.2749994,0.63299996,0.074999996,0.0,5.334998,7.2,1
0.0,0.635,0.25499994,3.3960006,1.2950006,4.3050017,5.673002,7.2,1
0.0,0.6649999,2.2249994,12.844003,0.074999996,0.074999996,6.112002,7.2,1
0.0,0.29499993,0.9749999,5.2309985,0.77,4.165002,6.0370016,7.2,1
0.0,11.72,4.92,11.72,0.21,2.46,3.193,7.2,1
0.0,3.63,0.76,4.47,0.0,0.0,5.96,7.2,1
0.0,0.9049999,2.5050006,6.3699985,0.7950001,5.685002,3.2499993,7.2,1
0.0,2.9150007,1.9750005,9.288003,0.21499993,1.2349994,3.2059994,7.2,1
0.0,3.0450006,3.2049994,4.639002,0.074999996,0.074999996,5.8119984,7.2,1
0.0,2.1350007,3.2450006,1.5850005,0.19499993,0.6650001,2.7070007,7.2,1
0.0,0.94499993,2.0849993,10.188003,0.044999998,0.074999996,5.745002,7.2,1
0.0,1.4349995,0.8449999,4.907998,0.044999998,0.0,3.3749993,7.2,1
0.0,3.6550007,21.124996,11.682997,0.06500001,1.5549995,3.0370007,7.2,1
0.0,2.98,0.86,17.809,0.67,11.93,5.976,7.2,1
0.0,0.32500008,0.48499992,0.0069999984,0.69,0.7950001,3.2150006,7.2,1
0.0,0.5749999,1.7750006,7.313998,0.074999996,0.074999996,4.421002,7.2,1
0.0,0.21500006,0.36499992,-0.10000004,0.0,0.0,3.0770006,7.2,1
0.0,0.09500004,0.13499999,0.17099996,0.9150001,0.024999999,2.3250008,7.2,1
0.0,0.61500007,2.9949994,4.350001,0.39499992,1.3049995,6.1859984,7.2,1
0.0,1.0450003,2.7149994,15.087003,0.9599999,15.544997,5.8400016,7.2,1
0.0,4.024998,2.5649993,9.403997,0.074999996,0.074999996,5.2259984,7.2,1
0.0,0.024999999,0.18499994,-0.47300005,0.7250001,0.34500006,5.375002,7.2,1
0.0,2.6850007,2.8349993,1.7860005,0.074999996,0.0,3.2170007,7.2,1
0.0,2.2,2.21,63.914,1.18,8.78,3.383,7.2,1
0.0,16.19,5.09,13.067,1.14,14.9,3.61,7.2,1
0.0,0.22499993,0.54499996,2.7460008,0.7750001,2.4749994,6.0770016,7.2,1
0.0,1.6450006,7.124998,5.0980015,0.0,0.0,3.2739992,7.2,1
0.0,0.34500006,0.50499994,0.07,0.015,0.0,6.0039983,7.2,1
0.0,0.9149999,3.8050008,2.6430006,0.074999996,0.074999996,3.3109994,7.2,1
0.0,1.3450005,4.774998,7.652002,1.3,9.394997,5.8909984,7.2,1
0.0,1.1149997,5.834998,3.7850006,0.0,0.074999996,3.4029994,7.2,1
0.0,1.55,1.55,40.773,0.78,3.73,3.089,7.2,1
0.0,0.81499994,2.1649992,12.558003,0.074999996,0.074999996,6.119002,7.2,1
0.0,1.5649995,0.50499994,5.1549983,0.074999996,0.0,3.2639992,7.2,1
0.0,9.19,3.09,16.628,0.0,0.0,5.381,7.2,1
0.0,3.2350006,3.3849993,9.246997,0.044999998,0.074999996,5.821998,7.2,1
0.0,1.53,1.62,40.387,0.57,2.89,3.308,7.2,1
0.0,0.28499994,1.3750005,1.7019994,0.0,0.074999996,2.9409993,7.2,1
0.0,0.95499986,0.55499995,5.131998,0.8249999,3.9849994,5.1300015,7.2,1
0.0,0.085,0.06500001,0.26599994,0.79999995,0.16499999,2.6540008,7.2,1
0.0,0.87,0.88,23.013,1.07,4.94,5.31,7.2,1
0.0,0.9,0.91,23.942,0.0,0.0,3.848,7.2,1
0.0,0.27499995,0.81499994,2.3580008,0.022499997,0.074999996,3.3629994,7.2,1
0.0,1.4450005,5.9949985,4.336002,0.35499993,1.1149995,3.1849992,7.2,1
0.0,2.18,2.19,28.383,0.0,0.0,5.82,7.2,1
0.0,1.58,1.58,67.838,0.0,0.0,5.175,7.2,1
0.0,7.2750015,15.995003,42.730995,0.48499992,17.415003,5.848998,7.2,1
0.0,2.5849993,5.794998,13.6799965,0.074999996,0.074999996,5.3449984,7.2,1
0.0,3.13,0.69,1.679,0.0,0.0,2.469,7.2,1
0.0,0.7750001,0.39499992,1.8180006,0.074999996,0.074999996,5.734998,7.2,1
0.0,0.87499994,1.9249995,5.8559985,0.074999996,0.0,3.0549994,7.2,1
0.0,1.4749994,1.6250005,0.90199995,0.074999996,0.0,5.900998,7.2,1
0.0,2.1050007,0.7049999,2.0120003,0.074999996,0.0,3.1000006,7.2,1
0.0,8.14,2.26,7.498,0.0,0.0,3.332,7.2,1
0.0,0.39499992,1.1650006,6.196998,1.2049994,8.104997,5.829002,7.2,1
0.0,0.87499994,2.4949994,14.116003,0.45499992,5.314998,5.9390016,7.2,1
0.0,2.27,0.58,13.218,0.0,0.0,5.823,7.2,1
0.0,4.08,4.09,185.752,0.0,0.0,6.063,7.2,1
0.0,1.2599996,3.5350006,8.014001,0.074999996,0.074999996,5.938998,7.2,1
0.0,1.8749995,0.5849999,6.2399983,1.1750005,7.0250015,3.3129992,7.2,1
0.0,1.9449997,0.8249999,4.2130017,0.074999996,0.0,5.5169983,7.2,1
0.0,0.95,0.4649999,5.3829985,0.98499995,5.0450015,5.8200016,7.2,1
0.0,0.23499992,1.4400004,1.3119994,0.83000004,1.3050005,2.6919994,7.2,1
0.0,2.7850006,1.3650005,7.637998,1.2150005,8.864997,6.1010017,7.2,1
0.0,0.8449999,2.0750008,5.1809983,0.074999996,0.0,3.0279994,7.2,1
0.0,1.39,2.92,46.129,0.36,2.91,5.822,7.2,1
0.0,0.945,1.0350002,8.913003,0.22499993,0.24500006,2.2889993,7.2,1
0.0,0.59,0.59,25.79,0.0,0.0,5.797,7.2,1
0.0,4.11,1.57,5.909,0.0,0.0,4.966,7.2,1
0.0,2.32,2.33,140.185,0.0,0.0,6.053,7.2,1
0.0,1.8650005,8.774997,5.5959983,0.0,0.0,3.2429993,7.2,1
0.0,0.96,1.12,47.168,1.01,5.8,5.982,7.2,1
0.0,0.46,0.46,23.904,0.0,0.0,5.804,7.2,1
0.0,0.55,0.59,14.761,0.0,0.0,3.027,7.2,1
0.0,2.65,2.65,88.092,0.0,0.0,5.891,7.2,1
0.0,0.9150001,0.7849999,1.8610005,0.074999996,0.0,5.6859984,7.2,1
0.0,0.115,0.14,0.42200002,1.3,0.6449999,3.1540008,7.2,1
0.0,0.9949996,0.35499993,0.9369999,0.03,0.0,3.1180007,7.2,1
0.0,0.39500007,0.28499994,1.4459995,0.5249999,0.6050001,3.3109994,7.2,1
0.0,1.2149994,1.3850005,0.39499992,0.074999996,0.0,3.0500007,7.2,1
0.0,0.41499993,1.4250005,7.983001,0.42499992,2.8949993,6.0880017,7.2,1
0.0,0.69,0.7,37.79,1.04,4.31,6.001,7.2,1
0.0,0.46,0.47,11.981,0.79,1.23,3.374,7.2,1
0.0,1.75,0.58,9.407,0.0,0.0,5.375,7.2,1
0.0,0.61499995,1.8349994,4.7079983,0.32499993,1.1249995,2.8559992,7.2,1
0.0,2.0450006,2.1949992,-0.41300008,0.074999996,0.0,3.0240006,7.2,1
0.0,1.16,1.16,14.898,0.0,0.0,6.081,7.2,1
0.0,1.1650006,2.8449993,13.802003,0.30499995,3.1150007,5.085002,7.2,1
0.0,2.1349993,2.6649992,18.898003,0.33500007,2.5549994,3.0119994,7.2,1
0.0,6.314998,7.0349984,1.3570005,0.34499994,4.914998,2.8170006,7.2,1
0.0,0.63500005,0.79499996,1.2550005,0.074999996,0.0,5.993998,7.2,1
0.0,1.6350005,5.2149982,2.9850006,0.074999996,0.074999996,1.9019996,7.2,1
0.0,3.7149994,8.094997,47.313004,1.2350005,54.97,6.0360017,7.2,1
0.0,0.82,0.30499995,4.6479983,0.0,0.074999996,6.053002,7.2,1
0.0,1.1749995,1.3250005,1.0630004,0.074999996,0.0,3.2900007,7.2,1
0.0,2.5,2.5,83.803,0.0,0.0,5.907,7.2,1
0.0,1.41,1.42,23.917,0.0,0.0,5.957,7.2,1
0.0,0.97499967,1.1250005,2.2439992,0.074999996,0.0,5.5089984,7.2,1
0.0,1.6,0.5,9.666,0.56,5.41,6.041,7.2,1
0.0,0.022499999,0.17500007,0.27099994,0.0,0.022499999,4.8249984,7.2,1
0.0,0.525,0.48499998,3.0769994,0.067499995,0.059999995,5.961002,7.2,1
0.0,0.14499998,0.26499996,0.47300005,0.015,0.074999996,2.6849992,7.2,1
0.0,1.33,1.33,39.254,0.0,0.0,3.248,7.2,1
0.0,9.94,3.17,18.292,0.15,2.74,5.77,7.2,1
0.0,1.7850006,3.5550008,8.420003,0.9050001,8.404997,2.8789992,7.2,1
0.0,2.1650007,1.1050005,6.104998,0.074999996,0.0,2.8339994,7.2,1
0.0,1.3550005,2.9050007,6.5539985,0.0,0.074999996,3.2469993,7.2,1
0.0,1.9650005,12.014997,10.699003,0.6650001,7.894998,5.776002,7.2,1
0.0,1.2650006,2.5450006,6.288998,0.6050001,4.4050016,3.2099993,7.2,1
0.0,0.55499995,1.8950006,8.022003,0.074999996,0.074999996,4.548002,7.2,1
0.0,2.92,2.93,99.475,0.12,1.94,5.532,7.2,1
0.0,0.4649999,1.3249995,4.3459983,0.5249999,1.9149995,3.2559993,7.2,1
0.0,7.27,1.84,5.614,0.71,3.99,3.068,7.2,1
0.0,5.08,1.2,3.737,0.0,0.0,3.14,7.2,1
0.0,0.68499994,2.2450006,4.096998,0.0,0.074999996,3.0759993,7.2,1
0.0,1.4449995,0.73499995,5.460998,0.074999996,0.0,3.7169993,7.2,1
0.0,0.7749999,1.6949995,5.063998,1.1550006,5.625002,2.9949994,7.2,1
0.0,3.8950007,3.8950007,10.112997,0.9749999,21.165003,5.868998,7.2,1
0.0,1.2750006,2.6850007,5.9699984,0.0,0.074999996,2.9949994,7.2,1
0.0,2.75,1.3,15.24,0.53,8.08,5.542,7.2,1
0.0,2.3349993,6.414998,7.1800017,0.67999995,4.3499985,3.0690007,7.2,1
0.0,1.1249995,0.7749999,2.6180007,0.9149999,2.1850007,2.3189993,7.2,1
0.0,3.14,1.2,19.219,1.28,24.6,6.121,7.2,1
0.0,2.27,2.27,45.42,0.39,4.76,5.372,7.2,1
0.0,0.30499995,4.665002,3.9040008,0.054999992,0.5949999,5.526002,7.2,1
0.0,2.4050007,1.9850005,11.298003,0.074999996,0.0,4.6610017,7.2,1
0.0,0.9050001,0.28499994,1.2010006,1.2150005,1.2049994,5.2869983,7.2,1
0.0,1.2250005,3.4949996,11.369003,0.06500001,1.5249995,3.4019992,7.2,1
0.0,1.6249995,1.7750006,0.94799995,0.87499994,4.3249984,3.1590006,7.2,1
0.0,3.6650007,3.8249993,2.1159992,0.87499994,9.075003,2.9840007,7.2,1
0.0,1.27,1.27,72.1,0.72,5.49,6.006,7.2,1
0.0,2.7750006,3.8250008,2.4629993,0.074999996,0.074999996,3.5840006,7.2,1
0.0,2.4849994,10.825003,7.594002,0.0,0.0,3.1949992,7.2,1
0.0,2.1550007,2.3049994,2.0509996,0.31499994,1.5849994,3.0330007,7.2,1
0.0,1.97,1.97,64.194,0.76,8.84,5.907,7.2,1
0.0,2.3650007,12.065003,7.6750016,1.1049994,9.044997,3.0400007,7.2,1
0.0,0.27500007,0.30000007,0.33399993,0.53499997,0.42500007,3.0220006,7.2,1
0.0,0.9049999,1.8649995,6.2929983,0.074999996,0.0,3.3569994,7.2,1
0.0,2.6450007,2.8049994,5.3150015,0.074999996,0.074999996,5.670998,7.2,1
0.0,2.2850006,2.8950007,6.4000015,0.074999996,0.074999996,5.6069984,7.2,1
0.0,2.3650007,0.8449999,2.4449992,0.074999996,0.0,3.0430007,7.2,1
0.0,2.0550008,0.8949999,6.715998,0.074999996,0.0,3.2629993,7.2,1
0.0,1.965,10.984997,11.199003,0.0,0.0,5.4509983,7.2,1
0.0,0.17499995,0.49499992,1.6319995,0.0,0.074999996,4.238002,7.2,1
0.0,0.6549999,2.8450007,1.8529994,0.074999996,0.0,3.3989992,7.2,1
0.0,1.06,1.07,25.617,0.0,0.0,3.305,7.2,1
0.0,0.26,0.26,13.698,0.0,0.0,5.788,7.2,1
0.0,2.8750007,3.0550008,-0.36200008,1.0450003,4.2649984,1.4419994,7.2,1
0.0,2.5149994,5.5349984,13.808997,0.074999996,0.074999996,5.5539985,7.2,1
0.0,2.8349993,12.825003,14.728997,0.5250001,8.864997,5.2339983,7.2,1
0.0,2.9649994,9.305003,6.4240017,0.0,0.0,2.1220007,7.2,1
0.0,2.56,2.86,44.182,0.0,0.0,5.78,7.2,1
0.0,7.1,2.25,9.921,0.6,5.95,4.429,7.2,1
0.0,4.0650015,4.0950017,25.036003,0.47500008,6.5750017,3.0379994,7.2,1
0.0,1.99,0.65,11.705,0.37,4.33,5.882,7.2,1
0.0,3.7549994,9.875003,20.349997,0.074999996,0.0,5.4349985,7.2,1
0.0,2.6049993,6.064998,7.0700016,0.074999996,0.074999996,2.6900008,7.2,1
0.0,2.8550007,3.0149994,-0.21100008,0.88499993,7.4949985,3.1150007,7.2,1
0.0,1.0250001,2.5449994,10.593003,0.74500006,8.824997,5.719002,7.2,1
0.0,3.5850008,2.1549993,4.8480015,0.074999996,0.074999996,3.5140007,7.2,1
0.0,4.91,1.48,15.88,1.02,16.2,3.234,7.2,1
0.0,3.52,1.53,11.778,0.0,0.0,3.346,7.2,1
0.0,2.39,0.71,13.444,0.13,1.75,5.625,7.2,1
0.0,8.34,2.33,7.533,0.69,5.2,3.233,7.2,1
0.0,1.5550005,3.9950001,7.359998,0.13500006,1.6350005,3.0249994,7.2,1
0.0,1.8449994,10.774997,5.4879985,0.34500006,2.2650006,2.9719994,7.2,1
0.0,1.14,1.15,39.798,0.79,5.34,5.927,7.2,1
0.0,10.73,4.9,6.654,0.0,0.0,3.095,7.2,1
0.0,0.36499992,0.8549999,2.5930007,0.0,0.074999996,3.4959993,7.2,1
0.0,9.44,4.56,6.299,1.25,7.87,2.985,7.2,1
0.0,0.35499993,1.0450003,5.6089983,0.53499997,2.6849992,5.935002,7.2,1
0.0,0.23500007,0.21499993,0.8819999,0.0075,0.0,6.1329985,7.2,1
0.0,3.72,3.73,45.253,0.78,9.64,3.322,7.2,1
0.0,0.55499995,1.7249994,5.616998,0.99499995,5.3150015,3.2549994,7.2,1
0.0,0.41499993,1.1850005,6.6549983,0.92499995,5.7950015,6.138002,7.2,1
0.0,3.9350007,2.3849993,12.023003,0.8550001,11.324997,3.0919993,7.2,1
0.0,1.1350005,2.6350007,8.119003,0.56500006,5.3150015,3.2269993,7.2,1
0.0,1.9550005,6.524998,10.5700035,0.9649999,9.544997,5.5869985,7.2,1
0.0,2.5350006,3.1049993,-0.04,0.074999996,0.0,3.1150007,7.2,1
0.0,2.3950007,12.014997,7.928998,0.0,0.0,3.3149993,7.2,1
0.0,2.0450006,0.88499993,6.0139985,0.074999996,0.0,2.9469993,7.2,1
0.0,0.88499993,3.3950007,2.1590006,0.99,2.2399998,2.743,7.2,1
0.0,1.45,1.45,35.097,0.28,2.37,5.833,7.2,1
0.0,1.6150005,4.6950016,19.730003,0.044999998,0.0,5.0890017,7.2,1
0.0,1.9950005,2.1549993,2.2279994,0.074999996,0.074999996,5.826998,7.2,1
0.0,0.25499994,2.4849994,2.2840006,0.8350001,2.2249994,4.0069995,7.2,1
0.0,18.13,4.7,11.734,0.0,0.0,2.933,7.2,1
0.0,2.9150007,3.0749993,4.8470016,1.005,16.405003,5.8509984,7.2,1
0.0,0.49500006,0.29499993,0.7109999,0.8549999,0.42500007,2.8160007,7.2,1
0.0,1.0450003,4.1849985,3.0510006,0.0,0.074999996,3.2979994,7.2,1
0.0,1.77,1.77,35.548,0.0,0.0,5.9,7.2,1
0.0,0.83,0.84,21.809,1.11,5.35,5.811,7.2,1
0.0,0.84,0.35499993,4.4809985,0.87499994,3.7149994,5.4990015,7.2,1
0.0,5.86,2.22,13.692,0.0,0.0,6.168,7.2,1
0.0,1.11,1.11,33.159,0.0,0.0,3.133,7.2,1
0.0,1.0800002,0.36499992,6.328998,0.074999996,0.074999996,6.1740017,7.2,1
0.0,1.1350005,1.8050005,9.935003,0.074999996,0.074999996,5.8610015,7.2,1
0.0,2.2950006,1.1550006,2.2869992,0.37499994,0.5850001,3.2770007,7.2,1
0.0,0.81499994,2.3050008,1.7270005,0.86499995,1.2349994,2.1570008,7.2,1
0.0,0.44499993,0.98499995,5.485998,0.0,0.074999996,6.2540016,7.2,1
0.0,0.48500007,0.38499993,1.8399994,0.074999996,0.0,3.4949994,7.2,1
0.0,1.74,0.63,10.113,0.28,2.83,5.812,7.2,1
0.0,5.33,1.74,10.312,0.26,2.68,5.961,7.2,1
0.0,3.0750008,4.8049984,4.309002,0.5949999,7.1849985,4.3589983,7.2,1
0.0,0.99499995,3.9649994,5.051998,0.36499992,1.4149995,5.497998,7.2,1
0.0,3.59,1.0,5.965,0.0,0.0,6.025,7.2,1
0.0,2.15,2.15,75.626,0.21,2.76,6.121,7.2,1
0.0,0.51500005,1.6649995,3.6039994,0.9749999,3.1050007,5.905998,7.2,1
0.0,8.755003,8.355003,12.283997,1.1550006,13.264997,5.710998,7.2,1
0.0,0.485,2.3450007,2.6290007,0.074999996,0.0,5.4830017,7.2,1
0.0,0.8249999,2.9850006,6.497998,0.074999996,0.0,2.9579992,7.2,1
0.0,1.26,1.26,25.141,1.25,5.25,3.333,7.2,1
0.0,0.6549999,1.9149995,5.8329983,0.93499994,5.1550016,3.1679993,7.2,1
0.0,2.2650006,1.3450005,1.6590005,1.1750005,1.6649995,1.9049995,7.2,1
0.0,1.6150005,2.7850006,9.010003,0.27500007,3.2549994,3.2519994,7.2,1
0.0,3.56,1.16,11.793,0.73,8.61,3.313,7.2,1
0.0,1.2850006,4.6949983,7.0960016,0.47499993,2.7350006,5.7269983,7.2,1
0.0,6.39,2.07,6.881,0.0,0.0,3.34,7.2,1
0.0,2.1650007,1.5250006,13.400003,0.68499994,8.294997,6.0910015,7.2,1
0.0,11.855003,13.925003,15.484997,1.2750006,18.564997,5.5079985,7.2,1
0.0,1.79,1.8750005,14.9780035,0.8549999,4.495002,3.2439992,7.2,1
0.0,3.92,4.29,98.959,0.68,8.16,3.061,7.2,1
0.0,3.9649994,4.435002,10.177997,0.074999996,0.074999996,5.583998,7.2,1
0.0,0.32,0.57,14.371,0.0,0.0,5.809,7.2,1
0.0,0.6550001,2.0150006,4.302002,0.7749999,2.8850007,5.7149982,7.2,1
0.0,3.6149993,13.065003,16.234999,0.074999996,0.0,4.5029984,7.2,1
0.0,3.21,3.22,134.045,0.86,16.52,5.983,7.2,1
0.0,2.6150007,1.2850006,6.9639983,0.074999996,0.074999996,5.7569985,7.2,1
0.0,0.40500006,0.56499994,-0.36100006,0.8549999,2.1550007,5.8829985,7.2,1
0.0,3.0449994,10.485003,9.972997,0.054999992,1.2149994,3.2580006,7.2,1
0.0,0.23499992,0.4649999,2.1440008,0.6550001,1.6950005,5.914002,7.2,1
0.0,1.3050005,4.354998,3.5750008,0.96999985,3.8349993,2.9969997,7.2,1
0.0,10.45,2.51,6.284,0.0,0.0,2.883,7.2,1
0.0,0.88499993,2.9250007,4.6149983,0.0,0.074999996,3.0429993,7.2,1
0.0,1.4549994,0.56499994,4.262998,0.47499993,1.6649995,2.9099994,7.2,1
0.0,0.27499998,0.49500006,0.8359999,0.6049999,0.32500008,2.8520007,7.2,1
0.0,1.96,2.61,37.717,0.48,3.04,3.23,7.2,1
0.0,0.86499995,1.5349995,5.2049985,0.074999996,0.0,3.3749993,7.2,1
0.0,2.3950007,2.5449994,2.5489993,1.0750005,7.9750013,3.1850007,7.2,1
0.0,0.53,0.53,29.432,0.69,2.11,5.781,7.2,1
0.0,0.50500005,1.5449995,2.9149992,0.8349999,2.0850008,5.0889983,7.2,1
0.0,0.42500007,0.31499994,0.8209999,0.074999996,0.0,3.0330007,7.2,1
0.0,1.4349995,1.5850005,0.26399994,0.63499993,2.7450006,3.2550006,7.2,1
0.0,0.71,0.72,17.202,0.13,0.57,6.193,7.2,1
0.0,0.39500007,2.1249993,2.8409994,1.2050005,3.0550008,5.8099985,7.2,1
0.0,2.2750006,2.7750006,0.88299996,0.074999996,0.0,2.7450006,7.2,1
0.0,1.3049995,1.4550005,1.5270005,0.94499993,3.8250008,3.1750007,7.2,1
0.0,0.7350001,3.7549994,4.820998,1.0850005,4.8649983,5.9689984,7.2,1
0.0,7.32,3.37,43.285,0.51,22.08,5.913,7.2,1
0.0,2.3349993,2.6749992,18.791002,0.074999996,0.074999996,3.2029994,7.2,1
0.0,2.1550007,2.3049994,0.6499999,0.42499992,2.0350006,2.6250007,7.2,1
0.0,0.31499994,3.1349993,1.9820002,0.0,0.074999996,2.6149993,7.2,1
0.0,1.2750006,2.2449994,9.770003,0.22499993,0.43500006,2.8879993,7.2,1
0.0,9.36,2.94,17.46,1.15,20.08,5.939,7.2,1
0.0,1.9249995,0.7749999,2.4149992,1.1150005,2.3550007,3.2680006,7.2,1
0.0,1.7150005,3.5550008,11.022003,1.1749995,13.944997,3.1399994,7.2,1
0.0,7.61,3.39,11.115,0.0,0.0,3.97,7.2,1
0.0,0.105,0.14499998,0.49700004,0.074999996,0.074999996,4.972001,7.2,1
0.0,11.03,2.58,15.355,0.14,2.15,5.975,7.2,1
0.0,3.6350007,1.8450005,7.835,0.074999996,0.0525,5.441,7.2,1
0.0,0.53499997,1.2750006,7.1789985,0.63499993,4.1350017,6.171002,7.2,1
0.0,1.0749995,1.2550005,3.0829992,0.074999996,0.0,5.453998,7.2,1
0.0,0.9250001,8.754997,3.0160007,0.0,0.0,3.1659994,7.2,1
0.0,1.83,0.57,10.722,0.0,0.0,5.859,7.2,1
0.0,6.95,3.1,17.014,0.0,0.0,5.748,7.2,1
0.0,0.94499993,2.1150007,7.032998,0.074999996,0.0,3.3209994,7.2,1
0.0,1.13,1.14,24.965,1.07,3.75,3.097,7.2,1
0.0,1.32,1.32,15.135,0.0,0.0,3.267,7.2,1
0.0,1.15,3.98,24.317,0.86,20.91,6.11,7.2,1
0.0,0.18499994,0.20499992,2.7280006,0.074999996,0.074999996,3.1389992,7.2,1
0.0,4.9549985,5.185002,5.448002,0.955,25.887503,5.4099984,7.2,1
0.0,2.7049994,12.6950035,9.942997,0.0,0.0,3.8269994,7.2,1
0.0,0.5949999,1.0049995,3.4170008,0.074999996,0.074999996,3.3389993,7.2,1
0.0,7.4,2.9,9.277,0.93,8.63,3.21,7.2,1
0.0,2.0850008,2.3950007,3.3689992,0.074999996,0.0,3.0550008,7.2,1
0.0,0.5949999,1.4249995,4.8519983,0.074999996,0.0,3.3819993,7.2,1
0.0,0.87500006,1.0350002,1.2640005,1.1050005,5.5749984,5.702998,7.2,1
0.0,3.2050006,1.8050005,19.390003,1.3,24.214996,6.0090017,7.2,1
0.0,1.7849995,1.9350005,0.014,0.074999996,0.0,2.9900007,7.2,1
0.0,2.9850006,3.6349993,0.97599995,0.074999996,0.0,3.2280006,7.2,1
0.0,0.0,0.07,0.111,0.074999996,0.0,2.4750006,7.2,1
0.0,1.7000002,6.4049983,10.111999,0.5749999,4.969999,5.952998,7.2,1
0.0,1.2149994,5.995002,7.7390018,0.074999996,0.0,5.8659983,7.2,1
0.0,0.50499994,2.6750007,8.218003,0.115000054,1.6550006,5.6040015,7.2,1
0.0,2.7850006,1.7950006,9.264003,1.2650006,11.184997,3.3399994,7.2,1
0.0,14.81,4.76,26.435,0.0,0.0,5.565,7.2,1
0.0,2.2450006,2.3449998,3.7599993,1.1450006,8.045003,3.1970007,7.2,1
0.0,2.5849993,11.405003,15.661003,1.015,14.864997,6.1939983,7.2,1
0.0,4.855002,10.734997,51.737003,0.0,0.0,6.079002,7.2,1
0.0,6.09,1.91,6.05,0.46,2.78,3.168,7.2,1
0.0,1.39,2.47,25.556,0.0,0.0,2.642,7.2,1
0.0,1.1050005,3.8949993,5.8859982,0.0,0.074999996,3.0859993,7.2,1
0.0,10.23,2.56,14.779,0.36,5.32,5.796,7.2,1
0.0,2.77,2.77,60.565,0.16,1.9,4.286,7.2,1
0.0,0.87499994,4.3449984,11.870003,0.0,0.074999996,4.2660017,7.2,1
0.0,2.1949992,9.785003,12.0110035,0.074999996,0.0,5.6259985,7.2,1
0.0,2.1450007,1.2550005,7.143998,0.059999995,0.0,3.3269994,7.2,1
0.0,1.9450005,6.8449984,5.3380017,0.075000025,0.7150001,2.7390006,7.2,1
0.0,0.88000005,0.54499996,5.4889984,1.1950005,6.3050017,6.1890016,7.2,1
0.0,12.9,3.4,20.183,0.54,10.9,5.936,7.2,1
0.0,1.2049994,1.7350005,-0.17000008,0.074999996,0.0,2.9870007,7.2,1
0.0,1.78,0.51,10.761,0.51,5.49,6.046,7.2,1
0.0,0.50499994,1.5549995,4.828998,0.6049999,2.5250006,3.0839994,7.2,1
0.0,2.83,0.75,8.782,1.01,8.87,3.103,7.2,1
0.0,8.91,2.99,6.651,0.57,3.79,2.783,7.2,1
0.0,1.6549995,0.87499994,4.7669983,0.81499994,3.6549993,6.0670004,7.2,1
0.0,0.034999996,0.18499994,-0.21400008,0.76500005,0.4650001,5.9110017,7.2,1
0.0,1.7750006,2.7549994,13.253003,0.44500005,2.6249993,2.9589994,7.2,1
0.0,0.93499994,3.0250006,5.341998,0.0,0.074999996,3.1879992,7.2,1
0.0,1.48,1.49,15.814,0.0,0.0,3.266,7.2,1
0.0,0.7149999,1.1549995,3.8170006,0.79499996,2.7250006,3.2649994,7.2,1
0.0,0.47,0.98,12.32,1.26,3.47,5.853,7.2,1
0.0,0.9849996,1.1350005,0.7619999,0.0,0.0,5.393998,7.2,1
0.0,3.5550008,3.7149994,0.32899994,0.28499994,2.2550006,2.9840007,7.2,1
0.0,3.12,1.12,3.738,0.0,0.0,3.368,7.2,1
0.0,1.4150006,4.2249985,4.2919984,0.0,0.074999996,3.3339994,7.2,1
0.0,0.6449999,2.1150007,5.2379985,1.1849995,6.765002,3.4169993,7.2,1
0.0,5.374998,3.3049994,4.881002,0.074999996,0.0,2.9670007,7.2,1
0.0,0.935,0.7149999,5.927998,0.074999996,0.074999996,6.0190015,7.2,1
0.0,14.46,3.73,12.251,0.47,5.76,3.284,7.2,1
0.0,1.4849994,0.73499995,3.9389994,0.88499993,3.2049994,5.7799983,7.2,1
0.0,0.8949999,3.1849992,12.117003,0.23500007,3.8099997,5.8530016,7.2,1
0.0,0.30500007,0.22499993,0.9269999,0.0,0.0,5.604998,7.2,1
0.0,1.3349994,0.7049999,8.093003,0.0,0.074999996,5.868002,7.2,1
0.0,0.21499993,0.22499993,3.9400003,1.0350002,0.48499992,3.1319993,7.2,1
0.0,1.4650005,5.0749984,4.5139985,0.0,0.074999996,3.3459997,7.2,1
0.0,0.075000025,0.075000025,0.28199995,0.0,0.0,5.8719983,7.2,1
0.0,1.58,1.59,24.859,0.54,2.79,3.269,7.2,1
0.0,4.894998,5.814998,3.1609993,0.20499992,2.0050006,3.1430006,7.2,1
0.0,4.6,1.38,13.092,0.2,2.62,2.846,7.2,1
0.0,0.94499993,0.7149999,5.9289985,0.30499995,1.4550005,5.961002,7.2,1
0.0,0.37499994,0.57500005,0.90200007,0.074999996,0.074999996,2.2459993,7.2,1
0.0,0.67,0.67,12.472,0.0,0.0,3.279,7.2,1
0.0,1.6349995,11.564997,5.382002,0.63500005,3.6950006,3.1789994,7.2,1
0.0,1.4750005,2.3049994,13.1030035,0.28499994,2.6950006,6.0110016,7.2,1
0.0,2.3350008,1.2650006,7.1159987,0.074999996,0.074999996,6.057998,7.2,1
0.0,0.74,0.75,43.605,0.92,4.09,6.009,7.2,1
0.0,3.86,3.86,-0.145,0.31,7.25,6.059,7.2,1
0.0,1.6449995,1.8050005,2.0919993,0.9749999,8.885003,5.7139983,7.2,1
0.0,1.6450006,1.9349996,5.1640005,1.1350005,5.5350018,3.28,7.2,1
0.0,11.32,2.85,7.658,0.0,0.0,2.745,7.2,1
0.0,2.8049994,14.725003,16.387997,0.63500005,11.654997,5.899998,7.2,1
0.0,1.89,1.89,52.171,0.41,2.41,3.109,7.2,1
0.0,7.36,2.61,11.458,0.0,0.0,4.39,7.2,1
0.0,5.0650015,12.595003,15.971003,1.1650006,17.415003,3.1410007,7.2,1
0.0,0.53499997,5.2950015,6.8389983,0.14500007,1.5950005,5.5190015,7.2,1
0.0,0.74500006,0.8949999,1.4600005,0.074999996,0.0,4.4029984,7.2,1
0.0,2.7950006,2.9549994,3.1899993,0.074999996,0.074999996,3.9340003,7.2,1
0.0,2.9650006,3.1249993,2.6229994,0.074999996,0.074999996,3.1840007,7.2,1
0.0,3.3,3.3,51.756,0.0,0.0,3.055,7.2,1
0.0,0.5950001,0.74499995,-0.44900006,0.074999996,0.0,3.0880008,7.2,1
0.0,21.37,6.4,39.267,0.14,5.5,6.145,7.2,1
0.0,0.675,0.7749999,9.5700035,0.98499995,3.8549993,6.1030016,7.2,1
0.0,0.94,0.95,29.772,0.0,0.0,5.95,7.2,1
0.0,0.41499993,1.0550004,5.1059985,0.44500005,2.7649994,5.362002,7.2,1
0.0,4.8250017,16.735003,27.675997,0.43499994,9.865003,5.735998,7.2,1
0.0,0.88500005,2.7450006,5.9730015,0.7649999,3.9949987,6.0689983,7.2,1
0.0,10.43,4.09,11.361,0.48,5.45,3.062,7.2,1
0.0,1.82,1.83,70.462,0.24,2.59,5.934,7.2,1
0.0,0.8349999,2.2549994,13.311003,0.074999996,0.074999996,6.244002,7.2,1
0.0,0.6550001,1.9950005,4.119002,0.074999996,0.0,5.4649982,7.2,1
0.0,0.35500008,0.5149999,0.33899993,0.074999996,0.0,6.064998,7.2,1
0.0,1.5950005,4.9749985,4.7039995,0.03,0.074999996,3.0990002,7.2,1
0.0,0.76500005,0.80500007,2.4789994,1.2050005,5.5949984,5.9039984,7.2,1
0.0,0.57500005,3.3949993,1.7500005,0.68499994,2.2850006,5.8829985,7.2,1
0.0,0.22500008,0.22500008,0.36799994,0.0,0.0,2.5250006,7.2,1
0.0,19.31,5.38,19.354,0.86,16.64,4.912,7.2,1
0.0,2.76,2.77,38.533,0.97,8.73,3.262,7.2,1
0.0,0.9549999,3.3249996,10.639003,0.0,0.074999996,3.9849994,7.2,1
0.0,0.7649999,1.7049994,2.1160007,0.45499992,0.9049999,3.1000006,7.2,1
0.0,1.2949995,1.4450005,-0.033,0.42499992,2.5450006,5.379998,7.2,1
0.0,1.0549995,1.2150005,2.1339993,0.074999996,0.0,5.933998,7.2,1
0.0,2.3550007,2.5149994,2.2609994,0.074999996,0.074999996,4.722998,7.2,1
0.0,3.9150007,4.0650015,0.9369999,0.074999996,0.0,3.2490005,7.2,1
0.0,3.0549998,3.1149993,28.327003,0.48999995,4.4050016,3.3749995,7.2,1
0.0,14.4450035,12.234997,17.053997,0.68499994,10.434997,5.6609983,7.2,1
0.0,3.56,9.6,58.892,0.0,0.0,6.141,7.2,1
0.0,2.7549994,6.164998,8.540997,0.074999996,0.074999996,3.0840006,7.2,1
0.0,7.49,7.49,253.23,0.78,35.48,6.072,7.2,1
0.0,2.1150007,0.7149999,3.7689993,0.074999996,0.074999996,5.787998,7.2,1
0.0,3.2550006,9.714997,4.6610017,0.93499994,16.775003,5.807998,7.2,1
0.0,1.85,2.65,36.432,0.0,0.0,3.148,7.2,1
0.0,0.97999996,1.005,6.2859983,0.074999996,0.0,3.3679993,7.2,1
0.0,14.98,3.07,9.988,0.81,8.09,3.253,7.2,1
0.0,1.0450003,2.2650006,4.6110015,0.94499993,3.8750007,4.6009984,7.2,1
0.0,0.8899999,0.9149999,5.609998,0.074999996,0.0,3.1769993,7.2,1
0.0,2.89,2.9,138.814,0.37,6.27,5.86,7.2,1
0.0,15.64,6.08,15.821,0.59,9.33,3.229,7.2,1
0.0,1.93,2.09,101.954,0.0,0.0,5.66,7.2,1
0.0,0.7649999,2.3450007,7.5489984,0.074999996,0.0,3.2379994,7.2,1
0.0,2.71,6.61,39.859,0.88,35.08,6.039,7.2,1
0.0,1.0550004,2.4350007,7.978002,0.49499992,3.3200006,3.2959993,7.2,1
0.0,0.88499993,2.7350006,6.4709983,0.86500007,6.225002,2.9839993,7.2,1
0.0,0.7149999,3.1899996,5.2919984,0.0,0.074999996,3.4089994,7.2,1
0.0,1.63,1.64,45.826,0.94,8.53,5.57,7.2,1
0.0,0.68499994,2.2500002,6.624998,0.69499993,4.0749984,3.5649993,7.2,1
0.0,1.3749995,1.5250006,1.1540005,0.074999996,0.0,3.2100008,7.2,1
0.0,8.66,1.74,10.013,1.03,10.31,5.755,7.2,1
0.0,0.9150001,0.69499993,5.6949983,0.38499996,2.035,5.903002,7.2,1
0.0,1.2449995,0.69499993,3.6909993,0.074999996,0.074999996,5.756998,7.2,1
0.0,4.01,1.83,23.693,0.0,0.0,5.908,7.2,1
0.0,2.0,3.42,54.045,0.71,4.14,2.917,7.2,1
0.0,5.91,1.23,3.915,0.81,3.17,3.209,7.2,1
0.0,3.3649993,7.0149984,19.390997,1.3,24.024998,5.795998,7.2,1
0.0,0.4649999,1.0450003,5.8449984,0.42499992,2.1449993,6.178002,7.2,1
0.0,1.1350005,4.664998,3.3710008,0.0,0.074999996,3.3259993,7.2,1
0.0,1.2699997,0.6049999,7.655998,0.0,0.074999996,6.0220017,7.2,1
0.0,1.0149995,0.35499993,3.4770007,1.1850005,4.015,3.3339994,7.2,1
0.0,3.98,1.51,13.003,0.66,8.58,3.267,7.2,1
0.0,2.51,0.77,15.861,0.0,0.0,6.319,7.2,1
0.0,3.4150007,1.6750005,5.2660017,0.074999996,0.074999996,3.1900008,7.2,1
0.0,2.57,2.58,42.715,0.0,0.0,3.233,7.2,1
0.0,0.50500005,0.38499993,1.7599995,0.074999996,0.0,3.2389994,7.2,1
0.0,3.8350008,2.4849994,12.737003,0.23499992,2.1249993,3.3519993,7.2,1
0.0,2.8949993,12.035003,9.316997,0.86500007,8.764997,3.2020006,7.2,1
0.0,3.4649994,15.085003,20.237001,0.0,0.0,5.907998,7.2,1
0.0,0.74499995,5.6150017,7.5099983,0.9150001,7.585002,3.0259993,7.2,1
0.0,1.8449994,1.0350002,5.5999985,1.1150005,5.975002,3.0309994,7.2,1
0.0,0.115000054,0.12500007,0.50499994,0.0,0.0,5.782998,7.2,1
0.0,0.09500001,0.06500001,0.26399994,0.044999998,0.0075,2.8610008,7.2,1
0.0,10.46,3.09,7.42,0.63,4.67,2.576,7.2,1
0.0,1.1150005,3.3149993,12.376003,0.5950001,8.414997,5.633002,7.2,1
0.0,2.92,1.23,8.622,0.0,0.0,2.953,7.2,1
0.0,0.6450001,0.32499993,2.2930007,1.1350005,2.4500005,3.3639994,7.2,1
0.0,0.48500007,0.23499992,0.6309999,0.0,0.0,3.6320007,7.2,1
0.0,0.8349999,2.8449993,8.768003,0.8550001,8.294997,3.9029994,7.2,1
0.0,2.6450007,2.7850006,5.982002,1.005,14.615003,5.7329984,7.2,1
0.0,1.4950005,5.5149984,4.4579997,0.0,0.074999996,3.1949997,7.2,1
0.0,0.88500005,0.7049999,3.0880008,0.6049999,1.6049994,3.3699994,7.2,1
0.0,2.2649994,8.895003,6.9980016,0.0,0.0,3.0860007,7.2,1
0.0,0.68499994,1.7149994,4.453998,0.37500006,1.965,3.2199993,7.2,1
0.0,0.79499996,2.5149994,14.7020035,0.5749999,7.314998,6.131002,7.2,1
0.0,1.8049995,10.125003,6.106002,0.6650001,4.3849983,3.2829993,7.2,1
0.0,12.29,2.77,16.67,0.0,0.0,6.04,7.2,1
0.0,3.0350006,1.8150005,7.6300015,0.31999996,2.2649994,5.1719985,7.2,1
0.0,0.39499992,1.2250005,6.5819983,1.0349995,7.4650016,5.914002,7.2,1
0.0,1.1149995,0.7149999,3.8220007,0.074999996,0.0,3.3499994,7.2,1
0.0,2.2249994,9.345003,6.7200017,1.1549995,8.244997,3.0160007,7.2,1
0.0,7.63,7.79,326.749,0.0,0.0,6.083,7.2,1
0.0,7.63,3.54,11.322,0.0,0.0,3.207,7.2,1
0.0,9.47,2.19,6.372,0.0,0.0,2.923,7.2,1
0.0,3.6,1.48,3.847,0.39,1.5,3.078,7.2,1
0.0,3.46,0.96,20.058,0.39,7.82,5.797,7.2,1
0.0,2.8349993,3.4949994,17.132004,0.55500007,3.8349993,2.2369993,7.2,1
0.0,7.74,2.87,7.573,0.69,5.23,2.981,7.2,1
0.0,2.2550006,2.4049993,1.0360003,0.074999996,0.074999996,5.8579984,7.2,1
0.0,0.9749999,1.7249994,2.6590006,0.22499993,0.48499992,2.9630008,7.2,1
0.0,0.9849996,3.3149993,0.63799995,0.074999996,0.0,2.8420007,7.2,1
0.0,3.65,1.22,10.858,0.65,7.06,2.975,7.2,1
0.0,0.6650001,0.49499992,4.3709984,0.074999996,0.0,6.0830016,7.2,1
0.0,1.62,1.7050005,14.776003,0.074999996,0.0,3.6969993,7.2,1
0.0,2.1550007,2.3149993,0.9879999,0.074999996,0.0,3.1820006,7.2,1
0.0,0.8349999,2.1550007,6.3239985,0.074999996,0.0,3.1569993,7.2,1
0.0,7.85,2.16,12.889,0.35,4.51,5.967,7.2,1
0.0,5.8,1.31,7.684,0.0,0.0,5.866,7.2,1
0.0,1.7049994,1.9350005,0.44999993,1.0850005,5.7049985,3.1410007,7.2,1
0.0,2.6149993,5.164998,14.961999,0.074999996,0.074999996,5.8099985,7.2,1
0.0,12.39,3.28,17.431,0.0,0.0,6.052,7.2,1
0.0,1.4749994,0.79499996,9.3200035,0.28,2.7049994,6.1360016,7.2,1
0.0,2.0449998,8.265003,6.2950015,0.7850001,5.4250016,3.0820007,7.2,1
0.0,2.23,0.78,13.212,1.26,16.65,5.925,7.2,1
0.0,4.03,4.04,219.127,0.83,18.33,5.479,7.2,1
0.0,1.2250005,5.0349984,3.4920006,0.65500003,2.5,3.1769993,7.2,1
0.0,0.63499993,2.2749994,13.148003,0.6549999,7.745002,6.085002,7.2,1
0.0,5.794998,3.5349994,6.494002,0.074999996,0.0,3.0870006,7.2,1
0.0,0.9849996,0.50499994,3.2920008,0.0,0.014999997,3.2509995,7.2,1
0.0,7.82,2.27,6.339,0.13,0.82,2.805,7.2,1
0.0,2.29,0.6,13.564,1.1,14.92,5.923,7.2,1
0.0,0.74500006,0.7249999,4.1689982,0.044999998,0.015,5.447002,7.2,1
0.0,1.6249995,1.7750006,1.4630005,0.074999996,0.0,3.0340006,7.2,1
0.0,0.5949999,2.2449994,10.326003,0.31500006,4.1350017,5.8860016,7.2,1
0.0,2.3450007,1.4950005,14.620003,0.015,0.074999996,6.1470017,7.2,1
0.0,2.5750008,1.1750005,8.571003,0.074999996,0.0,3.3379993,7.2,1
0.0,3.0649993,6.2849984,17.144997,0.074999996,0.074999996,5.6339984,7.2,1
0.0,1.89,4.04,81.892,0.0,0.0,5.819,7.2,1
0.0,3.2549994,11.775003,18.584997,0.68499994,11.364997,5.7459984,7.2,1
0.0,2.9350007,1.5250006,4.9430017,0.074999996,0.0,3.2820008,7.2,1
0.0,3.93,1.93,12.051,1.03,12.41,3.066,7.2,1
0.0,0.41499993,0.8350001,2.7710006,0.88499993,2.2350006,3.2369993,7.2,1
0.0,1.82,2.05,24.139,0.0,0.0,3.132,7.2,1
0.0,12.44,2.59,8.536,0.0,0.0,3.401,7.2,1
0.0,2.3350008,1.5050005,6.811002,0.5749999,3.4449992,5.585998,7.2,1
0.0,1.2549995,0.5749999,7.189998,0.074999996,0.074999996,5.5370016,7.2,1
0.0,1.34,1.34,23.842,0.0,0.0,3.246,7.2,1
0.0,1.2949995,3.0649993,-0.20500007,0.074999996,0.0,5.6539984,7.2,1
0.0,1.8649995,1.1150005,8.148003,0.0,0.074999996,4.3140016,7.2,1
0.0,2.9,1.23,17.393,0.0,0.0,5.998,7.2,1
0.0,2.2449994,7.604998,13.133003,0.074999996,0.0,6.011998,7.2,1
0.0,2.8449993,10.705003,16.963997,0.61499995,9.194997,6.0219984,7.2,1
0.0,0.735,0.29499993,4.1799984,0.022499999,0.0,5.9850016,7.2,1
0.0,1.7550005,4.3850017,26.397003,1.2050005,29.984997,6.231002,7.2,1
0.0,1.6349995,0.61499995,5.3189983,0.074999996,0.0,3.2289994,7.2,1
0.0,0.7649999,3.2250006,9.081003,0.9150001,9.134997,3.7819993,7.2,1
0.0,1.4549994,0.94499993,4.894998,0.0,0.0,3.3229992,7.2,1
0.0,4.21,1.89,10.836,0.0,0.0,5.764,7.2,1
0.0,0.68499994,1.5549995,5.1069984,0.40499994,1.6349995,3.2739992,7.2,1
0.0,3.08,0.97,17.817,0.0,0.0,5.785,7.2,1
0.0,1.6749995,3.2849994,0.9409999,1.1750005,11.655003,6.019998,7.2,1
0.0,2.6249993,7.4049983,13.448997,0.074999996,0.0,5.169998,7.2,1
0.0,0.7849999,2.2950006,2.1850007,0.14500007,0.5749999,3.1080008,7.2,1
0.0,3.6749992,14.855003,22.296997,0.55500007,14.074997,6.097998,7.2,1
0.0,1.3950006,7.4649982,3.8300006,0.0,0.0,3.0329993,7.2,1
0.0,5.42,2.2,9.462,0.82,7.76,4.321,7.2,1
0.0,0.7350001,0.8949999,0.8299999,0.074999996,0.0,5.8039985,7.2,1
0.0,0.40499994,4.334998,5.491998,0.0,0.074999996,7.3050017,7.2,1
0.0,1.6049994,1.7649996,2.0949993,0.9749999,4.2649984,2.7970006,7.2,1
0.0,1.3150005,3.8750007,3.7790008,0.0,0.074999996,3.1829994,7.2,1
0.0,1.8949995,0.9549999,11.762003,1.1349995,14.394997,6.0840015,7.2,1
0.0,4.86,1.08,3.442,0.43,1.48,3.187,7.2,1
0.0,0.115000024,0.115,0.34400007,0.074999996,0.022499999,2.6939993,7.2,1
0.0,1.0349995,0.79499996,6.2779984,1.0200001,6.1750016,5.798002,7.2,1
0.0,2.49,0.91,14.923,0.0,0.0,5.993,7.2,1
0.0,2.3050008,2.4549994,2.4119992,0.074999996,0.0,2.4900007,7.2,1
0.0,0.99499995,1.9350005,8.178003,0.074999996,0.0,4.5360017,7.2,1
0.0,0.78,0.78,31.879,0.0,0.0,5.826,7.2,1
0.0,1.3549994,0.61499995,5.274998,0.074999996,0.074999996,3.8159993,7.2,1
0.0,1.4150006,3.4550006,4.0199986,0.945,3.9649997,3.06,7.2,1
0.0,0.48499992,1.9049995,1.8569995,0.43000004,0.9649999,2.0270002,7.2,1
0.0,3.5,1.25,3.509,0.62,2.18,3.078,7.2,1
0.0,0.38500008,1.1699996,0.43599993,0.30499995,0.115000054,1.7549995,7.2,1
0.0,2.1050007,2.1050007,5.2350016,0.8349999,10.045003,6.0339985,7.2,1
0.0,1.2699996,0.6449999,7.6619983,0.0,0.074999996,5.8920016,7.2,1
0.0,0.23500004,1.4750005,0.90199995,0.35500002,0.24500006,3.0990002,7.2,1
0.0,2.8450007,1.4250005,7.9089985,1.0450003,7.8150015,6.033002,7.2,1
0.0,3.8649993,16.515003,17.927004,0.074999996,0.0,4.6749983,7.2,1
0.0,0.94499993,2.8550007,10.370003,0.0,0.074999996,5.631002,7.2,1
0.0,0.37000003,1.8649997,2.3230007,0.074999996,0.0,5.919998,7.2,1
0.0,0.7649999,2.2450006,2.1090007,0.0,0.0,3.0900006,7.2,1
0.0,0.55499995,1.7550005,9.889003,0.074999996,0.074999996,6.041002,7.2,1
0.0,3.04,1.22,14.568,0.0,0.0,4.792,7.2,1
0.0,0.63499993,0.96499974,3.2210007,0.074999996,0.074999996,3.2749994,7.2,1
0.0,3.58,0.74,2.428,0.35,0.85,3.281,7.2,1
0.0,6.56,2.09,4.381,0.97,4.25,2.826,7.2,1
0.0,0.5850001,1.7950006,-0.5070001,1.2850006,3.7650006,4.7309985,7.2,1
0.0,1.9549999,2.0549996,15.396003,0.044999998,0.074999996,3.3399994,7.2,1
0.0,1.71,1.71,86.166,0.32,3.0,5.487,7.2,1
0.0,2.7749994,7.734998,8.883997,0.25499994,1.5149995,3.1880007,7.2,1
0.0,2.1150007,2.2649994,5.9640017,0.20999995,1.9049999,5.768998,7.2,1
0.0,0.8899999,0.9049999,4.190998,0.074999996,0.067499995,2.0150003,7.2,1
0.0,0.6449999,2.1350007,6.881998,0.074999996,0.074999996,3.2229993,7.2,1
0.0,21.2,7.1,38.708,0.0,0.0,5.46,7.2,1
0.0,0.14999998,0.12500001,0.43,0.55499995,0.26999995,3.1459994,7.2,1
0.0,1.2650006,2.6749992,11.8270035,0.0,0.022499999,5.9380016,7.2,1
0.0,2.37,2.38,62.038,0.0,0.0,6.091,7.2,1
0.0,0.21,0.17499995,1.1839994,0.015,0.037499998,6.0700016,7.2,1
0.0,1.3249995,0.48499992,4.103998,0.074999996,0.0,3.0599992,7.2,1
0.0,1.73,0.66,10.515,0.0,0.0,6.078,7.2,1
0.0,5.34,1.54,8.501,1.21,10.29,5.556,7.2,1
0.0,0.5250001,0.23499992,1.9189994,0.074999996,0.0,3.3979993,7.2,1
0.0,2.22,3.58,47.483,0.0,0.0,2.833,7.2,1
0.0,0.81499994,2.9649994,15.840003,0.61499995,8.515003,5.6010017,7.2,1
0.0,7.1,2.35,8.561,1.02,8.73,3.643,7.2,1
0.0,0.61500007,0.48499992,3.4520006,0.47499993,1.3349994,5.1870017,7.2,1
0.0,0.55500007,0.42499992,2.2130008,0.074999996,0.0,3.7069993,7.2,1
0.0,1.8250005,4.004998,13.316003,1.1049994,15.874997,3.3569994,7.2,1
0.0,1.7049994,1.8650005,-0.36500007,0.074999996,0.0,5.9909983,7.2,1
0.0,2.1350007,1.0850005,3.2679994,1.0250001,2.9550006,3.0860007,7.2,1
0.0,1.4949995,1.6450006,0.18899994,1.1850005,10.305003,5.8789983,7.2,1
0.0,0.49499992,1.1549995,3.951,1.2850006,4.9450016,3.3479993,7.2,1
0.0,2.01,0.71,12.048,0.0,0.0,5.994,7.2,1
0.0,1.5350006,3.3349993,16.483004,0.94499993,16.964996,5.844002,7.2,1
0.0,0.28499994,0.4649999,2.2650006,0.0,0.074999996,6.0750017,7.2,1
0.0,2.8750007,1.8050005,9.531003,0.8349999,7.375002,3.3309994,7.2,1
0.0,6.27,2.82,6.764,0.0,0.0,3.131,7.2,1
0.0,7.74,3.86,11.062,0.81,8.96,2.873,7.2,1
0.0,1.6850005,5.734998,8.945,0.44499993,3.2250006,5.471998,7.2,1
0.0,0.7249999,1.8749995,2.0030005,0.0075,0.06,3.0990007,7.2,1
0.0,6.72,6.73,372.259,0.63,25.67,6.063,7.2,1
0.0,2.9750006,3.1349993,3.4059994,0.074999996,0.074999996,3.1840007,7.2,1
0.0,2.61,2.61,49.587,0.0,0.0,5.343,7.2,1
0.0,9.12,2.36,14.195,0.97,13.77,6.015,7.2,1
0.0,16.72,3.69,21.903,0.29,6.35,5.952,7.2,1
0.0,4.11,0.95,5.638,0.77,4.34,5.935,7.2,1
0.0,5.55,5.56,232.099,0.57,18.98,5.998,7.2,1
0.0,9.51,2.84,13.225,0.0,0.0,5.652,7.2,1
0.0,1.7649995,0.5749999,5.9949985,1.0850005,6.205002,3.3739994,7.2,1
0.0,1.1450006,5.1849985,11.336003,0.0,0.0,3.2539992,7.2,1
0.0,1.2750006,2.6050007,3.995999,1.3,5.3050017,3.38,7.2,1
0.0,0.65500003,2.0450006,3.8389993,0.074999996,0.0,5.301998,7.2,1
0.0,1.6949995,2.3550007,0.57899994,0.074999996,0.0,2.8160007,7.2,1
0.0,3.0749993,12.505003,9.852997,1.0049995,10.634997,3.1840007,7.2,1
0.0,1.2649995,1.7550005,-0.056999996,0.074999996,0.0,2.3820007,7.2,1
0.0,1.965,2.395,3.3629994,0.074999996,0.014999997,4.118998,7.2,1
0.0,0.24499993,0.43500006,1.4889995,1.3,2.0150003,3.1419992,7.2,1
0.0,1.0350002,3.1949992,13.187003,0.86499995,10.5549965,4.3390017,7.2,1
0.0,4.07,1.12,6.692,0.0,0.0,5.975,7.2,1
0.0,3.1399996,3.1849992,25.103003,0.0,0.074999996,0.89299995,7.2,1
0.0,0.34499994,2.3750007,6.8889985,0.074999996,0.074999996,3.9269993,7.2,1
0.0,1.0049999,0.53499997,6.1359982,1.1850003,7.1550016,6.164002,7.2,1
0.0,1.0649997,3.2150006,6.5370016,0.23499992,0.95499986,5.7469983,7.2,1
0.0,0.40500006,0.53499997,1.0180001,1.3,3.6250007,5.9959984,7.2,1
0.0,3.1049993,13.155003,9.948997,0.4650001,5.254998,3.1840007,7.2,1
0.0,1.4349995,1.7449995,2.0010004,0.40499994,1.5049995,3.0940006,7.2,1
0.0,24.83,5.59,31.442,0.0,0.0,6.058,7.2,1
0.0,2.7150006,1.8250005,10.088003,0.87999994,8.404997,3.7179992,7.2,1
0.0,2.3850007,1.015,9.147003,0.9149999,7.8250017,3.8239994,7.2,1
0.0,3.23,0.94,7.758,0.22,1.71,2.402,7.2,1
0.0,2.05,0.53,12.44,0.0,0.0,6.068,7.2,1
0.0,5.83,2.94,6.839,0.0,0.0,3.181,7.2,1
0.0,0.925,13.370001,4.5429983,0.0,0.0,4.988002,7.2,1
0.0,3.17,1.08,18.986,0.21,3.99,5.989,7.2,1
0.0,1.6649995,2.6549993,1.6630006,0.92499995,8.515003,5.734998,7.2,1
0.0,1.33,1.36,28.205,0.0,0.0,2.752,7.2,1
0.0,2.7150006,2.7250006,7.6800017,1.2750006,19.725002,5.8399982,7.2,1
0.0,3.7349994,14.895003,11.935997,0.074999996,0.0,3.1660006,7.2,1
0.0,1.8949995,3.3050008,1.5520005,0.074999996,0.0,3.0020006,7.2,1
0.0,0.18500006,0.20500007,0.30099994,0.13500005,0.20500007,5.8399982,7.2,1
0.0,6.05,1.26,4.238,0.46,1.95,3.39,7.2,1
0.0,1.7649995,0.92499995,10.9780035,0.0,0.074999996,6.0820017,7.2,1
0.0,2.93,1.06,17.777,0.4,7.11,6.067,7.2,1
0.0,1.2049994,0.69499993,2.029,0.074999996,0.074999996,3.0770006,7.2,1
0.0,1.06,1.07,43.121,1.11,6.87,5.842,7.2,1
0.0,1.015,2.8749993,16.210003,0.7249999,10.634998,5.9970016,7.2,1
0.0,0.87,0.87,41.862,0.0,0.0,5.547,7.2,1
0.0,5.03,2.52,16.099,0.0,0.0,3.201,7.2,1
0.0,1.5150006,4.2149982,13.931003,0.0,0.0,3.3399994,7.2,1
0.0,0.9749999,2.8549993,16.668003,1.0650004,16.505003,6.119002,7.2,1
0.0,1.2850006,1.5850005,11.630003,0.074999996,0.0,3.2019994,7.2,1
0.0,1.1449995,0.6549999,3.4779994,0.48499992,1.4750005,5.894998,7.2,1
0.0,1.3649995,1.5250006,2.2929993,0.074999996,0.0,3.2370007,7.2,1
0.0,1.3149995,1.4650005,-0.27200007,1.2650006,6.9349985,4.1609983,7.2,1
0.0,2.4850006,2.8150008,2.6869993,0.73499995,5.0349984,2.9480007,7.2,1
0.0,2.95,0.97,5.805,0.31,1.8,5.985,7.2,1
0.0,0.50499994,1.7149994,4.2069983,0.074999996,0.074999996,2.9679992,7.2,1
0.0,1.0550004,4.9549985,2.9900007,0.0075,0.074999996,3.2029994,7.2,1
0.0,2.83,2.84,117.551,0.76,12.91,6.004,7.2,1
0.0,3.1549993,7.1949983,10.156997,0.67499995,5.9749985,3.1980007,7.2,1
0.0,2.0250003,2.035,6.0209985,0.37499994,1.7449995,3.0129993,7.2,1
0.0,1.32,1.32,37.894,0.85,3.39,3.018,7.2,1
0.0,0.7249999,2.2850006,2.0820005,0.18499994,0.15500008,3.3169997,7.2,1
0.0,1.3949995,1.5450006,0.6909999,0.9749999,4.1849985,3.1420007,7.2,1
0.0,0.6649999,1.0950005,5.9709983,0.32500002,2.0749998,6.061002,7.2,1
0.0,6.07,1.73,9.902,0.84,8.32,5.757,7.2,1
0.0,2.1750007,2.3249993,1.9160005,0.44499993,2.6950006,3.2520006,7.2,1
0.0,3.6250007,4.4349985,11.817997,0.6549999,6.8850017,3.0990007,7.2,1
0.0,0.14500007,0.19000003,-0.20400009,0.067499995,0.0,2.4570007,7.2,1
0.0,2.2649994,8.235003,7.219002,0.25500008,2.2850006,3.1870008,7.2,1
0.0,1.51,1.53,48.229,0.0,0.0,3.319,7.2,1
0.0,2.89,2.89,152.191,1.15,20.14,6.061,7.2,1
0.0,1.1850005,3.1350007,6.833998,0.13500006,1.5250006,3.2299993,7.2,1
0.0,1.81,2.23,25.034,0.0,0.0,3.093,7.2,1
0.0,3.33,3.33,102.752,0.0,0.0,3.251,7.2,1
0.0,2.1749992,3.0449994,14.9780035,0.074999996,0.0,3.2439992,7.2,1
0.0,9.01,2.71,6.995,0.0,0.0,2.939,7.2,1
0.0,0.92499995,1.8650005,10.525003,0.9049999,8.874997,6.0300016,7.2,1
0.0,0.69499993,3.0149994,13.232003,0.0,0.074999996,5.738002,7.2,1
0.0,0.7249999,3.2550006,1.9379996,0.42499992,0.62500006,3.1719992,7.2,1
0.0,3.1749992,11.645003,18.555998,0.074999996,0.0,5.886998,7.2,1
0.0,4.99,1.45,4.822,0.71,3.42,3.326,7.2,1
0.0,3.01,1.62,17.38,0.0,0.0,5.774,7.2,1
0.0,0.10500006,0.26499993,-0.4320001,0.0,0.0,5.9530015,7.2,1
0.0,0.40499994,0.92499995,2.6300006,0.059999995,0.074999996,3.2569993,7.2,1
0.0,2.8349993,9.585003,14.7129965,0.074999996,0.0,5.228998,7.2,1
0.0,1.7849995,1.9350005,-0.32500008,0.074999996,0.0,3.5480006,7.2,1
0.0,0.115,0.19999994,0.72700006,0.0075,0.074999996,5.804002,7.2,1
0.0,1.3149995,0.35499993,1.7510005,1.2150005,1.8349994,5.9109983,7.2,1
0.0,0.6750001,0.725,2.2309992,0.50499994,1.8949995,6.0419984,7.2,1
0.0,0.7649999,2.0150003,11.387003,0.074999996,0.074999996,6.014002,7.2,1
0.0,0.95,0.96,42.547,0.0,0.0,5.535,7.2,1
0.0,1.44,1.89,24.202,0.86,3.88,3.136,7.2,1
0.0,2.39,2.39,29.197,0.0,0.0,3.263,7.2,1
0.0,1.5849994,1.7350005,0.63399994,0.32499993,1.2449995,3.1050007,7.2,1
0.0,2.2649994,3.2350006,12.829003,0.074999996,0.074999996,5.8169985,7.2,1
0.0,1.31,1.3950006,8.796003,1.0750005,4.495002,3.4489994,7.2,1
0.0,0.50500005,0.6549999,-0.46300006,0.0,0.0,5.7799983,7.2,1
0.0,2.2049994,9.735003,6.914002,0.0,0.0,3.2859993,7.2,1
0.0,2.77,0.98,10.211,0.6,6.13,3.686,7.2,1
0.0,0.55499995,0.8349999,4.3519983,0.8450001,4.145002,5.9780016,7.2,1
0.0,0.9949996,1.1750005,0.5749999,0.48499992,2.4950006,5.788998,7.2,1
0.0,0.965,0.33499992,5.426998,0.19499993,0.73499995,6.0550017,7.2,1
0.0,0.40500006,0.52,0.9379999,0.074999996,0.0,5.920998,7.2,1
0.0,0.125,0.16499999,0.80600005,0.33999997,0.34499994,6.2610016,7.2,1
0.0,1.0549995,0.45499992,1.3190005,1.0250001,1.1049994,3.2870007,7.2,1
0.0,0.45500004,0.52500004,1.3750005,0.074999996,0.0,5.7529984,7.2,1
0.0,0.37499994,0.96499974,2.4410007,0.44499993,0.8550001,2.7229993,7.2,1
0.0,0.33500007,0.22499993,0.49099994,0.074999996,0.0,2.8960006,7.2,1
0.0,0.22500008,0.23500007,-0.42200008,0.074999996,0.0,1.5379995,7.2,1
0.0,1.9250005,5.8249984,11.008003,1.0950005,11.374997,5.9159985,7.2,1
0.0,0.88500005,0.34499994,3.0680006,0.0,0.059999995,3.3489993,7.2,1
0.0,1.1150005,4.814998,3.4400008,0.0,0.074999996,3.4549994,7.2,1
0.0,1.6349995,0.8349999,5.0099983,0.074999996,0.0,3.0489993,7.2,1
0.0,1.7650006,4.2449985,5.809002,1.2450005,6.7850018,3.3180006,7.2,1
0.0,0.19499993,0.44499993,2.1380007,1.1949995,2.8849993,6.0560017,7.2,1
0.0,4.49,1.28,7.676,0.0,0.0,5.997,7.2,1
0.0,0.4650001,0.50500005,1.5510005,0.074999996,0.0,5.6139984,7.2,1
0.0,3.0050006,3.1549993,4.016,0.074999996,0.074999996,3.0470006,7.2,1
0.0,0.8449999,1.6550006,9.185003,0.074999996,0.074999996,6.0110016,7.2,1
0.0,0.98499995,1.9350005,10.213003,0.074999996,0.074999996,5.606002,7.2,1
0.0,1.1350005,12.334997,1.9069995,0.075000025,0.22500008,1.9450005,7.2,1
0.0,1.2449995,2.8849993,-0.27900007,0.074999996,0.0,1.8639995,7.2,1
0.0,0.7150001,0.86499995,-0.22800007,0.87499994,3.8250008,6.090998,7.2,1
0.0,1.1850005,4.414998,6.863002,0.27499995,1.2849995,6.039998,7.2,1
0.0,0.88499993,3.1850007,2.6020007,0.0525,0.074999996,3.3799994,7.2,1
0.0,1.1949995,1.3450005,1.2590005,0.074999996,0.0,3.1840007,7.2,1
0.0,0.24499993,0.93499994,1.6599995,0.074999996,0.074999996,2.9669993,7.2,1
0.0,1.5749995,0.56499994,5.2329984,0.74499995,3.6349993,3.2919993,7.2,1
0.0,2.59,10.82,50.966,0.99,50.46,5.989,7.2,1
0.0,5.83,1.77,4.976,1.16,5.77,3.149,7.2,1
0.0,3.5649993,13.245003,16.747997,0.5949999,8.744997,4.701998,7.2,1
0.0,3.09,3.09,59.187,0.58,5.83,3.251,7.2,1
0.0,5.1849985,3.3549993,13.284003,0.92499995,11.434997,5.4909983,7.2,1
0.0,1.48,1.49,16.067,0.12,0.56,3.174,7.2,1
0.0,2.0050006,0.75499994,5.992998,1.3,7.6550016,2.9919994,7.2,1
0.0,0.91,0.92,23.447,0.0,0.0,2.993,7.2,1
0.0,0.0,0.125,0.012,0.074999996,0.0,1.2750006,7.2,1
0.0,6.55,2.55,6.467,0.0,0.0,3.201,7.2,1
0.0,2.47,1.05,13.533,0.64,8.66,5.479,7.2,1
0.0,4.95,1.09,6.579,0.26,1.71,6.092,7.2,1
0.0,1.4749994,0.55499995,4.8189983,0.27499995,0.9050001,3.2319994,7.2,1
0.0,6.37,6.38,219.818,0.0,0.0,5.872,7.2,1
0.0,0.8349999,5.4050016,8.389003,0.0,0.074999996,3.1639993,7.2,1
0.0,2.2749994,9.475003,11.012003,0.074999996,0.0,4.9649982,7.2,1
0.0,1.1550006,2.0700002,10.148003,1.0549995,11.624997,5.7540016,7.2,1
0.0,0.54499996,1.7950006,9.996003,0.074999996,0.074999996,5.9300017,7.2,1
0.0,1.0949994,1.2550005,1.0220001,0.28499994,1.3649995,5.794998,7.2,1
0.0,5.1349983,5.7449985,6.553002,0.074999996,0.074999996,2.6930006,7.2,1
0.0,0.7150001,0.87499994,1.1070005,0.074999996,0.0,5.7259984,7.2,1
0.0,2.3,2.84,52.718,0.0,0.0,5.729,7.2,1
0.0,1.6449995,0.68499994,5.537998,0.074999996,0.0,3.3379993,7.2,1
0.0,0.8349999,1.8950006,10.264003,0.7150001,8.244997,5.756002,7.2,1
0.0,3.08,3.16,45.888,0.0,0.0,5.731,7.2,1
0.0,3.4949994,11.4450035,20.422997,0.8450001,18.794996,5.874998,7.2,1
0.0,4.11,1.32,8.009,0.18,1.44,6.067,7.2,1
0.0,11.2,2.35,14.485,0.0,0.0,6.19,7.2,1
0.0,1.4149998,1.5150006,10.265003,0.074999996,0.0075,3.2249994,7.2,1
0.0,0.80500007,1.1349995,0.47799993,0.074999996,0.0,1.1839994,7.2,1
0.0,9.58,2.72,59.001,1.22,71.98,6.159,7.2,1
0.0,2.1150007,14.174997,6.874999,0.0,0.0,3.2349994,7.2,1
0.0,2.0950007,0.94499993,6.721998,0.74499995,4.625002,3.2069993,7.2,1
0.0,1.2550005,3.3649993,19.270002,0.45499992,7.274998,5.955002,7.2,1
0.0,3.27,1.11,7.941,0.33,2.62,2.428,7.2,1
0.0,2.19,3.79,44.13,0.0,0.0,5.764,7.2,1
0.0,1.7349994,1.015,5.6349983,0.0,0.044999998,3.2299993,7.2,1
0.0,1.8750005,3.1350007,8.742003,0.20500007,2.5449994,3.1359994,7.2,1
0.0,22.09,5.2,31.114,0.0,0.0,5.983,7.2,1
0.0,1.0049995,1.1550006,2.3329992,1.0450003,6.254998,5.9689984,7.2,1
0.0,2.2950006,2.9149992,0.34799993,0.074999996,0.0,5.498998,7.2,1
0.0,1.1649998,0.38499993,6.7339983,0.074999996,0.074999996,5.8450017,7.2,1
0.0,3.5349994,7.6949983,16.111998,0.81499994,11.944997,4.5599985,7.2,1
0.0,2.7149994,9.805003,8.511997,0.74500006,6.995002,3.1210008,7.2,1
0.0,1.78,3.05,24.432,0.0,0.0,3.184,7.2,1
0.0,2.0650008,14.164997,6.754999,0.0,0.0,3.2529993,7.2,1
0.0,2.2850006,23.874996,6.579002,0.0,0.0,2.6810007,7.2,1
0.0,2.2449994,5.734998,13.077001,0.074999996,0.022499999,5.9579983,7.2,1
0.0,1.11,1.12,17.36,0.88,3.17,3.249,7.2,1
0.0,1.0049995,0.7149999,3.3700006,0.34499994,0.8550001,3.2649994,7.2,1
0.0,1.6949995,2.1649992,-0.23800007,0.074999996,0.0,5.6329985,7.2,1
0.0,0.9549999,2.1949992,11.482003,0.074999996,0.074999996,5.552002,7.2,1
0.0,11.76,2.85,14.835,0.0,0.0,5.772,7.2,1
0.0,1.1950005,2.7150006,7.7849984,0.32500008,3.2149994,3.7309992,7.2,1
0.0,0.16499996,0.26,0.6510001,0.0,0.074999996,3.3749993,7.2,1
0.0,1.1850005,2.9049993,14.562003,0.074999996,0.074999996,5.883002,7.2,1
0.0,0.6450001,0.80499995,-0.45700008,0.074999996,0.0,3.2740006,7.2,1
0.0,2.3,0.84,13.909,0.0,0.0,6.047,7.2,1
0.0,9.89,2.31,6.935,0.28,1.94,3.138,7.2,1
0.0,2.8350008,29.655003,9.099003,0.0,0.0,3.0780008,7.2,1
0.0,2.56,1.09,15.501,0.32,4.96,6.055,7.2,1
0.0,2.4550006,2.6049993,4.9400015,0.074999996,0.074999996,5.7459984,7.2,1
0.0,1.7150005,6.8849983,9.579,0.71,6.7249985,5.7659984,7.2,1
0.0,1.44,2.16,62.088,0.0,0.0,6.061,7.2,1
0.0,1.0349995,1.5950005,1.1310005,0.074999996,0.0,5.9569983,7.2,1
0.0,0.5749999,1.8850005,10.459003,0.915,9.874997,5.895002,7.2,1
0.0,3.23,3.24,46.079,0.48,9.16,5.91,7.2,1
0.0,2.4649994,5.734998,13.553997,0.074999996,0.074999996,5.564998,7.2,1
0.0,2.9,1.17,17.197,0.88,15.13,5.93,7.2,1
0.0,1.4949995,1.6450006,2.6639993,0.074999996,0.074999996,6.0499983,7.2,1
0.0,0.14499998,0.15499997,1.4479995,0.68499994,0.21499993,3.3319993,7.2,1
0.0,0.47499993,1.5450006,7.970001,0.074999996,0.074999996,5.548002,7.2,1
0.0,1.965,1.1550006,11.772003,0.50499994,5.165002,5.882002,7.2,1
0.0,1.3350005,2.6450007,8.283003,0.0,0.015,3.1479993,7.2,1
0.0,0.30499995,0.7950001,2.6460006,1.2950006,3.3499997,3.2389994,7.2,1
0.0,2.46,2.46,46.814,0.66,5.32,3.279,7.2,1
0.0,2.0150006,1.1650006,6.0469985,0.074999996,0.0,3.0039992,7.2,1
0.0,3.1549993,6.705002,38.267002,0.30500007,14.644997,5.8930016,7.2,1
0.0,2.5149994,10.655003,13.561003,0.074999996,0.0,5.5139985,7.2,1
0.0,1.0249995,1.1750005,0.8669999,0.73499995,2.3050008,3.2100008,7.2,1
0.0,1.8849995,1.1150005,11.687003,1.2550005,13.954997,6.0760016,7.2,1
0.0,0.80499995,2.2750006,1.3389995,1.1050005,1.5350006,0.6769999,7.2,1
0.0,0.5949999,1.2949995,4.3829985,0.074999996,0.0,3.3289993,7.2,1
0.0,8.19,3.93,5.17,0.0,0.0,1.521,7.2,1
0.0,6.22,2.69,5.297,0.99,5.24,3.153,7.2,1
0.0,1.82,1.83,54.069,0.68,4.04,3.26,7.2,1
0.0,2.61,2.64,87.349,0.76,9.84,4.96,7.2,1
0.0,2.05,2.06,82.67,0.42,5.19,6.023,7.2,1
0.0,2.6249993,8.855003,15.249003,0.074999996,0.0,5.933998,7.2,1
0.0,1.78,0.53,9.901,1.06,10.5,5.562,7.2,1
0.0,1.6649995,1.8250005,2.3599994,0.074999996,0.074999996,5.6619983,7.2,1
0.0,1.9549999,5.1350017,1.4110005,1.0850005,5.9649982,2.8700006,7.2,1
0.0,1.0950005,4.8449984,3.2580006,1.0350001,3.3850002,3.3429992,7.2,1
0.0,0.8349999,1.9450005,11.135003,0.575,6.355002,6.1020017,7.2,1
0.0,1.7649995,0.5849999,2.9079993,1.3,3.5750008,5.479998,7.2,1
0.0,12.54,2.65,15.8,0.0,0.0,5.985,7.2,1
0.0,1.45,1.45,18.622,0.59,4.83,5.643,7.2,1
0.0,1.5249995,1.6400002,4.704002,0.074999996,0.059999995,5.8199983,7.2,1
0.0,0.37499994,1.2250005,6.512998,1.0249995,7.3250017,5.8540015,7.2,1
0.0,0.335,0.18499994,2.0150006,0.31499994,0.5749999,6.046002,7.2,1
0.0,1.9050006,4.1949983,10.953997,0.9549999,9.644997,5.8699985,7.2,1
0.0,1.2449995,8.634997,3.6300006,0.0,0.0,2.8819993,7.2,1
0.0,1.25,1.26,35.931,0.67,4.99,5.955,7.2,1
0.0,1.56,1.57,37.68,0.0,0.0,3.285,7.2,1
0.0,3.8550007,4.6150017,4.1420016,0.074999996,0.074999996,4.473998,7.2,1
0.0,0.6550001,0.27499995,2.3890007,0.074999996,0.044999998,3.4499993,7.2,1
0.0,2.2949994,10.835003,10.345999,0.96499974,10.8049965,4.571998,7.2,1
0.0,2.31,2.61,130.555,0.0,0.0,5.749,7.2,1
0.0,1.84,2.02,35.151,0.52,2.94,3.07,7.2,1
0.0,1.1250005,2.4049993,13.996003,0.074999996,0.074999996,6.1140018,7.2,1
0.0,2.35,2.36,100.278,1.02,14.27,5.955,7.2,1
0.0,0.63,0.64,19.577,0.0,0.0,5.86,7.2,1
0.0,1.965,1.3850005,12.019003,0.074999996,0.074999996,6.0030017,7.2,1
0.0,2.13,2.15,45.603,0.0,0.0,3.122,7.2,1
0.0,0.88499993,17.994997,1.3999995,0.32500008,0.51500005,1.8960005,7.2,1
0.0,0.56499994,1.3450005,6.815998,0.074999996,0.074999996,5.632002,7.2,1
0.0,4.1,4.11,2.602,0.77,18.8,5.956,7.2,1
0.0,4.69,1.57,9.092,0.0,0.0,5.828,7.2,1
0.0,3.86,1.15,7.134,0.69,4.92,6.203,7.2,1
0.0,0.58,0.58,17.361,0.0,0.0,6.102,7.2,1
0.0,0.37,0.38,11.05,0.0,0.0,3.149,7.2,1
0.0,1.2849995,1.4350005,1.2050005,1.015,7.4249983,5.795998,7.2,1
0.0,0.50500005,0.36499992,1.8489995,0.074999996,0.0,3.3919992,7.2,1
0.0,2.2750006,0.9149999,5.0339985,0.79499996,3.7549994,6.0219984,7.2,1
0.0,1.5250006,3.6650007,7.9870005,0.7649999,5.605002,5.453998,7.2,1
0.0,2.2850006,1.2750006,7.3399982,0.28499994,1.5449998,3.2169993,7.2,1
0.0,0.42499992,1.2050005,6.6399984,0.074999996,0.074999996,6.0710015,7.2,1
0.0,1.9650005,4.3649983,11.069997,1.2050005,12.479998,5.741998,7.2,1
0.0,2.5949993,11.865003,7.8930016,0.0,0.0,3.1769993,7.2,1
0.0,1.7749995,1.9350005,1.9760005,0.074999996,0.0,3.5640006,7.2,1
0.0,2.0150006,1.0750005,6.0899982,1.2350005,7.225002,3.0249994,7.2,1
0.0,10.62,3.06,6.106,0.0,0.0,2.75,7.2,1
0.0,2.1750007,2.3349993,6.1900015,0.074999996,0.074999996,5.938998,7.2,1
0.0,6.93,2.53,6.031,0.0,0.0,2.384,7.2,1
0.0,1.4049995,9.914997,4.9749985,0.0,0.0,3.4869993,7.2,1
0.0,5.37,3.17,13.521,0.0,0.0,5.61,7.2,1
0.0,5.2049985,3.1349993,6.3150015,1.3,7.7849984,2.8270006,7.2,1
0.0,1.17,1.18,51.988,0.18,1.27,6.03,7.2,1
0.0,0.48499992,1.6050005,8.852003,0.65000004,6.145002,5.9100018,7.2,1
0.0,4.1550016,13.125003,13.508997,0.5749999,6.644998,3.2180007,7.2,1
0.0,1.3850005,4.4349985,2.6630003,1.3,3.2550006,1.9920003,7.2,1
0.0,0.61499995,2.1349993,11.221003,0.38499993,3.5749993,5.5580015,7.2,1
0.0,1.36,1.37,74.482,0.74,6.01,5.972,7.2,1
0.0,0.23000002,0.14499998,1.4479995,0.0,0.0,5.9330015,7.2,1
0.0,1.4249995,1.5750005,1.0340002,1.1050005,4.774998,3.0640006,7.2,1
0.0,0.56500006,2.8649998,3.6060007,0.074999996,0.0,5.988999,7.2,1
0.0,0.34500006,2.4049993,0.51699996,1.2750006,2.8750007,5.7799983,7.2,1
0.0,1.0449995,1.7249994,2.9599993,1.2650006,3.3550007,5.5819983,7.2,1
0.0,1.7249994,0.88499993,5.2199984,0.074999996,0.0,3.0169992,7.2,1
0.0,0.6550001,0.28499994,1.2870005,0.5249999,0.47500008,5.984998,7.2,1
0.0,1.28,0.48499992,7.538998,0.0,0.074999996,6.0230017,7.2,1
0.0,2.9250007,3.7550006,3.3409994,0.074999996,0.0,2.4830008,7.2,1
0.0,2.0250006,10.404997,6.497998,0.0,0.0,3.2049994,7.2,1
0.0,2.1150007,3.2750006,1.0300001,0.93499994,5.874998,3.0870006,7.2,1
0.0,1.9049995,2.3150008,2.3029993,0.68499994,3.4350007,2.8350008,7.2,1
0.0,2.5650008,13.204997,7.1080017,0.0,0.0,2.7389994,7.2,1
0.0,2.61,0.73,8.339,0.0,0.0,3.195,7.2,1
0.0,3.1750007,2.0749993,12.749003,0.074999996,0.0,4.021,7.2,1
0.0,0.63499993,2.3650007,6.333998,0.074999996,0.074999996,3.2479994,7.2,1
0.0,1.8550005,4.274998,9.853997,1.3,12.635003,5.4189982,7.2,1
0.0,2.17,2.32,105.661,0.0,0.0,4.885,7.2,1
0.0,0.74499995,1.3149995,4.479998,0.66,2.9350007,3.3759995,7.2,1
0.0,2.33,2.43,37.784,0.0,0.0,2.649,7.2,1
0.0,2.59,5.68,60.526,0.0,0.0,2.452,7.2,1
0.0,0.0049999957,0.015000001,-0.27000007,0.0,0.0,3.2750006,7.2,1
0.0,1.7799997,6.064998,10.743997,0.074999996,0.044999998,5.8189983,7.2,1
0.0,1.4299998,0.7749999,8.741003,0.0,0.074999996,6.113002,7.2,1
0.0,12.8,4.54,12.407,0.0,0.0,3.165,7.2,1
0.0,1.65,2.11,49.481,0.13,1.26,5.896,7.2,1
0.0,1.9649999,6.774998,12.031997,0.074999996,0.029999997,5.9639983,7.2,1
0.0,6.59,2.3,9.402,0.0,0.0,5.804,7.2,1
0.0,3.63,4.09,68.456,0.0,0.0,3.105,7.2,1
0.0,2.3949993,2.9449992,24.162003,1.2450005,8.654997,3.2349994,7.2,1
0.0,0.6549999,1.4950005,8.5110035,0.074999996,0.074999996,6.1210017,7.2,1
0.0,0.84,0.84,24.518,0.24,1.14,5.654,7.2,1
0.0,2.1350007,1.1650006,13.233003,0.09500004,2.3049996,6.0970016,7.2,1
0.0,4.8850017,24.475002,26.529997,0.56500006,17.004997,5.4249983,7.2,1
0.0,2.19,0.79,13.121,0.76,9.97,5.991,7.2,1
0.0,2.0050006,10.404997,5.9289985,0.0,0.0,2.9619994,7.2,1
0.0,0.43499994,1.4050001,4.5549984,0.074999996,0.074999996,3.4059994,7.2,1
0.0,3.12,3.78,75.018,0.0,0.0,2.818,7.2,1
0.0,6.76,2.77,13.338,0.0,0.0,5.581,7.2,1
0.0,1.8449994,1.9950005,3.2309992,0.074999996,0.0525,3.3070006,7.2,1
0.0,0.18500006,0.34499994,-0.4100001,1.2750003,1.8149995,5.8849993,7.2,1
0.0,3.5850008,9.114997,3.9549994,0.074999996,0.074999996,5.8439984,7.2,1
0.0,2.0750008,11.465003,5.9640017,0.9050001,5.8450017,2.8139994,7.2,1
0.0,2.5249994,6.644998,8.018001,0.074999996,0.0,3.1670008,7.2,1
0.0,0.5749999,7.274998,1.96,0.0,0.074999996,4.145002,7.2,1
0.0,2.3050008,2.4549994,3.0379994,1.3,9.745003,3.2010007,7.2,1
0.0,0.64,0.65,19.896,0.66,2.54,6.011,7.2,1
0.0,0.35500008,0.20499992,2.4420006,1.0350002,2.4949994,5.928002,7.2,1
0.0,0.9049999,4.7249985,4.3389983,0.55499995,2.0450006,5.3930016,7.2,1
0.0,1.54,1.55,49.173,0.0,0.0,3.259,7.2,1
0.0,0.0,0.01,-0.32400006,0.074999996,0.0,0.0,7.2,1
0.0,0.87499994,4.8049984,3.8020008,0.93499994,3.2550006,4.921002,7.2,1
0.0,1.0949994,0.5249999,2.1659994,0.8549999,1.7050005,4.676998,7.2,1
0.0,0.39000002,2.5550008,2.2840006,0.25499994,0.34500006,5.692002,7.2,1
0.0,2.0150006,3.1050007,2.9209993,0.87499994,4.8249984,2.8540006,7.2,1
0.0,0.085,0.07,0.259,0.059999995,0.044999998,2.9079998,7.2,1
0.0,2.1950006,0.75499994,4.022,0.074999996,0.074999996,5.9049983,7.2,1
0.0,0.74500006,0.35499993,2.3810008,1.2150005,2.7250006,3.0699992,7.2,1
0.0,0.20500001,1.1350005,0.686,0.015,0.0,3.118,7.2,1
0.0,0.8249999,2.8150008,7.7939982,0.0,0.0,3.0559993,7.2,1
0.0,2.87,1.38,16.832,0.0,0.0,5.865,7.2,1
0.0,1.98,2.18,39.082,0.0,0.0,3.103,7.2,1
0.0,1.9950005,2.4849994,0.82899994,0.074999996,0.0,2.7990007,7.2,1
0.0,0.86499995,2.9849997,8.538003,0.074999996,0.0,3.0049994,7.2,1
0.0,0.6649999,1.8850005,7.801998,0.0,0.074999996,6.290002,7.2,1
0.0,2.6150007,1.3450005,10.949003,0.067499995,0.0,4.173002,7.2,1
0.0,0.73499995,2.8250008,10.009003,0.69500005,7.835002,6.539002,7.2,1
0.0,1.4450005,3.9550002,4.2119985,1.2350004,5.1550016,3.0730004,7.2,1
0.0,1.2750006,2.6850007,8.456003,0.0,0.0,3.1659994,7.2,1
0.0,0.62499994,2.1549993,12.095003,0.38499993,3.8449993,5.954002,7.2,1
0.0,3.4750006,3.6349993,10.610997,0.074999996,0.074999996,5.9639983,7.2,1
0.0,0.34499994,0.50500005,0.8759999,0.80499995,0.50500005,2.8920007,7.2,1
0.0,0.44500005,0.33499992,0.58299994,0.074999996,0.0,1.957,7.2,1
0.0,11.65,3.83,12.516,1.02,12.77,3.268,7.2,1
0.0,0.44500005,0.32499993,1.5670005,0.074999996,0.0,5.892998,7.2,1
0.0,6.67,4.21,11.511,0.0,0.0,5.814,7.2,1
0.0,0.61500007,0.675,2.026,0.074999996,0.0,5.814998,7.2,1
0.0,2.3250008,2.3400006,6.210002,0.6449999,7.7550015,5.5409985,7.2,1
0.0,1.73,1.73,49.537,0.0,0.0,3.307,7.2,1
0.0,1.3550005,4.1949983,7.1300015,0.074999996,0.074999996,5.4369984,7.2,1
0.0,0.86500007,1.0350002,0.31999993,0.40499994,0.9050001,3.0950007,7.2,1
0.0,0.030000001,0.024999999,0.15299998,0.0075,0.0,3.1250007,7.2,1
0.0,1.3549994,0.5249999,7.962,0.029999997,0.074999996,5.6950016,7.2,1
0.0,2.39,2.39,54.521,0.0,0.0,5.942,7.2,1
0.0,1.49,1.5,26.784,0.0,0.0,3.754,7.2,1
0.0,0.84999996,0.28499994,4.7519984,0.69499993,3.0649993,5.962002,7.2,1
0.0,5.0550017,10.085003,29.289997,0.6649999,17.314997,5.7909985,7.2,1
0.0,1.1649995,1.3150005,0.025,0.074999996,0.0,5.8899984,7.2,1
0.0,1.5549995,16.314997,5.218002,0.0,0.0,3.2299993,7.2,1
0.0,2.3150008,11.894997,6.9699984,0.0,0.0,3.0229993,7.2,1
0.0,0.69500005,0.8449999,0.7199999,1.0350002,3.9350007,5.3499985,7.2,1
0.0,26.57,7.66,45.13,0.7,31.59,5.892,7.2,1
0.0,1.0350002,2.8849993,16.190002,0.074999996,0.074999996,5.612002,7.2,1
0.0,0.53499997,1.7249994,5.493998,0.5949999,2.8250008,3.1859994,7.2,1
0.0,0.48499992,1.005,5.2849984,0.0,0.074999996,5.901002,7.2,1
0.0,2.25,2.25,63.513,0.0,0.0,3.695,7.2,1
0.0,0.45,0.45,12.552,0.39,0.52,2.951,7.2,1
0.0,0.63500005,0.27499995,2.0580006,0.074999996,0.0,3.0789993,7.2,1
0.0,0.9549999,4.145002,18.773003,0.8449999,14.584997,5.857002,7.2,1
0.0,1.8549994,2.7150006,0.42199993,0.87499994,4.8649983,3.1270006,7.2,1
0.0,0.5450001,0.24499993,1.0330002,0.6049999,0.43500006,5.9119983,7.2,1
0.0,1.7649995,1.4950005,10.708003,0.074999996,0.074999996,5.935002,7.2,1
0.0,0.38500008,0.53499997,-0.35900006,0.0,0.0,5.3969984,7.2,1
0.0,1.1149995,1.2750006,0.7339999,0.47499993,1.4649994,3.1650007,7.2,1
0.0,0.24499993,0.25499994,3.0430007,0.26999995,0.044999994,3.4689994,7.2,1
0.0,0.53499997,0.5450001,2.7089994,0.03,0.074999996,5.650998,7.2,1
0.0,0.13500006,0.30499995,0.0090000015,0.03,0.0,5.9629984,7.2,1
0.0,0.7750001,0.83500004,2.3959994,0.5749999,2.4650006,5.912998,7.2,1
0.0,0.14500001,0.115,0.41600007,0.015,0.074999996,3.1439993,7.2,1
0.0,3.61,0.81,2.65,0.24,0.64,3.312,7.2,1
0.0,3.73,1.26,4.033,0.0,0.0,3.279,7.2,1
0.0,0.6650001,0.56499994,4.4629984,0.074999996,0.0,6.2070017,7.2,1
0.0,2.6349993,7.144998,14.794999,0.41499993,4.9449983,5.6929984,7.2,1
0.0,3.0050006,1.8350005,3.8419993,1.3,4.7449985,2.3710008,7.2,1
0.0,2.1050007,2.0949993,6.8110003,0.96999997,6.2550015,3.1919994,7.2,1
0.0,1.2,1.2,37.561,0.0,0.0,6.091,7.2,1
0.0,7.47,3.74,8.965,0.0,0.0,5.638,7.2,1
0.0,0.8450001,1.2050005,0.037,1.1550006,2.4950006,2.5100007,7.2,1
0.0,6.97,11.06,3.161,0.0,0.0,6.049,7.2,1
0.0,1.69,6.754998,10.077997,0.22499993,1.5,5.8439984,7.2,1
0.0,3.66,8.26,62.559,0.0,0.0,5.752,7.2,1
0.0,1.8050005,3.3850007,11.088003,0.0,0.0,3.5199993,7.2,1
0.0,0.79,0.35499993,4.4639983,0.022499999,0.0,5.8210015,7.2,1
0.0,2.0950007,2.2549994,5.927002,0.074999996,0.074999996,6.1419983,7.2,1
0.0,1.9549999,0.63499993,1.8980005,0.074999996,0.0,3.2400007,7.2,1
0.0,1.4049999,1.5050005,11.026003,0.074999996,0.0075,3.3169994,7.2,1
0.0,1.4250005,3.4550006,4.641999,0.895,3.9850001,3.4530003,7.2,1
0.0,3.94,1.69,5.704,0.7,3.99,3.375,7.2,1
0.0,0.54,0.55,17.168,0.0,0.0,5.793,7.2,1
0.0,5.23,1.15,3.857,0.0,0.0,3.354,7.2,1
0.0,0.23499998,0.38500008,1.3030006,0.074999996,0.044999998,5.506998,7.2,1
0.0,1.19,0.5249999,6.9779983,0.074999996,0.074999996,6.002002,7.2,1
0.0,0.20499992,0.40499994,1.7709994,0.0,0.074999996,5.844002,7.2,1
0.0,0.03,0.044999994,0.16499998,1.1050003,0.110000014,3.3000007,7.2,1
0.0,2.08,0.76,12.583,0.69,8.68,6.05,7.2,1
0.0,0.5250001,0.44499993,1.8979995,0.074999996,0.0,3.3629994,7.2,1
0.0,0.76,0.76,22.079,0.0,0.0,3.238,7.2,1
0.0,0.7850001,0.93499994,0.29199994,0.88499993,3.3750007,4.8759985,7.2,1
0.0,1.1550001,0.50499994,6.8189983,0.074999996,0.074999996,6.1220016,7.2,1
0.0,1.0349995,1.1850005,-0.44100004,0.074999996,0.0,3.1490006,7.2,1
0.0,1.6450006,6.1749983,5.132002,0.0,0.0,3.1460006,7.2,1
0.0,4.584998,4.745002,1.9120005,0.074999996,0.0,3.2730007,7.2,1
0.0,0.085,0.065,0.31100008,0.03,0.074999996,4.0750017,7.2,1
0.0,0.61499995,1.3349994,1.6430001,0.074999996,0.0,2.9400008,7.2,1
0.0,6.81,1.59,9.362,0.0,0.0,5.888,7.2,1
0.0,4.374998,2.4349992,2.7569993,1.1250005,2.7450006,1.8539995,7.2,1
0.0,1.25,1.26,23.381,0.4,2.74,5.478,7.2,1
0.0,3.7150006,19.014997,10.535997,0.0,0.0,2.6850007,7.2,1
0.0,0.28500006,1.1450001,1.1030003,0.6549999,0.5350001,3.1460006,7.2,1
0.0,0.80500007,0.9649999,-0.09000004,0.9749999,4.664998,5.9049983,7.2,1
0.0,1.7850006,8.635002,5.3369985,0.0,0.0,3.2399993,7.2,1
0.0,3.03,1.25,18.34,0.0,0.0,6.053,7.2,1
0.0,0.9749999,3.5549994,10.889003,1.1950005,12.354997,3.2349994,7.2,1
0.0,2.8450007,2.9949994,8.135997,0.074999996,0.074999996,5.5569983,7.2,1
0.0,5.02,1.84,6.197,0.12,0.74,3.386,7.2,1
0.0,0.8550001,0.94,2.3419993,0.9649999,4.9049983,5.938998,7.2,1
0.0,0.73499995,2.4949994,10.902003,0.074999996,0.074999996,5.7330017,7.2,1
0.0,1.3850005,3.1250007,6.9649982,0.0,0.074999996,3.2319994,7.2,1
0.0,1.4050006,3.0849993,12.882003,1.0449995,14.584997,4.3940015,7.2,1
0.0,2.8549993,5.524998,12.370996,0.7249999,8.064998,4.347998,7.2,1
0.0,2.6,2.6,37.873,0.0,0.0,6.002,7.2,1
0.0,0.32500008,1.7400004,2.3749995,0.98499995,2.0450006,5.749998,7.2,1
0.0,1.0749995,1.2350005,2.2299993,0.074999996,0.0,4.4949985,7.2,1
0.0,0.805,8.455003,2.2270007,0.35500008,0.9150001,2.8819993,7.2,1
0.0,10.07,2.75,8.435,0.0,0.0,3.078,7.2,1
0.0,0.96499974,0.8949999,3.2710006,0.074999996,0.074999996,3.2919993,7.2,1
0.0,1.75,1.76,48.999,0.0,0.0,4.151,7.2,1
0.0,1.7549995,1.9050006,3.9799993,0.074999996,0.074999996,5.8829985,7.2,1
0.0,2.66,0.81,15.64,0.68,10.64,5.88,7.2,1
0.0,1.01,3.6650007,6.197002,0.69499993,3.7250006,5.985998,7.2,1
0.0,2.3699996,2.4149992,18.798002,0.92499995,6.105002,3.1089993,7.2,1
0.0,0.245,0.55500007,1.5770005,0.074999996,0.0,5.701998,7.2,1
0.0,0.24500006,0.21499993,0.36099994,0.92499995,0.16500007,2.1250007,7.2,1
0.0,2.1,3.16,60.126,0.0,0.0,3.007,7.2,1
0.0,0.16,0.14499998,0.41400006,0.06,0.074999996,3.1309993,7.2,1
0.0,2.6050007,2.7549994,0.47699994,0.074999996,0.0,5.0879984,7.2,1
0.0,1.7300003,1.7850006,11.835003,1.3,7.2950015,3.3429992,7.2,1
0.0,2.26,3.27,39.657,1.22,7.61,2.759,7.2,1
0.0,2.86,3.13,66.573,0.91,8.34,3.203,7.2,1
0.0,0.88499993,3.6849992,18.188004,0.074999996,0.074999996,5.7820015,7.2,1
0.0,1.2649995,0.56499994,4.0799985,0.044999998,0.0,3.1759994,7.2,1
0.0,0.87500006,1.0250001,1.6810005,0.53499997,2.4650006,5.747998,7.2,1
0.0,0.71,0.68,4.238002,0.067499995,0.074999996,5.9380016,7.2,1
0.0,3.0649993,8.415003,17.785997,0.074999996,0.0,5.847998,7.2,1
0.0,5.33,2.41,9.058,0.0,0.0,3.774,7.2,1
0.0,7.56,2.24,5.972,0.1,0.6,2.927,7.2,1
0.0,1.1850005,4.145002,18.320004,0.022499999,0.074999996,5.8600016,7.2,1
0.0,0.15499997,0.29499996,0.7020001,0.034999996,0.16499996,3.3129992,7.2,1
0.0,2.49,2.5,35.818,0.0,0.0,3.272,7.2,1
0.0,3.4250007,3.4350007,9.361997,0.39499992,6.7750015,5.905998,7.2,1
0.0,2.4649994,9.265003,14.078997,1.1350005,14.914997,5.7839985,7.2,1
0.0,1.0549995,0.33499992,1.6350005,1.1050005,1.5349995,5.9249983,7.2,1
0.0,0.7249999,2.4650006,5.7739983,0.94499993,6.0450015,3.2709994,7.2,1
0.0,0.62499994,1.8650005,10.768003,0.074999996,0.074999996,6.1670017,7.2,1
0.0,1.9249995,0.6049999,1.3069994,0.074999996,0.0,0.61600006,7.2,1
0.0,1.0949994,1.9349996,0.81499994,0.074999996,0.0,1.8389995,7.2,1
0.0,1.0749995,2.6750007,7.1680017,0.074999996,0.0,6.0929985,7.2,1
0.0,0.8249999,1.6749995,5.517998,0.074999996,0.0,3.2889993,7.2,1
0.0,2.1,0.62,13.081,1.09,14.26,6.229,7.2,1
0.0,2.9350007,3.0949993,5.876002,0.074999996,0.074999996,5.8529983,7.2,1
0.0,0.7649999,3.3950007,7.4449983,0.9050001,7.4450016,3.2479994,7.2,1
0.0,0.15000005,0.5250001,1.3160006,1.2050005,1.3399996,5.834998,7.2,1
0.0,1.9249995,2.0749993,2.4189994,0.074999996,0.0,2.3340006,7.2,1
0.0,4.72,1.21,7.087,0.15,1.06,5.906,7.2,1
0.0,4.1550016,13.715003,13.487997,0.49499992,5.5549984,3.2130008,7.2,1
0.0,0.73499995,1.5749995,5.598998,0.074999996,0.0,3.5349994,7.2,1
0.0,1.0350002,1.9049995,5.3899984,0.97499967,5.8150015,3.0289993,7.2,1
0.0,0.62500006,0.53499997,4.195998,0.074999996,0.0075,6.1760015,7.2,1
0.0,0.049999997,0.01,0.17899995,0.074999996,0.0,5.154999,7.2,1
0.0,1.72,1.72,47.238,0.91,5.19,3.314,7.2,1
0.0,2.04,0.81,11.738,0.0,0.0,5.754,7.2,1
0.0,0.99499995,3.5450006,3.5700006,0.09500001,0.5849999,4.037,7.2,1
0.0,4.76,1.03,3.351,1.06,3.55,3.253,7.2,1
0.0,2.87,2.87,71.809,0.6,9.03,5.245,7.2,1
0.0,1.5749995,1.1050005,9.640003,0.8950001,9.494997,5.9630017,7.2,1
0.0,4.48,1.88,6.188,1.1,6.81,5.95,7.2,1
0.0,2.2049994,7.124998,6.3670015,0.76000005,5.084998,2.8790007,7.2,1
0.0,2.1050007,2.5450006,2.9109993,0.074999996,0.0,2.9930007,7.2,1
0.0,2.45,2.46,126.971,1.09,16.08,6.02,7.2,1
0.0,2.89,0.86,5.215,0.0,0.0,6.064,7.2,1
0.0,1.2549995,1.5650005,0.41699994,0.074999996,0.0,2.9900007,7.2,1
0.0,2.1849992,2.4049993,15.291003,0.074999996,0.0,3.0529993,7.2,1
0.0,0.97499967,1.1350005,1.1510005,0.074999996,0.0,3.0090008,7.2,1
0.0,9.82,3.09,8.612,0.0,0.0,2.796,7.2,1
0.0,1.4349995,0.50499994,4.7269983,0.62499994,2.7149994,3.2549994,7.2,1
0.0,1.9049995,1.7350005,11.815003,0.074999996,0.074999996,6.080002,7.2,1
0.0,3.3150008,4.0149984,4.863002,0.074999996,0.0,3.0880008,7.2,1
0.0,1.4449995,0.9749999,9.104003,0.7749999,6.5050015,6.1140018,7.2,1
0.0,1.1550006,2.6250007,3.3530006,0.074999996,0.074999996,3.2339995,7.2,1
0.0,3.57,1.04,5.833,0.49,2.86,5.609,7.2,1
0.0,0.9,0.91,27.375,0.62,1.76,3.157,7.2,1
0.0,3.1550007,1.6350005,6.8909984,0.074999996,0.015,4.4189982,7.2,1
0.0,0.27000004,1.2550005,0.854,0.044999998,0.0,2.7720006,7.2,1
0.0,1.4950005,3.2750006,8.355997,1.3,10.674997,5.756998,7.2,1
0.0,0.88000005,2.2750006,4.9190016,0.074999996,0.0,5.247998,7.2,1
0.0,2.8950007,1.8350005,9.764003,0.7849999,7.0650015,3.3879993,7.2,1
0.0,0.22500008,7.1849985,1.0279995,0.0,0.074999996,3.7519994,7.2,1
0.0,0.62,3.15,14.82,0.0,0.0,2.897,7.2,1
0.0,1.4249995,1.5750005,0.31499994,0.7249999,5.6349983,5.7839985,7.2,1
0.0,0.80500007,0.905,2.2689993,0.34499994,1.3249995,5.8109984,7.2,1
0.0,6.08,1.51,8.751,0.0,0.0,5.795,7.2,1
0.0,4.125002,18.865004,13.312997,0.074999996,0.0,3.1940007,7.2,1
0.0,0.7149999,2.5349994,12.804003,0.6499999,7.6750016,5.9830017,7.2,1
0.0,2.1050007,2.3849993,1.0400002,0.93499994,5.7649984,3.0410006,7.2,1
0.0,2.2949994,3.3949993,16.521004,0.45499992,2.2650006,2.8539994,7.2,1
0.0,1.88,1.88,31.238,0.0,0.0,3.085,7.2,1
0.0,3.06,1.53,18.054,0.0,0.0,5.9,7.2,1
0.0,2.0450006,0.9749999,6.7009983,0.074999996,0.0,3.2709994,7.2,1
0.0,1.8549994,2.2449994,1.8220005,0.074999996,0.014999997,3.4690006,7.2,1
0.0,5.1750016,15.755003,16.130003,0.074999996,0.0,3.1020007,7.2,1
0.0,0.9649999,2.5450006,2.8640006,0.13500006,0.69499993,3.3469996,7.2,1
0.0,10.93,2.97,14.43,0.64,9.24,5.286,7.2,1
0.0,2.1050007,1.4050006,6.5629983,0.93499994,5.7850018,3.1199994,7.2,1
0.0,0.19500008,0.35499993,-0.51000005,0.015,0.0,3.0440006,7.2,1
0.0,0.5450001,1.8449994,3.8159993,0.41499993,1.1949995,5.958998,7.2,1
0.0,0.19499993,0.40499994,1.8639995,0.0,0.074999996,6.1340017,7.2,1
0.0,5.1149983,6.9049983,3.3359993,0.074999996,0.0,3.0930007,7.2,1
0.0,1.0550004,2.41,7.807998,0.28999996,2.1249993,3.3599994,7.2,1
0.0,1.5249995,1.6750005,3.6159992,0.074999996,0.074999996,5.940998,7.2,1
0.0,0.7950001,5.7950015,0.32299992,1.2350005,2.7150006,2.6890006,7.2,1
0.0,2.73,0.76,14.795,0.0,0.0,5.419,7.2,1
0.0,2.7949994,10.825003,8.431997,0.5350001,5.1750016,2.9970007,7.2,1
0.0,3.5650008,1.8350005,5.8140016,0.80499995,4.19,5.2389984,7.2,1
0.0,2.4250007,1.3350005,14.847003,0.92499995,12.754997,6.0440016,7.2,1
0.0,1.5850005,4.0750017,23.247004,0.74499995,15.555003,5.9050016,7.2,1
0.0,2.3549993,7.3249984,7.6170015,1.1650003,8.524997,3.2330008,7.2,1
0.0,1.4949995,11.514997,4.795998,0.36500007,2.0650008,3.1779993,7.2,1
0.0,1.3649995,0.39499992,1.9020005,0.20499992,0.31499994,5.6339984,7.2,1
0.0,2.4749994,8.175003,14.508003,0.074999996,0.0,6.0009985,7.2,1
0.0,4.04,1.79,5.604,0.0,0.0,3.131,7.2,1
0.0,2.0250006,0.87499994,4.5030017,0.36499992,1.3550005,5.5299983,7.2,1
0.0,0.125,0.12,0.61800003,0.06,0.074999996,5.9660015,7.2,1
0.0,0.80500007,0.9649999,0.07,0.074999996,0.0,3.1500006,7.2,1
0.0,0.61500007,0.7649999,0.55499995,0.074999996,0.0,3.2630007,7.2,1
0.0,2.8749993,9.575003,11.6799965,0.34999993,3.2950006,4.0699983,7.2,1
0.0,1.3649995,1.6649995,0.129,0.074999996,0.0,1.8489995,7.2,1
0.0,18.1,3.85,24.497,0.0,0.0,6.363,7.2,1
0.0,8.38,2.58,5.943,0.0,0.0,2.871,7.2,1
0.0,2.4149992,4.734998,13.741997,0.074999996,0.074999996,5.7659984,7.2,1
0.0,1.7550005,7.950001,5.2769985,0.0,0.0,3.2609994,7.2,1
0.0,1.58,1.58,33.252,0.97,4.83,3.151,7.2,1
0.0,2.81,2.81,127.824,0.0,0.0,5.952,7.2,1
0.0,2.2049994,9.4450035,6.8460016,0.115000054,1.2149994,3.2539992,7.2,1
0.0,0.21499993,0.73499995,2.9620006,0.0,0.074999996,5.915002,7.2,1
0.0,2.29,2.98,99.891,0.0,0.0,6.074,7.2,1
0.0,0.67499995,2.1450007,7.197998,0.074999996,0.074999996,3.3659992,7.2,1
0.0,2.6450007,3.0849993,2.4759994,0.074999996,0.074999996,5.300998,7.2,1
0.0,0.7250001,6.3449984,1.8409995,0.0,0.074999996,2.4699993,7.2,1
0.0,1.5350006,1.9650005,12.538003,0.9149999,2.4149992,1.9860005,7.2,1
0.0,1.8649995,2.0150003,3.5789993,0.62499994,6.274998,5.8719983,7.2,1
0.0,1.0349995,1.1850005,0.24899992,0.044999998,0.0,5.4109983,7.2,1
0.0,2.0650008,1.3050005,6.769998,1.2850006,8.354997,3.2739992,7.2,1
0.0,1.9149995,1.1150005,11.656003,0.57,6.765002,5.9700017,7.2,1
0.0,1.2849997,0.67499995,7.716998,0.0,0.074999996,5.934002,7.2,1
0.0,0.82,0.82,12.304,0.0,0.0,3.1,7.2,1
0.0,9.184997,40.115,54.322002,0.0,0.0,5.8959985,7.2,1
0.0,2.9,2.9,1.516,1.3,20.78,5.511,7.2,1
0.0,12.97,2.76,7.598,0.58,4.41,2.753,7.2,1
0.0,2.5849993,3.2249994,22.150003,0.0,0.074999996,3.0249994,7.2,1
0.0,1.8049995,11.584997,6.399998,0.0,0.0,3.5189993,7.2,1
0.0,11.89,2.84,17.961,0.0,0.0,6.347,7.2,1
0.0,2.65,2.66,64.527,0.0,0.0,4.527,7.2,1
0.0,5.57,1.61,9.269,0.41,3.8,5.793,7.2,1
0.0,1.62,1.63,49.476,0.0,0.0,4.585,7.2,1
0.0,3.33,3.33,58.111,1.16,22.86,5.917,7.2,1
0.0,7.04,3.35,16.002,0.6,9.6,5.777,7.2,1
0.0,6.92,1.85,10.844,0.49,5.31,5.862,7.2,1
0.0,2.1549993,4.234998,12.276997,0.074999996,0.074999996,5.7909985,7.2,1
0.0,0.45499992,1.0599998,3.3290007,0.45499992,1.2149994,3.2269993,7.2,1
0.0,3.35,3.35,165.698,0.0,0.0,5.304,7.2,1
0.0,2.86,2.87,95.186,0.0,0.0,5.817,7.2,1
0.0,1.3150005,2.9350007,9.6690035,0.0,0.0,3.3119993,7.2,1
0.0,7.65,2.7,15.972,0.0,0.0,5.938,7.2,1
0.0,1.78,0.52,10.394,0.0,0.0,5.839,7.2,1
0.0,1.0250001,2.5949998,8.751003,0.58500004,5.375002,3.8309994,7.2,1
0.0,0.125,0.21499996,0.53800005,0.0,0.074999996,3.6809993,7.2,1
0.0,1.1350005,2.7850006,8.830003,0.6650001,6.665002,3.1889994,7.2,1
0.0,3.9349992,13.295003,11.788997,1.3,15.155003,2.9600008,7.2,1
0.0,2.9749994,8.035003,17.657997,0.705,11.674997,5.9879985,7.2,1
0.0,2.7,0.79,2.548,0.0,0.0,3.225,7.2,1
0.0,2.8049994,3.2549994,20.502003,0.95499986,8.504997,3.0719993,7.2,1
0.0,9.2,3.18,9.881,0.0,0.0,3.107,7.2,1
0.0,1.9950005,2.3950007,2.1619992,0.074999996,0.0,3.0330007,7.2,1
0.0,2.8899996,14.414997,9.494997,0.0,0.0,3.3539994,7.2,1
0.0,0.022499999,0.055,0.103,0.074999996,0.0,2.7250006,7.2,1
0.0,0.55499995,4.0349984,10.1690035,1.1549995,1.6550006,2.7459993,7.2,1
0.0,2.5649998,2.6249993,19.529003,0.0,0.074999996,3.1289992,7.2,1
0.0,2.9,3.2,77.348,0.0,0.0,3.715,7.2,1
0.0,0.45499992,1.2550005,5.4899983,1.1250005,1.2650006,3.0539994,7.2,1
0.0,2.2750006,2.4249992,5.5640016,0.23,3.3549993,5.986998,7.2,1
0.0,3.2650006,2.3549993,11.823003,0.0,0.0,3.6369994,7.2,1
0.0,2.91,0.86,2.824,0.0,0.0,3.284,7.2,1
0.0,3.0449994,11.375003,10.943997,0.5850001,7.245002,3.5850008,7.2,1
0.0,2.06,0.87,11.427,0.0,0.0,5.547,7.2,1
0.0,0.285,3.5350006,1.5239995,0.074999996,0.074999996,5.846998,7.2,1
0.0,0.93,0.94,17.788,0.41,1.28,3.368,7.2,1
0.0,3.09,3.09,143.59,0.0,0.0,6.228,7.2,1
0.0,2.1550007,2.3049994,4.7460017,0.074999996,0.074999996,5.993998,7.2,1
0.0,0.6649999,1.9950005,6.721998,0.87499994,5.515002,3.3749993,7.2,1
0.0,2.1950006,1.3150005,13.4120035,0.0,0.0075,6.0160017,7.2,1
0.0,6.65,2.09,6.249,1.21,7.56,3.004,7.2,1
0.0,1.2149994,8.5549965,4.4319983,0.0,0.0,3.5689993,7.2,1
0.0,2.6149993,8.685003,9.607,0.17500007,2.4749994,3.7070007,7.2,1
0.0,1.9149995,2.3150008,3.1799994,0.39499992,3.5650008,5.6469984,7.2,1
0.0,2.6250007,2.7749994,1.4260005,0.074999996,0.0,4.7779984,7.2,1
0.0,9.64,3.04,7.053,1.05,7.41,3.327,7.2,1
0.0,0.7749999,2.8449993,16.685003,0.074999996,0.074999996,6.1470017,7.2,1
0.0,1.1450006,3.0149994,16.003002,0.074999996,0.074999996,5.5620017,7.2,1
0.0,2.0450006,1.5250006,6.209998,0.75499994,4.3450017,3.0399992,7.2,1
0.0,1.0650004,1.6249995,5.0089984,0.0,0.074999996,3.0659993,7.2,1
0.0,0.7250001,3.1250007,4.764002,1.0550004,4.524998,5.7859983,7.2,1
0.0,2.6950006,2.8549993,-0.038999997,0.074999996,0.0,3.1940007,7.2,1
0.0,0.96499974,1.1250005,-0.26100007,0.7749999,4.394998,6.0609984,7.2,1
0.0,1.1350005,3.1649992,16.587004,0.074999996,0.074999996,5.467002,7.2,1
0.0,2.73,1.37,15.952,0.48,7.66,5.843,7.2,1
0.0,1.005,4.9349985,15.812003,0.68500006,12.144997,5.8730016,7.2,1
0.0,2.1050007,10.915003,6.3950005,0.8950001,6.265002,3.0019994,7.2,1
0.0,4.33,1.15,14.278,0.0,0.0,3.297,7.2,1
0.0,0.7649999,2.1549993,11.238003,0.47499993,4.5750012,5.540002,7.2,1
0.0,1.7650006,3.6050007,8.5009985,0.074999996,0.074999996,4.9369984,7.2,1
0.0,2.47,2.84,105.961,0.0,0.0,5.815,7.2,1
0.0,0.53499997,2.8550007,1.0699997,1.1549995,1.2949995,2.1889997,7.2,1
0.0,1.3999996,0.68499994,8.587003,0.0,0.074999996,6.008002,7.2,1
0.0,0.7750001,0.50499994,2.5939994,0.17499995,0.265,5.9229984,7.2,1
0.0,1.33,2.54,34.67,0.0,0.0,5.37,7.2,1
0.0,3.5,3.5,70.871,0.0,0.0,3.145,7.2,1
0.0,1.4349995,1.5850005,0.43499994,0.6549999,2.7150006,3.1140006,7.2,1
0.0,1.5049995,4.085002,2.5209994,0.074999996,0.014999997,3.3810008,7.2,1
0.0,0.5849999,3.0249994,10.230003,0.39500007,4.915002,5.6150017,7.2,1
0.0,0.8949999,3.2049994,18.279003,0.074999996,0.074999996,5.9390016,7.2,1
0.0,3.86,3.87,88.082,0.0,0.0,5.943,7.2,1
0.0,2.99,3.85,139.165,0.0,0.0,5.996,7.2,1
0.0,0.22499993,0.35999995,1.7229995,0.0,0.074999996,6.2750015,7.2,1
0.0,1.3550005,6.1849985,3.9160006,1.3,5.0650015,3.1929994,7.2,1
0.0,0.87499994,1.6549995,5.3429985,1.0049995,5.9250016,3.2249994,7.2,1
0.0,2.5750008,0.88499993,2.2649994,0.074999996,0.0,2.8840008,7.2,1
0.0,1.42,0.36,8.592,0.0,0.0,6.051,7.2,1
0.0,0.56499994,1.3449994,4.584998,0.074999996,0.044999998,3.3569994,7.2,1
0.0,2.2750006,1.1950005,6.6349983,0.63499993,3.8349993,6.036001,7.2,1
0.0,1.68,1.69,35.737,0.69,3.91,3.377,7.2,1
0.0,2.84,3.25,146.001,0.0,0.0,5.82,7.2,1
0.0,5.104998,5.2550015,5.039002,0.32499993,7.6149983,5.860998,7.2,1
0.0,2.8749993,6.334998,15.631997,0.074999996,0.015,5.4809985,7.2,1
0.0,0.8349999,2.5350006,2.4680007,0.074999996,0.0,3.4209993,7.2,1
0.0,0.16499996,0.31499994,1.2029995,0.0,0.074999996,5.4000015,7.2,1
0.0,1.1349995,0.48499992,2.3480008,0.074999996,0.0,2.0769994,7.2,1
0.0,5.2249985,3.0049994,6.9960012,0.074999996,0.0,3.4820006,7.2,1
0.0,30.26,9.55,50.737,0.46,23.34,5.948,7.2,1
0.0,3.98,5.54,58.612,0.0,0.0,3.106,7.2,1
0.0,2.8050008,6.625002,6.131002,0.074999996,0.074999996,4.2509985,7.2,1
0.0,0.8449999,2.6949992,14.120003,0.0,0.074999996,5.514002,7.2,1
0.0,2.15,2.16,54.843,0.28,1.94,3.223,7.2,1
0.0,0.63499993,1.0549995,3.4760008,0.074999996,0.059999995,3.2169993,7.2,1
0.0,2.2650006,1.5250006,13.0110035,0.022499999,0.074999996,5.6670017,7.2,1
0.0,2.2849994,4.6949983,5.6289983,0.0,0.074999996,1.6000005,7.2,1
0.0,0.28499994,0.79499996,2.1550007,0.014999997,0.074999996,3.2159994,7.2,1
0.0,0.25500005,1.6550001,0.81999993,0.465,0.29500008,2.5080006,7.2,1
0.0,0.61500007,0.25499994,2.1750007,0.36499992,0.57500005,3.3359993,7.2,1
0.0,5.77,2.86,7.687,0.0,0.0,5.913,7.2,1
0.0,1.2750006,4.1149983,3.7810006,1.2950001,5.015002,3.1980002,7.2,1
0.0,1.0650004,2.8349998,9.067003,0.059999995,0.0,3.3169994,7.2,1
0.0,1.2450005,2.1249993,12.282003,0.074999996,0.0,6.1030016,7.2,1
0.0,1.1149999,0.5149999,6.5019984,0.074999996,0.074999996,5.895002,7.2,1
0.0,0.12500007,0.18000002,-0.20500007,0.55,0.26500008,3.0350006,7.2,1
0.0,0.36499992,1.1250005,3.4610007,0.074999996,0.074999996,3.4749994,7.2,1
0.0,4.1,1.67,5.068,0.0,0.0,3.053,7.2,1
0.0,1.2750006,2.4449992,11.850003,0.29500008,4.4850016,5.7810016,7.2,1
0.0,0.9649999,1.5450006,8.683003,0.074999996,0.074999996,6.074002,7.2,1
0.0,11.17,3.37,17.316,0.17,2.94,5.971,7.2,1
0.0,2.0950007,1.2650006,6.302998,1.0450003,6.265002,3.0139992,7.2,1
0.0,0.49499992,0.49499992,6.7659984,0.28499994,0.40499994,3.7939994,7.2,1
0.0,0.33,0.33,10.842,0.0,0.0,5.382,7.2,1
0.0,10.15,2.27,0.742,0.71,0.53,0.328,7.2,1
0.0,0.0,1.4650005,-0.18200007,0.0075,0.0,6.091998,7.2,1
0.0,1.6449995,12.904997,10.146003,0.0,0.0,5.866998,7.2,1
0.0,2.43,2.44,112.807,0.0,0.0,6.243,7.2,1
0.0,4.49,4.59,241.467,0.7,18.74,5.961,7.2,1
0.0,9.85,3.3,20.066,0.0,0.0,6.081,7.2,1
0.0,0.61499995,1.4650005,8.082003,0.074999996,0.074999996,5.9430017,7.2,1
0.0,1.72,1.73,43.123,0.0,0.0,3.33,7.2,1
0.0,3.03,0.98,18.45,0.0,0.0,6.089,7.2,1
0.0,7.39,1.56,9.319,0.0,0.0,5.974,7.2,1
0.0,15.96,4.9,11.865,0.0,0.0,3.004,7.2,1
0.0,1.0049995,1.1650006,0.39599994,0.55499995,3.0150006,5.8899984,7.2,1
0.0,1.1249995,1.2750006,1.1610005,1.005,6.584998,5.892998,7.2,1
0.0,4.1,1.4,7.401,0.0,0.0,5.324,7.2,1
0.0,2.7849994,7.254998,16.654997,0.074999996,0.0,6.0429983,7.2,1
0.0,0.22499993,0.42499992,1.9479998,0.0,0.074999996,5.855002,7.2,1
0.0,11.78,4.71,15.515,0.0,0.0,3.301,7.2,1
0.0,1.75,1.75,53.618,0.0,0.0,5.963,7.2,1
0.0,0.14499998,0.12000006,0.368,0.81499994,0.35499993,2.3279994,7.2,1
0.0,1.1549995,1.3150005,-0.30000007,0.6649999,4.2049985,5.820998,7.2,1
0.0,0.69499993,1.3050005,6.7079983,0.074999996,0.074999996,5.6350017,7.2,1
0.0,9.0,2.08,9.856,0.0,0.0,4.738,7.2,1
0.0,0.8,0.81,19.028,0.0,0.0,3.22,7.2,1
0.0,0.12500007,0.51500005,1.2670006,1.2550005,1.3349994,5.8849983,7.2,1
0.0,0.79499996,2.1450007,7.1399984,0.75499994,4.9850016,3.3249993,7.2,1
0.0,0.7950001,0.94499993,-0.13900007,0.8949999,2.1950006,3.1140006,7.2,1
0.0,1.39,1.39,60.207,0.43,3.53,5.906,7.2,1
0.0,0.46,0.46,24.364,1.15,3.05,5.763,7.2,1
0.0,1.9049995,0.48499992,2.5259993,0.074999996,0.074999996,5.9029984,7.2,1
0.0,2.6250007,18.524998,11.664997,0.10500006,2.0150006,4.2179985,7.2,1
0.0,1.0450003,1.0550004,9.477003,0.074999996,0.0,3.3669994,7.2,1
0.0,15.19,6.1,16.366,1.06,17.35,3.234,7.2,1
0.0,0.39500007,0.53999996,0.47599992,0.7249999,0.9250001,3.2060006,7.2,1
0.0,0.75,0.76,18.468,0.78,1.99,3.397,7.2,1
0.0,0.6050001,0.7749999,0.9549999,0.38499993,0.63500005,3.3160007,7.2,1
0.0,2.1949992,6.294998,6.969002,1.3,8.700003,3.1770008,7.2,1
0.0,1.7150005,3.4550006,8.459003,0.0,0.074999996,3.0909994,7.2,1
0.0,0.26500008,0.24499993,0.56499994,1.0900004,0.42500007,2.9870007,7.2,1
0.0,0.69500005,0.27499995,2.2090006,0.9649999,1.9549999,3.0409994,7.2,1
0.0,0.93499994,1.8550005,10.745003,0.36499992,3.0650008,6.1880016,7.2,1
0.0,0.935,0.75499994,3.2350006,0.074999996,0.0,3.3519993,7.2,1
0.0,0.69499993,2.5049994,8.034003,0.074999996,0.074999996,3.4259994,7.2,1
0.0,1.5,1.5,23.251,0.69,6.16,5.953,7.2,1
0.0,0.27499995,0.7049999,2.0870006,0.0,0.074999996,3.5619993,7.2,1
0.0,0.88500005,4.5650015,5.585998,0.074999996,0.0,5.821998,7.2,1
0.0,0.5849999,1.3150005,7.425998,0.074999996,0.074999996,6.173002,7.2,1
0.0,1.42,1.42,73.211,0.0,0.0,6.076,7.2,1
0.0,3.6450007,1.3150005,1.3570005,0.9049999,0.9849996,0.9589999,7.2,1
0.0,8.8,4.56,25.535,1.01,25.79,5.83,7.2,1
0.0,1.1350005,2.4749994,14.339003,0.074999996,0.074999996,6.0810018,7.2,1
0.0,1.4849994,1.6350005,0.21199992,0.074999996,0.0,5.6929984,7.2,1
0.0,7.27,3.0,6.12,0.0,0.0,3.171,7.2,1
0.0,0.6549999,1.9950005,11.572003,0.074999996,0.074999996,6.173002,7.2,1
0.0,3.31,0.86,2.807,0.0,0.0,3.264,7.2,1
0.0,1.0,2.48,47.352,0.0,0.0,5.729,7.2,1
0.0,2.2850006,2.4449992,3.1389992,0.26499993,1.3149995,3.0190008,7.2,1
0.0,2.99,3.12,92.501,0.0,0.0,6.084,7.2,1
0.0,2.0950007,2.7950006,1.2310005,0.42499992,2.0150006,2.6820006,7.2,1
0.0,1.3450005,3.4050007,3.9320006,0.0,0.074999996,3.2299993,7.2,1
0.0,2.33,0.72,13.344,0.0,0.0,5.727,7.2,1
0.0,1.1250005,3.4049993,11.0700035,0.074999996,0.0,3.4219992,7.2,1
0.0,23.94,6.98,26.002,0.67,17.42,3.97,7.2,1
0.0,1.04,1.04,19.982,0.0,0.0,3.171,7.2,1
0.0,2.6350007,2.7949994,0.14599998,0.6449999,8.475003,5.458998,7.2,1
0.0,0.44500005,0.35499993,1.4719995,0.5249999,0.62500006,3.0499992,7.2,1
0.0,1.4649994,7.665002,9.496998,0.074999996,0.0,6.052998,7.2,1
0.0,0.18499994,0.4649999,2.1490006,1.0749995,2.6349993,5.778002,7.2,1
0.0,0.055,0.01,0.25599995,0.074999996,0.0,6.4729986,7.2,1
0.0,1.4,1.41,48.141,0.34,2.36,4.953,7.2,1
0.0,3.47,1.63,10.868,0.0,0.0,3.132,7.2,1
0.0,3.7,3.71,65.719,0.85,9.9,3.148,7.2,1
0.0,1.1850005,2.9949994,16.366003,0.074999996,0.074999996,5.705002,7.2,1
0.0,3.73,3.76,1.119,0.8,14.41,4.83,7.2,1
0.0,3.0350006,3.1849992,5.1370015,0.074999996,0.074999996,3.2820008,7.2,1
0.0,7.22,2.3,6.69,0.0,0.0,3.126,7.2,1
0.0,0.8450001,1.2549995,2.1569993,0.5749999,2.5850008,5.709998,7.2,1
0.0,2.8150008,1.1750005,3.4159994,0.074999996,0.0,2.9900007,7.2,1
0.0,2.52,2.52,75.152,0.0,0.0,6.012,7.2,1
0.0,4.4850016,18.005003,14.288997,1.1750005,15.565003,3.1480007,7.2,1
0.0,0.39499992,0.88499993,4.834998,0.0,0.074999996,6.2130017,7.2,1
0.0,2.57,1.07,16.047,0.0,0.0,6.244,7.2,1
0.0,7.0,7.01,8.731,1.24,51.4,5.922,7.2,1
0.0,4.294998,2.6949992,6.278002,1.3,7.8250017,2.8510008,7.2,1
0.0,9.46,2.46,14.801,0.0,0.0,6.041,7.2,1
0.0,0.88500005,0.32499993,2.9890006,0.39499992,0.9050001,3.2669992,7.2,1
0.0,2.0350006,2.1949992,1.4680005,0.49499992,2.5050006,2.8310006,7.2,1
0.0,1.6849995,1.8350005,0.29399994,1.3,7.3249984,3.1860006,7.2,1
0.0,1.82,0.57,10.576,0.21,2.22,5.811,7.2,1
0.0,0.19499993,0.19499993,3.5010006,0.5149999,0.08500002,3.1499994,7.2,1
0.0,4.1549983,2.6049993,12.022003,0.074999996,0.074999996,5.8910017,7.2,1
0.0,1.9549999,2.1049993,1.9550005,0.68499994,3.9649994,3.1870008,7.2,1
0.0,0.76500005,0.5749999,4.861998,0.074999996,0.074999996,5.9520016,7.2,1
0.0,0.25500008,0.30000004,-0.048999995,0.55499995,0.27500007,2.1490006,7.2,1
0.0,3.96,1.01,23.258,0.0,0.0,5.873,7.2,1
0.0,2.0350006,1.1750005,6.3499985,1.2050005,7.335002,3.1199994,7.2,1
0.0,3.6850007,4.1749983,10.279997,0.68499994,12.644997,5.405998,7.2,1
0.0,2.0,2.97,31.733,0.0,0.0,2.904,7.2,1
0.0,2.0650008,1.1950005,6.2539983,0.42499992,2.2949994,3.0319993,7.2,1
0.0,0.87499994,2.8849993,16.500004,0.0,0.074999996,5.974002,7.2,1
0.0,1.0550004,3.4949994,16.002003,0.0,0.074999996,5.9000015,7.2,1
0.0,1.9850004,2.3349993,-0.46200007,0.074999996,0.0,5.669998,7.2,1
0.0,1.1549995,2.3849993,1.6830006,0.074999996,0.074999996,5.6679983,7.2,1
0.0,3.25,3.26,54.314,0.7,13.88,6.103,7.2,1
0.0,0.125,0.13499999,0.7200001,0.23499992,0.095,3.0749993,7.2,1
0.0,2.1549993,9.885003,12.572003,0.68500006,9.684997,6.004998,7.2,1
0.0,0.9,0.91,13.79,0.0,0.0,5.549,7.2,1
0.0,3.13,1.01,9.776,1.21,11.83,3.123,7.2,1
0.0,5.77,5.78,226.984,0.42,14.59,6.019,7.2,1
0.0,3.32,3.33,85.556,0.0,0.0,5.383,7.2,1
0.0,9.08,3.62,9.428,0.0,0.0,2.993,7.2,1
0.0,5.68,2.51,6.451,0.0,0.0,2.959,7.2,1
0.0,0.34499994,2.2450006,3.6710007,0.0,0.074999996,3.5439994,7.2,1
0.0,2.2250006,1.5350006,6.834998,0.53499997,3.2549994,3.0789993,7.2,1
0.0,1.8950006,5.004998,5.901002,0.074999996,0.074999996,3.1260006,7.2,1
0.0,2.3250008,2.7349994,1.4710006,0.074999996,0.0,3.6670008,7.2,1
0.0,2.04,2.05,38.017,0.0,0.0,5.834,7.2,1
0.0,6.96,2.9,40.87,0.0,0.0,5.872,7.2,1
0.0,0.8950001,1.2649995,1.5630006,0.68499994,1.7549995,3.0180006,7.2,1
0.0,2.3449993,3.7149994,19.292004,0.074999996,0.0,2.8309994,7.2,1
0.0,0.95499986,0.7049999,3.3530006,0.074999996,0.0,3.4029994,7.2,1
0.0,4.185002,4.5650015,30.573004,0.074999996,0.0,3.0429993,7.2,1
0.0,2.2550006,1.1250005,7.9930024,0.92499995,6.935002,3.5379994,7.2,1
0.0,0.56500006,0.68499994,1.5710006,1.2850006,4.4949985,5.826998,7.2,1
0.0,2.2550006,0.7649999,2.3359993,0.074999996,0.0,3.2500007,7.2,1
0.0,1.8050005,8.045003,5.8410015,0.5749999,2.8050008,3.4079993,7.2,1
0.0,3.47,3.47,57.992,0.0,0.0,3.098,7.2,1
0.0,0.35499993,0.56499994,2.7060006,0.0,0.074999996,6.1210017,7.2,1
0.0,0.27499995,0.6649999,1.7639995,0.074999996,0.074999996,3.2459993,7.2,1
0.0,1.1,1.11,42.005,0.0,0.0,6.275,7.2,1
0.0,2.31,5.95,36.64,0.56,20.52,6.168,7.2,1
0.0,0.36499992,0.79499996,4.189998,1.0049995,4.685002,5.9990015,7.2,1
0.0,1.2150005,2.9949994,15.076003,1.1049994,17.954996,6.0640016,7.2,1
0.0,8.01,3.0,6.159,1.09,6.71,2.762,7.2,1
0.0,0.7249999,2.5850008,7.0799985,0.074999996,0.074999996,3.2269993,7.2,1
0.0,14.29,2.94,17.558,1.3,22.83,5.992,7.2,1
0.0,1.68,1.68,48.199,0.44,4.31,5.829,7.2,1
0.0,4.3249984,4.4850016,6.014002,0.074999996,0.074999996,5.715998,7.2,1
0.0,1.1550006,2.9949994,17.421003,0.074999996,0.074999996,6.067002,7.2,1
0.0,2.9550006,2.0549996,9.628003,0.074999996,0.0,3.2769992,7.2,1
0.0,0.80499995,2.8949993,16.557003,0.8349999,12.565003,5.9730015,7.2,1
0.0,2.34,3.02,64.136,0.0,0.0,5.568,7.2,1
0.0,3.3750007,2.1849992,5.170998,0.7149999,3.2850006,1.4459995,7.2,1
0.0,0.7649999,2.4849994,7.795998,0.074999996,0.074999996,3.3549993,7.2,1
0.0,1.9349996,11.044997,5.914002,0.49500006,3.2550006,2.9799993,7.2,1
0.0,0.15499999,2.8450007,0.5720001,0.074999996,0.0,4.6960015,7.2,1
0.0,0.43499994,0.97999996,3.0610006,0.48499992,1.2749999,3.4109993,7.2,1
0.0,1.9149995,1.015,11.917003,0.86500007,11.344997,6.1010017,7.2,1
0.0,8.6,3.44,10.959,0.0,0.0,4.807,7.2,1
0.0,1.3749995,0.49499992,4.6259985,0.074999996,0.0,3.3169994,7.2,1
0.0,1.6,1.65,24.756,0.16,0.73,2.864,7.2,1
0.0,2.2249994,10.455003,12.648003,0.0,0.0,5.8429985,7.2,1
0.0,1.65,0.59,10.018,0.76,7.61,6.072,7.2,1
0.0,1.06,1.06,62.909,0.37,2.39,6.083,7.2,1
0.0,2.1750007,1.1250005,3.5019994,0.7749999,2.3250008,3.1890006,7.2,1
0.0,0.7249999,1.8750005,10.907003,0.5350001,6.7750015,6.1760015,7.2,1
0.0,2.58,0.57,3.32,0.77,2.56,5.929,7.2,1
0.0,1.3399998,0.56499994,8.007003,0.0,0.074999996,5.974002,7.2,1
0.0,0.36499992,1.1750005,6.2869983,0.074999996,0.074999996,5.9120016,7.2,1
0.0,1.3450001,3.5050006,7.8530016,0.9649999,6.995002,5.7729983,7.2,1
0.0,1.2949995,0.53499997,2.8359993,0.7649999,1.9850005,5.926998,7.2,1
0.0,1.1749995,3.2950006,7.6700015,0.074999996,0.074999996,6.0009985,7.2,1
0.0,3.0,3.01,81.092,1.13,20.42,6.023,7.2,1
0.0,0.25499994,0.67499995,3.5310006,0.0,0.074999996,6.085002,7.2,1
0.0,1.5649995,1.7250005,0.097,0.18499994,0.9949996,5.8369985,7.2,1
0.0,3.72,3.72,68.916,0.24,4.77,5.342,7.2,1
0.0,0.34499994,0.9549999,5.4239984,0.0,0.074999996,6.324002,7.2,1
0.0,0.31500006,0.18499994,1.3549994,1.0200001,1.4950005,3.7419994,7.2,1
0.0,1.8249995,2.5949993,1.4980005,0.074999996,0.0,4.874998,7.2,1
0.0,0.8950001,0.31499994,1.4690006,0.074999996,0.074999996,5.985998,7.2,1
0.0,0.7749999,1.5849994,5.446998,0.074999996,0.0,3.4019992,7.2,1
0.0,5.24,1.95,10.8,0.95,10.26,5.538,7.2,1
0.0,1.5850005,6.664998,2.8970006,1.1750005,3.2999997,1.8929995,7.2,1
0.0,1.45,0.47,8.462,0.0,0.0,5.836,7.2,1
0.0,0.92999995,0.30499995,5.175998,0.074999996,0.074999996,5.909002,7.2,1
0.0,2.0950007,1.4150006,2.044,1.1650006,2.0750008,1.8179995,7.2,1
0.0,1.39,1.4,19.912,0.0,0.0,3.165,7.2,1
0.0,3.9150007,4.105002,1.5700005,0.074999996,0.0,2.8800006,7.2,1
0.0,0.78,0.78,15.708,0.25,1.05,5.408,7.2,1
0.0,1.0950005,2.0050004,10.938003,0.074999996,0.014999997,5.7810016,7.2,1
0.0,0.5950001,0.74499995,1.4370005,1.1850005,4.4249983,5.9769983,7.2,1
0.0,9.294997,26.185003,55.202995,0.99499995,50.795,5.9039984,7.2,1
0.0,1.7549995,0.6549999,5.7979984,0.074999996,0.0,3.2839994,7.2,1
0.0,2.0450006,5.7350016,0.66699994,0.63499993,3.4150007,2.8680007,7.2,1
0.0,2.0150003,2.9350007,9.777003,0.0,0.074999996,3.3699994,7.2,1
0.0,0.9649999,2.8149993,16.088003,1.2950006,19.794996,5.9960017,7.2,1
0.0,2.5050006,2.9349992,3.5189993,0.074999996,0.074999996,5.624998,7.2,1
0.0,1.5650005,7.2300005,7.2739983,0.0,0.0,5.007002,7.2,1
0.0,0.795,0.5149999,4.8579984,0.0525,0.074999996,5.948002,7.2,1
0.0,0.19499993,0.25500005,0.7710001,1.0550004,0.9049999,3.2079992,7.2,1
0.0,7.74,1.56,5.062,1.01,5.11,3.245,7.2,1
0.0,21.95,4.5,24.46,0.15,3.67,5.436,7.2,1
0.0,0.62499994,1.7849995,5.5469985,0.80499995,4.1750016,3.0979993,7.2,1
0.0,2.54,0.85,8.444,0.0,0.0,3.324,7.2,1
0.0,2.4649994,11.055003,7.289002,0.0,0.0,3.0929992,7.2,1
0.0,5.84,1.96,11.745,0.61,7.16,6.023,7.2,1
0.0,5.64,1.73,5.139,0.67,3.44,3.273,7.2,1
0.0,4.98,2.12,6.303,0.74,4.66,3.045,7.2,1
0.0,1.3050005,2.5949993,14.918003,0.39499992,4.7249985,6.0250015,7.2,1
0.0,0.8450001,0.67499995,2.9330006,0.074999996,0.029999997,3.3449993,7.2,1
0.0,5.18,2.29,6.74,0.0,0.0,3.135,7.2,1
0.0,8.75,1.94,11.477,0.85,9.76,5.916,7.2,1
0.0,1.0350002,3.3049994,6.7869983,0.9050001,6.7950015,3.2369993,7.2,1
0.0,1.44,1.46,15.129,0.89,4.23,3.299,7.2,1
0.0,1.9249995,2.5049994,0.27299994,0.074999996,0.0,3.0210006,7.2,1
0.0,5.375002,18.385002,31.720003,0.074999996,0.0,5.9239984,7.2,1
0.0,2.2249994,7.874998,4.7860017,0.0,0.0,2.1160007,7.2,1
0.0,0.28499994,0.93499994,3.983999,0.0,0.074999996,5.7920017,7.2,1
0.0,0.93499994,2.9249992,13.326003,0.03,0.074999996,5.876002,7.2,1
0.0,2.18,2.48,46.372,0.55,3.69,3.078,7.2,1
0.0,3.36,1.06,20.14,0.0,0.0,5.994,7.2,1
0.0,0.36499992,1.1550006,3.3750007,0.6649999,1.965,3.2989993,7.2,1
0.0,2.0450006,0.7149999,6.1349983,0.7749999,4.4250016,3.0039992,7.2,1
0.0,2.12,0.66,12.41,0.0,0.0,5.854,7.2,1
0.0,0.8249999,0.8249999,9.992003,0.074999996,0.074999996,5.947002,7.2,1
0.0,2.0,2.01,63.503,0.0,0.0,5.218,7.2,1
0.0,3.4,3.43,53.406,0.3,4.77,4.676,7.2,1
0.0,0.475,0.45999995,2.3610008,1.0700002,2.5449998,5.3710017,7.2,1
0.0,1.3250005,4.004998,12.901003,0.84,10.584997,3.3679993,7.2,1
0.0,5.62,2.05,12.52,0.19,2.38,6.137,7.2,1
0.0,0.80500007,1.6050005,-0.12700008,0.074999996,0.0,5.6079984,7.2,1
0.0,4.45,2.02,6.37,0.0,0.0,3.153,7.2,1
0.0,1.1949995,0.7849999,3.2590008,0.9049999,2.8449993,2.6999993,7.2,1
0.0,1.2449995,0.80499995,3.9999983,0.074999996,0.0,3.1619992,7.2,1
0.0,2.4,0.63,7.46,0.96,7.16,3.108,7.2,1
0.0,2.7050006,1.2650006,6.9219985,0.074999996,0.074999996,5.854998,7.2,1
0.0,2.44,2.89,100.565,0.0,0.0,5.93,7.2,1
0.0,4.74,1.03,6.0,0.0,0.0,5.825,7.2,1
0.0,2.0050004,3.8150008,12.1030035,0.29500008,4.585002,3.2059994,7.2,1
0.0,11.71,2.69,16.462,0.15,2.47,6.143,7.2,1
0.0,13.59,3.58,10.63,1.1,11.69,3.154,7.2,1
0.0,10.51,2.46,8.347,0.2,1.67,3.407,7.2,1
0.0,2.0250006,1.0250001,11.188003,0.0,0.0,5.4380016,7.2,1
0.0,9.94,2.51,12.724,0.3,3.82,5.68,7.2,1
0.0,0.7149999,2.5349994,14.567003,0.074999996,0.074999996,6.027002,7.2,1
0.0,2.6949992,12.225003,11.579997,0.62499994,6.254998,4.315998,7.2,1
0.0,11.12,2.92,13.689,0.0,0.0,4.688,7.2,1
0.0,7.27,1.92,11.164,0.0,0.0,5.845,7.2,1
0.0,2.3750007,1.4750005,2.6319993,0.55499995,1.1549995,2.4820006,7.2,1
0.0,3.8750007,2.5249994,17.691004,0.31500006,7.0050015,4.573002,7.2,1
0.0,2.8249993,8.395003,14.812997,1.3,18.794996,5.2839985,7.2,1
0.0,7.23,1.71,5.644,0.34,1.92,3.301,7.2,1
0.0,0.04,0.014999997,0.129,0.30499995,0.0075,2.6250007,7.2,1
0.0,1.2349994,1.4050006,0.5109999,0.074999996,0.0,3.2980006,7.2,1
0.0,1.9850004,9.955003,6.5599985,0.9150001,6.645002,3.2959993,7.2,1
0.0,2.1650007,2.3349993,0.42999992,0.074999996,0.0,3.0740006,7.2,1
0.0,1.79,1.79,44.625,0.12,1.24,5.785,7.2,1
0.0,0.029999997,0.22500008,0.23999998,0.0,0.022499999,3.6750007,7.2,1
0.0,2.28,0.71,7.525,0.0,0.0,3.3,7.2,1
0.0,1.4349995,0.5849999,1.1680006,0.074999996,0.0,2.2020006,7.2,1
0.0,1.3649995,1.8549994,1.1370006,0.23499992,0.5850001,2.7710006,7.2,1
0.0,0.7849999,1.7949995,3.6280007,0.27500007,1.3750005,3.0859993,7.2,1
0.0,0.36500007,0.20499992,0.40499994,0.32499993,0.0049999957,2.9250007,7.2,1
0.0,0.9149999,2.2050006,6.2729983,0.6649999,3.8249993,2.8709993,7.2,1
0.0,2.4350007,1.4550005,7.989002,0.75499994,5.5550017,3.2879994,7.2,1
0.0,3.91,4.37,51.136,1.13,13.66,3.092,7.2,1
0.0,0.31499994,0.99499995,2.8770006,0.24499993,0.5749999,3.3189993,7.2,1
0.0,1.61,5.62,42.179,0.0,0.0,3.54,7.2,1
0.0,3.43,3.44,1.059,1.25,20.67,4.821,7.2,1
0.0,1.1150005,3.5349996,11.086003,0.35,3.9849994,3.2819993,7.2,1
0.0,1.6450006,3.0049994,17.361004,0.074999996,0.0,6.046002,7.2,1
0.0,0.44499993,0.7249999,3.8080006,0.0,0.074999996,6.0490017,7.2,1
0.0,0.4649999,1.2750006,6.8259983,0.074999996,0.074999996,5.8740015,7.2,1
0.0,1.2849995,2.3799994,0.6269999,0.074999996,0.0,3.0210006,7.2,1
0.0,4.04,4.05,136.059,0.0,0.0,5.916,7.2,1
0.0,2.23,0.68,7.024,0.63,4.43,3.15,7.2,1
0.0,0.34499994,4.794998,5.597998,0.6650001,0.6049999,2.7159994,7.2,1
0.0,1.0549995,1.2150005,-0.022999994,0.5749999,2.9450006,5.2769985,7.2,1
0.0,2.68,2.69,112.576,0.0,0.0,5.917,7.2,1
0.0,0.6049999,1.0249995,3.1279993,0.23499992,0.41500008,5.6849985,7.2,1
0.0,0.69,0.69,17.887,0.34,1.37,5.83,7.2,1
0.0,2.0850008,1.8550005,6.274998,0.074999996,0.074999996,3.0149994,7.2,1
0.0,1.8649995,2.025,1.9720005,1.3,8.325003,3.2830007,7.2,1
0.0,0.9949996,1.1550006,-0.37800008,0.62499994,1.8349994,3.1760006,7.2,1
0.0,0.23000002,0.14499998,1.4539995,0.0,0.0,5.9560018,7.2,1
0.0,0.22000003,1.015,0.808,0.0,0.0,3.247,7.2,1
0.0,1.18,1.46,21.795,0.97,3.06,2.669,7.2,1
0.0,1.52,0.42,9.134,1.18,10.78,6.009,7.2,1
0.0,2.1450007,2.3049994,0.63899994,0.8249999,5.6949983,3.3890007,7.2,1
0.0,2.0650008,2.2149994,3.1399994,0.63499993,3.7150006,3.0910006,7.2,1
0.0,0.9150001,0.35499993,3.0960007,0.5149999,1.3249995,3.2779994,7.2,1
0.0,2.56,2.56,57.715,0.0,0.0,6.115,7.2,1
0.0,0.8449999,1.5850005,8.190003,0.074999996,0.074999996,5.5490017,7.2,1
0.0,3.2149994,14.855003,9.924997,0.074999996,0.0,3.0620008,7.2,1
0.0,3.0450006,1.9050006,8.881003,0.41499993,3.1249993,2.9459994,7.2,1
0.0,2.2550006,1.2250005,12.6950035,0.7149999,8.244997,5.5560017,7.2,1
0.0,2.82,2.83,45.503,0.67,5.91,3.129,7.2,1
0.0,2.9150007,1.4850005,9.947003,0.074999996,0.0,3.4269993,7.2,1
0.0,3.0850008,3.1899998,5.7480016,1.2450005,20.435003,5.471998,7.2,1
0.0,0.38499993,1.2650006,6.892998,0.074999996,0.074999996,5.9300017,7.2,1
0.0,1.4150006,2.3449993,13.3270035,0.074999996,0.0,5.9790015,7.2,1
0.0,1.4449995,1.5950005,1.3720006,0.074999996,0.0,3.2780006,7.2,1
0.0,1.8449994,1.9950005,4.651002,0.63499993,6.32,5.8059983,7.2,1
0.0,3.67,0.91,5.351,0.19,1.02,5.88,7.2,1
0.0,1.1749995,1.8049995,1.2010006,0.074999996,0.0,2.9130006,7.2,1
0.0,0.38,0.39,19.278,0.62,1.42,6.008,7.2,1
0.0,1.4249995,0.53499997,4.307998,0.074999996,0.0,2.9969993,7.2,1
0.0,0.7849999,1.2450005,6.966998,0.074999996,0.074999996,6.094002,7.2,1
0.0,0.35499993,1.0549997,2.9670007,1.2650006,3.5450006,2.8659992,7.2,1
0.0,2.48,6.25,71.629,0.2,1.77,3.564,7.2,1
0.0,7.54,7.54,300.09,0.12,5.38,5.949,7.2,1
0.0,1.4650005,2.9050007,9.685003,0.0,0.0,3.3609993,7.2,1
0.0,5.58,1.44,2.96,0.0,0.0,2.643,7.2,1
0.0,0.44000003,2.1700003,1.4709997,0.06,0.0,3.3009994,7.2,1
0.0,7.15,1.83,10.269,0.0,0.0,5.642,7.2,1
0.0,3.6250007,3.7849994,4.436002,0.074999996,0.074999996,5.7979984,7.2,1
0.0,4.2,4.56,57.358,1.01,13.96,3.29,7.2,1
0.0,1.9449997,1.1850005,5.899998,0.26499993,1.0649995,3.0329993,7.2,1
0.0,1.3149995,0.94499993,4.5739985,0.99499995,4.355002,3.4199994,7.2,1
0.0,1.5149995,1.6750005,1.8120005,0.074999996,0.0,3.1460006,7.2,1
0.0,0.28499994,0.8949999,4.8319983,0.0,0.074999996,6.059002,7.2,1
0.0,1.8549994,1.8699995,5.6670017,0.22499993,1.6849995,6.0089984,7.2,1
0.0,0.67499995,1.8350005,10.706003,0.074999996,0.074999996,6.2360015,7.2,1
0.0,1.0950005,1.6149995,5.208998,0.6450001,3.8749993,3.2019994,7.2,1
0.0,1.9950005,2.1449993,2.9479992,1.0850005,6.6849985,3.1570008,7.2,1
0.0,3.5549994,8.255003,21.143997,0.06,0.0,5.978998,7.2,1
0.0,11.33,3.15,18.18,0.34,6.18,5.79,7.2,1
0.0,2.2350006,1.1050005,6.9099984,0.074999996,0.0,3.0989993,7.2,1
0.0,2.37,0.89,13.466,1.27,17.1,5.682,7.2,1
0.0,1.9850004,4.435002,0.43299994,0.074999996,0.0,2.8530006,7.2,1
0.0,3.3749993,9.545003,19.858997,0.074999996,0.0,5.919998,7.2,1
0.0,2.2950006,1.3650005,12.993003,0.0,0.074999996,5.5890017,7.2,1
0.0,0.31500006,0.4649999,-0.16400006,0.037499998,0.0,3.0710006,7.2,1
0.0,1.9850005,6.314998,3.0819993,0.074999996,0.0,1.4989995,7.2,1
0.0,1.6749995,0.61499995,5.3399982,0.074999996,0.0,3.1689994,7.2,1
0.0,0.30500007,1.2250005,0.9429999,0.074999996,0.0,5.7119985,7.2,1
0.0,1.6149995,1.7650006,-0.33900008,1.1450006,5.874998,3.2150006,7.2,1
0.0,1.8849995,2.0649996,1.3500005,0.61499995,3.2350006,3.0520008,7.2,1
0.0,0.19000003,0.9649999,1.303,0.074999996,0.015,5.9079995,7.2,1
0.0,1.29,1.29,16.107,0.0,0.0,3.727,7.2,1
0.0,0.30499995,0.75499994,3.8420007,0.0,0.074999996,5.921002,7.2,1
0.0,0.055,0.095,0.13599999,0.7249999,0.0,1.7750006,7.2,1
0.0,0.6649999,1.6450006,9.347003,0.9849996,10.064997,6.0760016,7.2,1
0.0,0.42499992,0.43499994,2.3050008,0.8249999,0.7750001,3.3179994,7.2,1
0.0,0.9849996,0.44499993,2.2820008,0.074999996,0.0,2.2989993,7.2,1
0.0,0.9999998,0.43499994,5.881998,0.074999996,0.074999996,5.8580017,7.2,1
0.0,1.3949995,6.0050015,3.4419994,0.074999996,0.074999996,5.563998,7.2,1
0.0,2.6150007,2.7749994,2.2339993,0.63499993,4.8449984,3.1900008,7.2,1
0.0,2.9450006,4.4049983,3.3189993,0.55499995,8.625003,5.9249983,7.2,1
0.0,0.895,0.35499993,5.083998,0.0075,0.074999996,6.1440015,7.2,1
0.0,3.71,1.2,11.402,0.0,0.0,3.073,7.2,1
0.0,0.45499992,1.5650005,8.599003,0.8550001,8.144997,5.896002,7.2,1
0.0,0.935,1.0950005,0.62399995,0.074999996,0.0,3.2190006,7.2,1
0.0,2.5450006,1.3850005,11.016003,0.16500007,2.7349994,4.3080015,7.2,1
0.0,0.69499993,3.9550002,2.5380006,0.074999996,0.0,4.290002,7.2,1
0.0,1.7749995,1.9350005,1.0170001,0.7649999,3.9150007,3.0500007,7.2,1
0.0,0.7950001,3.1550007,5.388002,0.074999996,0.0,6.031998,7.2,1
0.0,1.1949995,1.3550005,0.48499992,0.074999996,0.0,2.9310007,7.2,1
0.0,3.98,1.79,23.72,0.0,0.0,5.96,7.2,1
0.0,0.27500007,0.17499995,1.0859995,0.0,0.0,3.3919992,7.2,1
0.0,1.4150006,2.8949993,17.160004,0.074999996,0.074999996,6.1870017,7.2,1
0.0,1.3849995,0.87499994,8.526003,0.35999995,2.6549993,5.9660015,7.2,1
0.0,1.9149995,2.0749993,3.3669994,0.8549999,8.675003,5.564998,7.2,1
0.0,1.0849994,3.0950007,7.112002,1.3,9.014997,5.9909983,7.2,1
0.0,1.7049994,1.9250005,0.61599994,0.45499992,3.5150006,5.2389984,7.2,1
0.0,0.7149999,2.2349994,12.967003,0.56499994,6.4650016,6.1410017,7.2,1
0.0,2.3350008,2.4849994,0.68499994,0.074999996,0.0,5.795998,7.2,1
0.0,3.3250008,2.2149994,11.088003,0.074999996,0.0,3.3579993,7.2,1
0.0,0.38000005,1.7150003,1.3269997,0.48499992,0.48500007,3.0730004,7.2,1
0.0,2.1249993,4.1349983,11.409003,0.0,0.0,3.1049993,7.2,1
0.0,2.5850008,4.6549983,3.1209993,0.7849999,5.9449983,3.1150007,7.2,1
0.0,2.2950006,0.8549999,3.1149993,0.074999996,0.074999996,5.7709985,7.2,1
0.0,1.2649995,0.67499995,3.5829992,1.1550006,3.7150006,5.7719984,7.2,1
0.0,0.22000003,1.2400004,1.3919998,0.0525,0.0,5.718001,7.2,1
0.0,0.40499994,0.8349999,4.3369985,0.0,0.074999996,6.0370016,7.2,1
0.0,1.4349995,0.50499994,1.4040005,0.074999996,0.0,3.0160007,7.2,1
0.0,1.67,0.46,10.223,0.0,0.0,6.122,7.2,1
0.0,1.4649994,0.6049999,4.9439983,0.21499993,0.62500006,3.3339994,7.2,1
0.0,1.6349995,1.4550005,5.0369983,0.074999996,0.074999996,3.0639994,7.2,1
0.0,5.0350018,23.185003,30.275997,0.20500007,8.385003,6.0139985,7.2,1
0.0,1.3450005,5.374998,7.449002,1.3,9.364997,5.7309985,7.2,1
0.0,5.65,1.52,5.011,0.84,4.21,3.297,7.2,1
0.0,1.9150006,2.8749993,16.480003,0.074999996,0.0,5.988002,7.2,1
0.0,3.0249994,14.895003,17.783997,0.7849999,12.644997,5.927998,7.2,1
0.0,4.5,0.94,5.529,0.87,4.81,5.945,7.2,1
0.0,2.06,2.79,25.327,0.0,0.0,2.972,7.2,1
0.0,1.2750006,3.2149994,14.986003,0.5249999,6.78,5.612002,7.2,1
0.0,2.8550007,1.2650006,6.960998,0.40499994,2.2450006,6.0380015,7.2,1
0.0,2.1650007,3.6450007,0.79499996,0.074999996,0.0,2.5460007,7.2,1
0.0,1.5,1.5,40.326,0.12,0.58,3.195,7.2,1
0.0,1.3249995,0.6049999,3.7360008,0.074999996,0.0,2.7969992,7.2,1
0.0,2.99,4.46,88.162,0.0,0.0,3.326,7.2,1
0.0,2.08,2.86,45.294,0.0,0.0,2.912,7.2,1
0.0,0.059999995,0.01,0.27499995,0.55500007,0.044999994,4.9249983,7.2,1
0.0,22.25,5.98,31.291,0.0,0.0,5.805,7.2,1
0.0,1.3949995,1.5550005,0.073,0.074999996,0.0,5.8199983,7.2,1
0.0,3.2550006,3.7549994,1.7310005,0.074999996,0.0,2.9640007,7.2,1
0.0,0.88499993,3.2249994,16.476004,0.105,2.0649996,5.9860015,7.2,1
0.0,2.53,8.69,52.192,0.0,0.0,6.006,7.2,1
0.0,12.7,3.24,7.687,0.0,0.0,2.991,7.2,1
0.0,1.6550006,3.7650006,5.4380016,1.015,5.1150017,3.3190007,7.2,1
0.0,2.7750006,3.0149994,0.021,0.43499994,6.1849985,6.024998,7.2,1
0.0,3.51,1.1,11.532,1.11,12.8,3.285,7.2,1
0.0,8.54,3.4,19.977,0.47,9.39,5.876,7.2,1
0.0,2.1449993,5.124998,6.1930017,0.074999996,0.074999996,2.8810008,7.2,1
0.0,7.0,2.64,6.199,0.57,3.53,2.938,7.2,1
0.0,2.69,1.06,15.414,0.88,13.56,5.73,7.2,1
0.0,5.22,1.63,9.924,1.11,11.02,6.126,7.2,1
0.0,0.97499967,1.3650005,-0.062,0.03,0.0,2.9940007,7.2,1
0.0,2.7750006,4.5749984,3.5209994,0.074999996,0.0,2.4790006,7.2,1
0.0,4.9649982,5.125002,6.0890017,0.6649999,17.455004,5.8189983,7.2,1
0.0,3.07,1.4,17.873,0.0,0.0,5.822,7.2,1
0.0,3.7249994,12.495003,12.025997,0.074999996,0.0,3.1990006,7.2,1
0.0,0.75500005,0.9049999,1.0340002,0.074999996,0.0,3.0660007,7.2,1
0.0,1.5750005,4.3850017,26.197002,0.0,0.074999996,6.171002,7.2,1
0.0,1.6449995,1.8050005,0.8019999,1.0350002,5.1749983,3.1020007,7.2,1
0.0,2.5750008,3.4450006,3.6149993,0.074999996,0.0,2.6270006,7.2,1
0.0,0.35499996,0.34999996,0.6309999,0.074999996,0.044999998,1.8690006,7.2,1
0.0,0.72999996,4.1149983,3.9210007,0.074999996,0.044999998,5.7240005,7.2,1
0.0,0.79499996,0.35499993,4.6069984,0.5149999,2.1349993,6.0780015,7.2,1
0.0,1.9249995,2.0849993,3.8879993,0.49499992,5.0750017,5.8779984,7.2,1
0.0,2.1350007,2.4949994,-0.27600008,0.074999996,0.0,2.6960006,7.2,1
0.0,11.48,4.07,13.282,0.0,0.0,3.263,7.2,1
0.0,1.7850006,4.234998,10.008997,0.074999996,0.074999996,5.7339983,7.2,1
0.0,3.0949993,10.255003,9.040997,0.86499995,7.1550016,2.8940008,7.2,1
0.0,17.71,4.93,29.223,0.0,0.0,5.952,7.2,1
0.0,3.1,3.1,0.12,1.2,18.06,4.854,7.2,1
0.0,0.6449999,2.6850007,4.0079985,0.0,0.074999996,3.1919994,7.2,1
0.0,5.084998,5.2350016,8.730997,0.074999996,0.074999996,5.9229984,7.2,1
0.0,3.04,1.19,16.058,0.73,11.72,5.282,7.2,1
0.0,1.7,0.63,10.191,0.67,6.83,5.995,7.2,1
0.0,1.0350002,2.0050006,6.307998,0.074999996,0.0,3.1589994,7.2,1
0.0,8.41,2.96,16.48,0.0,0.0,5.586,7.2,1
0.0,1.9549999,10.284997,5.9169984,0.0,0.0,3.0269992,7.2,1
0.0,1.5649995,8.894997,5.096998,0.0,0.0,3.2289994,7.2,1
0.0,0.12500007,0.13500006,0.6589999,0.074999996,0.0,5.939998,7.2,1
0.0,0.80499995,2.7749994,13.468003,0.0,0.074999996,5.6480017,7.2,1
0.0,11.37,2.85,17.617,1.26,22.2,6.203,7.2,1
0.0,0.79499996,2.2350006,6.177998,0.074999996,0.0,2.7939994,7.2,1
0.0,0.9049999,3.6149993,5.5299983,0.0,0.074999996,3.2059994,7.2,1
0.0,2.7449994,6.064998,15.999997,0.074999996,0.0075,5.8889985,7.2,1
0.0,1.3499995,6.1549983,8.334997,0.25499994,1.4149995,5.782998,7.2,1
0.0,1.3949995,1.5450006,0.68399996,0.6649999,2.6350007,3.0450006,7.2,1
0.0,8.64,2.3,12.052,0.0,0.0,5.879,7.2,1
0.0,2.81,0.83,4.947,0.11,0.54,5.96,7.2,1
0.0,1.4450005,6.564998,4.3579984,0.0,0.0,3.3109994,7.2,1
0.0,2.28,2.3,95.956,0.0,0.0,6.068,7.2,1
0.0,2.9,0.89,5.307,0.0,0.0,5.963,7.2,1
0.0,9.53,5.22,55.848,1.13,63.11,5.86,7.2,1
0.0,0.25499994,0.25499994,3.4440007,0.0,0.074999996,5.914002,7.2,1
0.0,0.76500005,0.27499995,0.5479999,0.074999996,0.0,2.4140007,7.2,1
0.0,1.2950006,3.3250008,3.7470007,0.0,0.074999996,3.2079992,7.2,1
0.0,2.2749994,8.915003,6.8920016,0.7250001,5.5250015,3.0240006,7.2,1
0.0,1.7549995,0.98499995,3.0339994,0.32499993,0.81499994,3.1770008,7.2,1
0.0,16.37,3.57,21.393,0.0,0.0,6.026,7.2,1
0.0,0.63499993,2.2049994,9.609003,0.44500005,5.1150017,5.8050017,7.2,1
0.0,9.66,4.4,7.188,0.98,7.04,3.195,7.2,1
0.0,1.5049995,1.6650006,3.5929992,0.074999996,0.074999996,5.813998,7.2,1
0.0,2.33,0.72,13.005,0.0,0.0,5.582,7.2,1
0.0,6.25,1.89,10.006,0.0,0.0,5.956,7.2,1
0.0,1.1850005,2.4349992,14.1950035,0.6750001,10.774997,6.1220016,7.2,1
0.0,3.37,1.01,18.378,0.0,0.0,5.453,7.2,1
0.0,3.0550008,3.0650008,7.2390018,0.7249999,12.545003,6.1259985,7.2,1
0.0,4.16,1.42,8.57,0.0,0.0,6.035,7.2,1
0.0,0.17499995,0.15000004,0.525,1.0850003,0.6049999,2.9700003,7.2,1
0.0,10.53,2.12,6.862,0.0,0.0,3.237,7.2,1
0.0,9.05,5.13,5.847,0.0,0.0,2.895,7.2,1
0.0,2.52,3.7,114.07,1.14,16.94,5.896,7.2,1
0.0,3.1250007,1.2350005,4.6879983,0.41499993,1.5449995,1.4129995,7.2,1
0.0,5.04,2.33,11.774,0.92,10.83,5.688,7.2,1
0.0,1.3599995,0.80499995,8.457003,1.0750005,8.604997,6.0830016,7.2,1
0.0,2.57,0.67,3.993,0.77,3.07,5.96,7.2,1
0.0,2.69,0.73,8.327,0.89,7.41,3.096,7.2,1
0.0,0.0,0.01,-0.19400007,0.82500005,0.13500006,3.2820008,7.2,1
0.0,4.3,1.82,10.546,0.59,6.22,5.859,7.2,1
0.0,5.44,2.54,14.769,0.0,0.0,5.815,7.2,1
0.0,1.3749995,0.8449999,4.473998,0.33499992,1.1049994,3.2119994,7.2,1
0.0,0.23499992,0.24499993,2.2210007,0.42499992,0.25499994,3.2939994,7.2,1
0.0,7.21,2.83,9.419,1.04,9.8,3.34,7.2,1
0.0,1.08,1.09,17.151,0.0,0.0,3.22,7.2,1
0.0,1.73,1.73,29.845,0.0,0.0,6.058,7.2,1
0.0,2.64,2.97,82.125,0.0,0.0,3.225,7.2,1
0.0,2.5550008,2.7149994,2.0140004,0.074999996,0.022499999,3.1980007,7.2,1
0.0,3.9050007,6.8449984,1.2140006,0.074999996,0.0,1.4349995,7.2,1
0.0,3.03,3.03,69.32,0.0,0.0,4.824,7.2,1
0.0,9.24,4.54,18.189,0.0,0.0,4.838,7.2,1
0.0,1.88,2.03,42.321,0.0,0.0,3.476,7.2,1
0.0,0.9150001,1.0750005,0.49899992,1.3,3.6350007,2.8490007,7.2,1
0.0,1.8749995,2.2550006,2.1669993,0.6449999,3.1750007,2.8520007,7.2,1
0.0,0.23500007,0.39499992,-0.24100009,0.0,0.0,5.698002,7.2,1
0.0,27.38,5.79,34.693,0.0,0.0,6.002,7.2,1
0.0,8.17,2.95,12.322,0.0,0.0,5.177,7.2,1
0.0,2.3749993,5.234998,15.168003,0.0,0.074999996,3.2839994,7.2,1
0.0,1.7749995,1.9550005,3.7729993,0.50499994,4.6349983,5.8439984,7.2,1
0.0,1.3049995,1.4550005,3.7879994,0.074999996,0.0,5.8579984,7.2,1
0.0,0.42499992,1.3350005,7.4119983,1.0849994,8.754997,6.0650015,7.2,1
0.0,1.5449995,0.7649999,9.308003,0.0,0.074999996,5.8670015,7.2,1
0.0,1.5249995,1.6750005,0.24499993,0.98499995,8.085003,5.5279984,7.2,1
0.0,0.93499994,2.8849993,12.284003,0.61499995,6.745002,4.4730015,7.2,1
0.0,1.6449995,1.8050005,0.9559999,0.074999996,0.0,3.1900008,7.2,1
0.0,3.7350006,2.6049993,12.530003,0.32499993,3.2249994,3.3829994,7.2,1
0.0,10.28,2.41,14.497,0.0,0.0,6.04,7.2,1
0.0,0.61499995,1.6650006,9.529003,0.24499993,1.7050005,6.153002,7.2,1
0.0,0.73499995,2.1849992,12.600003,0.074999996,0.074999996,6.1110015,7.2,1
0.0,1.2849995,0.88499993,4.2669983,0.5249999,2.025,3.2679994,7.2,1
0.0,5.25,2.28,6.003,0.0,0.0,2.9,7.2,1
0.0,3.7350006,20.114998,11.639997,0.45500004,6.0549984,2.9600008,7.2,1
0.0,4.99,5.79,151.145,1.03,16.53,3.217,7.2,1
0.0,1.9550005,5.354998,6.2610016,0.074999996,0.074999996,3.2150006,7.2,1
0.0,2.23,0.83,12.984,0.0,0.0,5.822,7.2,1
0.0,3.2250006,5.765002,3.2579994,0.39499992,6.1149983,5.7849984,7.2,1
0.0,2.96,0.89,17.655,0.0,0.0,5.965,7.2,1
0.0,0.16500007,0.16500007,0.5949999,0.20499992,0.10500006,5.624998,7.2,1
0.0,1.2450005,2.1149993,11.474003,0.7649999,2.2849994,2.8169994,7.2,1
0.0,0.31499994,0.8249999,4.512998,0.18500006,1.2650006,6.192002,7.2,1
0.0,3.17,1.0,18.744,0.0,0.0,5.913,7.2,1
0.0,3.5,1.11,20.063,0.0,0.0,5.732,7.2,1
0.0,2.04,2.22,57.355,0.6,3.59,2.932,7.2,1
0.0,10.94,2.5,14.083,0.65,9.15,6.344,7.2,1
0.0,35.31,9.36,57.052,1.06,60.48,6.102,7.2,1
0.0,5.89,2.77,9.117,0.12,1.09,3.291,7.2,1
0.0,5.3150015,10.885003,31.576002,0.074999996,0.0,5.9649982,7.2,1
0.0,0.68499994,2.3650007,5.7069983,1.1850005,6.495002,2.8549993,7.2,1
0.0,7.79,3.31,19.693,0.0,0.0,5.968,7.2,1
0.0,6.48,1.65,4.251,0.0,0.0,2.932,7.2,1
0.0,2.8650007,2.8950005,5.9180017,0.68499994,10.515003,5.8309984,7.2,1
0.0,1.6749995,0.81499994,5.9049983,0.074999996,0.0,3.4919994,7.2,1
0.0,3.8649993,19.435003,21.919996,0.79,17.289999,5.688998,7.2,1
0.0,2.38,2.96,95.551,0.0,0.0,5.604,7.2,1
0.0,1.3049995,2.2049994,0.54599994,0.34499994,1.0749995,3.0170007,7.2,1
0.0,1.4849994,0.9049999,5.031998,0.0,0.0,3.3489993,7.2,1
0.0,1.5349995,0.8449999,8.923003,0.89000005,8.624997,5.664002,7.2,1
0.0,0.62499994,1.6149995,5.506998,0.074999996,0.029999997,3.3979993,7.2,1
0.0,1.9450005,10.114997,10.823003,0.6450001,7.774998,5.903002,7.2,1
0.0,2.8249993,9.095003,16.400997,0.074999996,0.0,5.861998,7.2,1
0.0,15.185003,13.244997,41.337997,0.074999996,0.074999996,5.8959985,7.2,1
0.0,1.5149995,0.9149999,4.499998,0.7049999,2.9549994,2.9519994,7.2,1
0.0,3.0149994,13.985003,16.468996,0.0,0.0,5.5009985,7.2,1
0.0,2.16,0.6,7.217,0.87,6.28,3.341,7.2,1
0.0,1.5649995,1.7250005,0.9149999,0.074999996,0.0,3.1680007,7.2,1
0.0,2.43,0.67,9.018,0.0,0.0,3.711,7.2,1
0.0,0.27499995,0.28499994,4.1289983,1.1150005,0.5949999,2.5799994,7.2,1
0.0,1.7350005,1.9449997,10.546003,0.022499999,0.074999996,3.1649992,7.2,1
0.0,0.5249999,1.5849997,5.4649982,0.6449999,3.0850008,3.4739993,7.2,1
0.0,2.02,3.29,93.925,0.0,0.0,5.875,7.2,1
0.0,3.92,4.95,68.616,0.0,0.0,3.218,7.2,1
0.0,2.0050006,3.7600002,-0.46600008,0.30499995,1.3249995,2.8530006,7.2,1
0.0,2.98,0.88,9.194,0.0,0.0,3.085,7.2,1
0.0,2.3250008,2.4749994,6.041002,0.074999996,0.074999996,5.9899983,7.2,1
0.0,0.28499994,0.9149999,4.886998,0.0,0.074999996,5.982002,7.2,1
0.0,0.81499994,2.4349992,12.856003,0.0,0.074999996,5.9000015,7.2,1
0.0,2.17,2.45,38.282,0.0,0.0,2.776,7.2,1
0.0,0.69500005,0.39499992,2.0690007,0.074999996,0.074999996,2.8589993,7.2,1
0.0,0.29499993,0.9149999,2.6550007,0.6649999,1.6850005,3.3639994,7.2,1
0.0,1.3049995,1.4550005,0.35199994,1.3,5.4449983,3.0750008,7.2,1
0.0,5.81,2.22,6.251,0.21,1.31,2.921,7.2,1
0.0,0.73499995,3.1249993,13.431003,0.0,0.074999996,5.822002,7.2,1
0.0,0.8350001,1.7750006,-0.49400008,0.69499993,0.95499986,1.7459995,7.2,1
0.0,1.19,1.2,41.688,0.0,0.0,6.031,7.2,1
0.0,0.19499993,0.28,0.79200006,1.0650004,0.93499994,3.2859993,7.2,1
0.0,1.7549995,2.1749992,1.2460005,0.5949999,3.0050006,3.1660006,7.2,1
0.0,4.52,2.09,12.493,0.58,7.25,6.006,7.2,1
0.0,2.9550006,3.1049993,2.1649992,0.8249999,6.9449983,3.0160007,7.2,1
0.0,2.3350008,2.4849994,3.6469994,0.53499997,3.6049993,3.1130006,7.2,1
0.0,1.1450001,3.6850007,6.7260017,1.1350005,7.125002,5.8109984,7.2,1
0.0,0.16,0.17,7.792,0.0,0.0,6.006,7.2,1
0.0,2.03,2.31,47.979,0.83,5.3,3.145,7.2,1
0.0,1.8949995,2.0549996,-0.48100007,0.074999996,0.0,3.3260007,7.2,1
0.0,6.84,1.46,4.697,0.75,3.52,3.217,7.2,1
0.0,0.97499967,0.63499993,4.7969985,0.074999996,0.029999997,4.7150016,7.2,1
0.0,2.6749992,5.1949983,15.078997,1.2950006,18.374996,5.695998,7.2,1
0.0,0.72,0.73,35.105,0.74,3.1,5.819,7.2,1
0.0,0.91,0.91,12.435,0.36,1.08,3.305,7.2,1
0.0,1.71,1.72,78.561,0.0,0.0,5.87,7.2,1
0.0,0.0,0.01,0.15299998,0.22499993,0.0,7.7249985,7.2,1
0.0,1.1049994,0.6449999,3.1180007,1.1650006,3.5549994,2.7809994,7.2,1
0.0,1.4549994,0.5849999,4.274998,0.074999996,0.0,2.9179993,7.2,1
0.0,1.1249995,0.49499992,3.7370007,0.43499994,1.2949995,3.2519994,7.2,1
0.0,15.78,3.92,11.877,0.53,6.29,3.061,7.2,1
0.0,0.36,0.37,11.148,0.0,0.0,5.764,7.2,1
0.0,1.2749995,1.4350005,2.0939994,0.33499992,1.0949994,3.2650006,7.2,1
0.0,0.9100001,4.7,5.3519983,0.9549999,4.7049985,5.564999,7.2,1
0.0,0.96499974,0.33499992,1.6310005,0.36499992,0.5249999,5.9099984,7.2,1
0.0,1.3649995,0.74499995,8.180003,0.0,0.074999996,5.8080015,7.2,1
0.0,7.24,1.9,8.609,0.0,0.0,5.664,7.2,1
0.0,3.4049993,9.745003,9.838997,0.35499993,2.6550007,2.8570006,7.2,1
0.0,18.15,4.82,13.083,1.21,15.83,3.222,7.2,1
0.0,1.0550004,4.4049983,13.976003,0.0,0.074999996,3.6959994,7.2,1
0.0,0.93,0.94,15.01,0.0,0.0,3.181,7.2,1
0.0,0.19500008,0.16499996,0.77700007,0.20500007,0.16500007,3.2309992,7.2,1
0.0,1.5350006,2.8549993,13.797003,0.074999996,0.0,6.0030017,7.2,1
0.0,1.39,1.41,37.53,0.55,4.26,5.568,7.2,1
0.0,2.3850007,2.5449994,5.842002,0.074999996,0.074999996,5.715998,7.2,1
0.0,11.04,2.28,13.647,0.0,0.0,5.986,7.2,1
0.0,1.8349994,1.9850005,2.3399994,0.074999996,0.074999996,5.6749983,7.2,1
0.0,8.6,2.21,7.052,0.0,0.0,3.205,7.2,1
0.0,3.9,0.85,2.634,0.0,0.0,3.136,7.2,1
0.0,0.62,0.63,27.344,0.0,0.0,6.015,7.2,1
0.0,3.5550008,6.3249984,-0.018999994,0.074999996,0.0,3.5660007,7.2,1
0.0,0.34,0.35,8.646,0.0,0.0,3.109,7.2,1
0.0,4.46,1.58,5.245,0.0,0.0,3.32,7.2,1
0.0,1.71,1.71,69.367,0.0,0.0,5.732,7.2,1
0.0,1.005,2.3749993,11.3270035,0.86500007,10.794997,5.0320015,7.2,1
0.0,0.67,0.69,10.476,0.0,0.0,5.131,7.2,1
0.0,1.96,1.96,54.575,0.0,0.0,3.24,7.2,1
0.0,0.16500007,0.17500007,0.48399994,0.0,0.0,6.0959983,7.2,1
0.0,1.2350005,2.3849993,10.384003,0.295,3.0049994,5.8860016,7.2,1
0.0,3.47,0.79,2.646,0.15,0.4,3.349,7.2,1
0.0,0.25500008,0.19499993,0.94499993,1.3,1.2449995,3.1659994,7.2,1
0.0,0.36499992,1.1550001,3.4790006,0.43499994,1.3550005,3.2199993,7.2,1
0.0,0.64000005,3.16,3.9100006,0.074999996,0.0,5.9179993,7.2,1
0.0,1.2050005,4.4949985,6.969002,0.7049999,4.2649984,6.025998,7.2,1
0.0,2.7249994,10.605003,13.859003,0.074999996,0.0,5.182998,7.2,1
0.0,1.0750005,3.4149992,19.749002,0.074999996,0.074999996,6.028002,7.2,1
0.0,1.2699996,3.5750008,8.119997,0.074999996,0.074999996,5.973998,7.2,1
0.0,1.45,3.984999,8.798997,0.074999996,0.074999996,5.9419985,7.2,1
0.0,2.27,0.61,13.295,0.0,0.0,5.857,7.2,1
0.0,0.18499994,0.40499994,0.9959995,0.0,0.074999996,3.4219992,7.2,1
0.0,1.49,6.8,34.359,0.9,30.92,6.147,7.2,1
0.0,0.73499995,2.8449993,14.497003,0.0,0.074999996,5.835002,7.2,1
0.0,0.7350001,0.45499992,2.2169993,0.074999996,0.074999996,5.874998,7.2,1
0.0,4.27,0.87,2.822,0.0,0.0,3.244,7.2,1
0.0,1.4749994,0.50499994,1.4010005,0.074999996,0.0,3.0820007,7.2,1
0.0,0.47499996,0.50499994,3.9340003,1.0350002,0.8450001,2.2959993,7.2,1
0.0,0.5249999,1.0099996,3.3740005,0.074999996,0.044999998,3.3289993,7.2,1
0.0,1.7749995,0.6549999,2.9109993,0.074999996,0.0,4.814998,7.2,1
0.0,1.4450005,5.564998,8.394997,0.6449999,4.664998,5.997998,7.2,1
0.0,1.0950001,5.2249985,3.3530006,0.6750001,2.555,3.2489994,7.2,1
0.0,1.5849994,1.4150006,3.4629993,0.92499995,2.8050008,6.084998,7.2,1
0.0,1.015,7.2750015,12.717003,0.6750001,9.664997,3.7399993,7.2,1
0.0,0.55,0.55,22.57,0.0,0.0,6.169,7.2,1
0.0,1.0650004,1.9150006,11.079003,0.074999996,0.074999996,6.1370015,7.2,1
0.0,1.1649995,0.50499994,6.940998,0.53499997,3.3049994,5.7330017,7.2,1
0.0,0.45,0.46,13.731,0.45,0.66,3.273,7.2,1
0.0,2.1350007,11.774997,6.594002,0.40500006,3.0550008,3.0249994,7.2,1
0.0,1.5949994,1.7450005,3.6879992,0.074999996,0.074999996,5.853998,7.2,1
0.0,0.08,0.14500001,0.47700003,0.0,0.074999996,5.512001,7.2,1
0.0,0.50499994,1.015,4.491998,0.074999996,0.074999996,3.0489993,7.2,1
0.0,2.0050004,3.8049994,21.969004,0.5749999,11.094997,6.0170016,7.2,1
0.0,1.9149995,14.944997,6.2149982,1.0449995,6.9649982,3.2359993,7.2,1
0.0,4.584998,4.6549983,5.099002,0.5149999,6.644998,3.2040007,7.2,1
0.0,0.7649999,2.8249993,16.048002,0.074999996,0.074999996,5.9380016,7.2,1
0.0,0.9549999,4.2950015,6.7849984,1.0249995,7.625002,3.2219994,7.2,1
0.0,11.9,3.47,20.699,0.9,18.63,5.965,7.2,1
0.0,0.9250001,4.7850018,6.011998,0.074999996,0.0,6.011998,7.2,1
0.0,3.3550007,4.185002,-0.17300007,0.54499996,7.0949984,4.3709984,7.2,1
0.0,2.1650007,1.4650005,6.0929985,0.074999996,0.0,2.8289993,7.2,1
0.0,3.0249994,11.345003,17.944998,0.074999996,0.0,5.9829984,7.2,1
0.0,1.3249995,0.8249999,4.327998,0.074999996,0.0,3.2199993,7.2,1
0.0,1.9549999,0.9749999,2.7289994,0.61499995,1.5050005,5.822998,7.2,1
0.0,3.0549994,8.765003,9.268997,0.074999996,0.0,3.0100007,7.2,1
0.0,3.29,3.29,39.16,0.0,0.0,5.258,7.2,1
0.0,4.3249984,2.4649994,6.5970016,0.074999996,0.0,3.0460007,7.2,1
0.0,3.1849992,14.845003,10.391997,0.074999996,0.0,3.2420006,7.2,1
0.0,2.4750006,13.184997,7.4640017,0.0,0.0,2.9729993,7.2,1
0.0,2.7150006,1.8250005,7.8459983,0.074999996,0.0,2.9139993,7.2,1
0.0,0.70500004,0.87499994,0.5479999,0.074999996,0.0,2.6400006,7.2,1
0.0,3.85,1.92,14.44,0.0,0.0,3.751,7.2,1
0.0,1.2749995,0.69499993,7.912998,0.53999996,3.9049993,5.9920015,7.2,1
0.0,1.1950005,3.0150006,4.0539985,0.03,0.074999996,3.7619994,7.2,1
0.0,1.48,1.78,22.628,1.13,8.71,5.207,7.2,1
0.0,1.7050005,3.6650007,5.573002,0.074999996,0.0,3.2980006,7.2,1
0.0,1.1950005,2.9549994,14.604003,0.074999996,0.074999996,5.8540015,7.2,1
0.0,1.97,0.52,6.43,0.0,0.0,3.264,7.2,1
0.0,0.61500007,0.27499995,2.1840007,1.2650006,2.6150007,3.3489993,7.2,1
0.0,0.12000003,0.5249999,0.485,0.044999998,0.022499999,3.233,7.2,1
0.0,3.27,3.27,170.283,0.0,0.0,5.407,7.2,1
0.0,1.9850005,6.104998,6.2940016,0.0,0.0,3.1810007,7.2,1
0.0,2.2650006,1.3450005,13.745003,0.0,0.037499998,5.981002,7.2,1
0.0,1.5150006,4.415002,26.030003,0.34499994,6.9749985,6.0900016,7.2,1
0.0,2.0550008,1.1650006,6.584998,0.92499995,5.7350016,3.2019994,7.2,1
0.0,1.7849995,2.0750008,3.9379992,1.2350005,12.285003,5.655998,7.2,1
0.0,2.1350007,2.5150006,2.2489994,0.074999996,0.0,3.0680006,7.2,1
0.0,2.12,2.12,127.14,0.0,0.0,6.121,7.2,1
0.0,0.7749999,2.3150008,6.210998,0.935,6.4250016,3.0119994,7.2,1
0.0,0.48,0.55499995,7.222998,0.33749995,0.50499994,3.3329997,7.2,1
0.0,2.6849992,12.485003,8.490997,0.0,0.0,3.2999992,7.2,1
0.0,3.3049994,13.465003,19.163998,0.6049999,10.194997,5.834998,7.2,1
0.0,10.43,2.86,6.373,0.0,0.0,2.795,7.2,1
0.0,2.0750008,2.2449994,2.8249993,0.074999996,0.0,3.2370007,7.2,1
0.0,0.935,1.9850005,-0.42600006,0.0,0.0,2.9160006,7.2,1
0.0,1.7750006,8.014999,5.324999,0.0,0.0,3.2429993,7.2,1
0.0,0.86499995,3.5899997,5.550998,0.0,0.074999996,2.9749994,7.2,1
0.0,2.1849992,2.6749992,15.504004,0.7250001,5.0350018,3.0139992,7.2,1
0.0,4.07,1.45,1.678,0.65,1.09,1.512,7.2,1
0.0,0.35499993,1.1750005,6.5019984,1.0350002,6.3850017,6.1090016,7.2,1
0.0,0.30499995,0.81499994,4.2009983,0.0,0.074999996,6.014002,7.2,1
0.0,0.7149999,3.1150007,1.9349996,0.074999996,0.074999996,3.2159994,7.2,1
0.0,1.3150005,2.2249994,12.267003,0.074999996,0.0,5.8150015,7.2,1
0.0,2.5450006,1.7250005,5.513002,1.3,6.765002,5.530998,7.2,1
0.0,1.1200002,1.0699996,5.264002,0.044999998,0.074999996,4.6859984,7.2,1
0.0,0.5949999,1.9950005,6.1519985,0.32499993,1.4849994,3.1129994,7.2,1
0.0,5.74,2.83,25.408,0.0,0.0,4.426,7.2,1
0.0,1.2249994,0.53499997,4.1659985,0.32499993,0.9849996,3.3369994,7.2,1
0.0,2.89,0.92,9.601,0.77,7.39,3.322,7.2,1
0.0,10.7,2.92,16.818,0.0,0.0,5.779,7.2,1
0.0,1.59,1.59,20.925,0.0,0.0,3.387,7.2,1
0.0,3.03,0.91,18.033,0.0,0.0,5.951,7.2,1
0.0,1.8550005,2.3549993,12.554003,0.022499999,0.0,3.3729994,7.2,1
0.0,7.41,2.68,7.087,0.0,0.0,3.178,7.2,1
0.0,6.16,3.05,18.273,0.55,10.05,6.011,7.2,1
0.0,1.1350005,2.7050006,6.1339984,0.16500007,1.5650005,3.1949992,7.2,1
0.0,0.5250001,0.7649999,0.31699994,0.55499995,0.5850001,2.2170007,7.2,1
0.0,1.1450006,2.1450007,6.2259984,0.29500008,2.4049993,3.5369992,7.2,1
0.0,9.31,3.34,10.931,0.29,3.17,3.273,7.2,1
0.0,0.39499992,0.9749999,4.7389984,0.35500002,1.8550005,5.4840016,7.2,1
0.0,0.6750001,1.4850005,0.49699992,0.26499993,0.32500008,2.7640007,7.2,1
0.0,1.8349994,1.9850005,-0.35100007,0.18499994,0.5350001,2.8290007,7.2,1
0.0,1.1349999,0.5149999,6.7769985,0.074999996,0.074999996,6.033002,7.2,1
0.0,1.0349995,0.44499993,3.3900006,0.62499994,1.9850005,3.1969993,7.2,1
0.0,20.78,5.6,14.557,0.0,0.0,3.249,7.2,1
0.0,7.36,2.83,14.227,0.0,0.0,5.714,7.2,1
0.0,0.88500005,1.0450003,2.1819994,0.074999996,0.0,5.420998,7.2,1
0.0,2.0950007,2.2549994,1.9010005,0.7749999,4.834998,3.1600006,7.2,1
0.0,2.0550008,2.2049994,3.5839994,0.074999996,0.022499999,3.8910007,7.2,1
0.0,0.022499999,0.04,0.084,0.625,0.022499999,2.4,7.2,1
0.0,1.7749995,1.9549999,2.9719994,1.3,7.4349985,3.1220007,7.2,1
0.0,11.61,7.53,29.217,0.0,0.0,6.151,7.2,1
0.0,0.80499995,1.3049995,4.414998,0.074999996,0.0,3.3289993,7.2,1
0.0,12.79,2.63,8.228,0.0,0.0,3.129,7.2,1
0.0,9.93,2.07,6.032,0.0,0.0,2.928,7.2,1
0.0,2.68,0.71,8.716,0.0,0.0,3.252,7.2,1
0.0,5.05,5.36,156.644,0.0,0.0,3.213,7.2,1
0.0,3.13,1.05,18.785,0.3,5.64,6.002,7.2,1
0.0,2.5749993,5.4449983,8.331997,0.69499993,5.1950016,3.2280006,7.2,1
0.0,2.29,0.73,12.991,0.0,0.0,5.673,7.2,1
0.0,2.1449993,7.6149983,11.228997,1.015,10.5549965,5.3129983,7.2,1
0.0,3.1549993,13.725003,5.6299996,0.76500005,4.4949985,1.7579994,7.2,1
0.0,3.5850008,1.8850005,5.7269983,0.8949999,4.6849985,3.1480007,7.2,1
0.0,3.6250007,3.7849994,5.0310016,0.074999996,0.074999996,3.0440006,7.2,1
0.0,1.9449997,2.0949993,1.3960005,0.074999996,0.0,3.0930007,7.2,1
0.0,0.0,0.39499992,0.43799993,0.825,0.22500008,6.05,7.2,1
0.0,0.029999997,0.01,0.111,0.074999996,0.015,2.8250008,7.2,1
0.0,8.57,2.37,6.376,0.17,1.08,2.925,7.2,1
0.0,1.3250005,6.1949983,4.017998,0.0,0.0,3.3489993,7.2,1
0.0,0.47499993,1.4350005,7.366998,0.074999996,0.074999996,5.547002,7.2,1
0.0,0.57000005,0.32499993,3.5700006,0.0,0.074999996,6.1500015,7.2,1
0.0,2.4049993,10.825003,13.358003,0.067499995,0.0,5.689998,7.2,1
0.0,2.0649996,6.5350018,13.977003,0.18500006,3.7249994,4.125002,7.2,1
0.0,2.3150008,2.4749994,0.20499992,0.074999996,0.0,5.3919983,7.2,1
0.0,0.555,0.24499993,3.3460007,0.06999999,0.49999994,6.0770016,7.2,1
0.0,0.45499992,1.2350005,6.9709983,0.35499993,2.0449998,6.1490016,7.2,1
0.0,0.36499992,0.5450001,1.5530006,0.8449999,1.0649995,5.0219984,7.2,1
0.0,1.93,1.94,113.08,0.0,0.0,5.888,7.2,1
0.0,3.3249993,15.295003,10.673997,0.51500005,6.1749983,3.1860006,7.2,1
0.0,9.33,2.39,8.901,1.26,11.22,3.74,7.2,1
0.0,1.7849995,0.75499994,2.2299993,0.45499992,0.74500006,3.0940006,7.2,1
0.0,0.63499993,1.0849994,3.8130007,0.074999996,0.074999996,3.4269993,7.2,1
0.0,0.08500002,0.5849999,0.95299995,1.2699997,1.0649995,5.4569993,7.2,1
0.0,3.68,1.66,10.164,0.79,8.03,6.16,7.2,1
0.0,0.61500007,2.0450006,4.2270017,0.36499992,1.1249995,5.9419985,7.2,1
0.0,0.4650001,0.50500005,0.5019999,0.074999996,0.0,2.4310007,7.2,1
0.0,2.18,0.46,1.424,0.0,0.0,3.164,7.2,1
0.0,18.92,4.99,30.282,0.0,0.0,6.069,7.2,1
0.0,1.4749994,0.6649999,9.098003,0.535,5.125002,5.993002,7.2,1
0.0,2.2249994,9.575003,12.402003,0.037499998,0.0,5.7279983,7.2,1
0.0,6.01,2.38,10.707,0.0,0.0,4.499,7.2,1
0.0,1.015,1.5150006,8.360003,0.81499994,6.3150015,5.974002,7.2,1
0.0,0.96499974,8.054998,3.2130008,0.0,0.0,3.2369993,7.2,1
0.0,5.085002,19.395002,16.357998,0.074999996,0.0,3.1750007,7.2,1
0.0,0.4649999,1.3949995,4.2059984,0.074999996,0.074999996,3.0479994,7.2,1
0.0,0.20499992,0.43499994,1.0919995,0.0,0.074999996,3.3169994,7.2,1
0.0,7.85,1.86,10.236,0.21,2.15,5.503,7.2,1
0.0,0.125,0.16499999,0.40500003,0.022499999,0.074999996,3.2439997,7.2,1
0.0,0.7750001,0.50499994,1.5470005,0.54499996,0.61500007,3.4300008,7.2,1
0.0,5.21,1.21,7.362,0.48,3.53,6.135,7.2,1
0.0,1.2849995,0.38499993,1.7800006,0.074999996,0.074999996,5.4249983,7.2,1
0.0,0.1,0.20500007,0.36899996,0.0,0.037499998,3.1650007,7.2,1
0.0,1.82,0.55,10.902,0.0,0.0,5.99,7.2,1
0.0,1.4750005,2.3649993,13.665003,0.76500005,11.204997,6.1010017,7.2,1
0.0,0.7249999,1.7449995,1.9599998,0.074999996,0.044999998,3.0100007,7.2,1
0.0,1.3949995,1.5550005,-0.124000065,0.074999996,0.0,3.2590008,7.2,1
0.0,0.095,0.095,0.46300006,1.0850005,0.13499999,3.1749992,7.2,1
0.0,8.51,3.0,13.965,0.0,0.0,5.892,7.2,1
0.0,0.19500008,0.20499992,0.5860001,0.74499995,0.38000005,2.5229993,7.2,1
0.0,13.94,3.95,12.936,0.84,10.87,3.275,7.2,1
0.0,2.6750007,3.0349994,6.7930017,0.074999996,0.074999996,5.3099985,7.2,1
0.0,0.024999999,15.584997,0.6549999,0.81500006,0.44500005,5.7249985,7.2,1
0.0,2.9450006,3.2349994,3.0669994,1.2950006,11.825003,3.1550007,7.2,1
0.0,1.8049995,11.324997,10.313003,0.0,0.0,5.4509983,7.2,1
0.0,9.34,2.47,14.543,0.0,0.0,5.912,7.2,1
0.0,2.4550006,2.6249993,5.1610017,0.044999998,0.074999996,5.1259985,7.2,1
0.0,2.4050007,1.2650006,7.9279985,0.074999996,0.0,3.3019993,7.2,1
0.0,2.0549996,8.715003,6.2620015,0.0,0.0,3.1999993,7.2,1
0.0,0.34500003,1.6850005,1.198,0.0,0.03,3.0350006,7.2,1
0.0,3.8849993,11.115003,11.765997,0.29499993,2.4950006,2.9940007,7.2,1
0.0,2.2850006,2.5100005,6.0950017,0.69499993,8.974997,6.004998,7.2,1
0.0,3.0850008,3.2349994,0.88399994,0.24499993,3.2550006,6.1269984,7.2,1
0.0,4.914998,3.8049994,7.342002,0.074999996,0.0,2.9910007,7.2,1
0.0,1.76,1.76,49.48,1.14,10.82,5.393,7.2,1
0.0,3.1849992,6.955002,40.769005,0.0,0.0,6.020002,7.2,1
0.0,2.0150006,3.0150006,2.5879993,0.074999996,0.0,2.8530006,7.2,1
0.0,1.7749995,18.784996,5.692002,0.49500006,3.1250007,3.1109993,7.2,1
0.0,0.6649999,1.2949995,4.4219985,0.074999996,0.0,3.3569994,7.2,1
0.0,4.41,1.16,6.605,0.0,0.0,5.694,7.2,1
0.0,0.57,0.58,29.907,0.3,1.03,6.04,7.2,1
0.0,0.18,0.18,6.645,0.0,0.0,5.889,7.2,1
0.0,2.1249993,8.095003,6.1820016,0.0,0.0,2.9040008,7.2,1
0.0,0.87500006,0.31499994,0.8399999,0.22500008,0.15500008,3.2510006,7.2,1
0.0,0.49,0.27499995,3.0380006,1.3,4.0550013,6.0620017,7.2,1
0.0,2.59,2.6,140.98,0.73,11.29,5.972,7.2,1
0.0,14.32,3.72,11.44,0.52,5.95,3.075,7.2,1
0.0,7.084998,7.274998,13.7059965,0.38499993,12.984997,5.7409983,7.2,1
0.0,1.0,1.01,25.33,0.0,0.0,3.751,7.2,1
0.0,1.7849995,0.8549999,6.005998,1.2450005,7.185002,3.3439994,7.2,1
0.0,3.0749993,7.564998,16.564997,1.1550006,17.884996,5.4219985,7.2,1
0.0,7.66,2.95,9.108,0.0,0.0,3.098,7.2,1
0.0,4.49,1.91,14.288,0.63,9.0,3.182,7.2,1
0.0,0.6,0.6,29.641,0.56,2.02,6.02,7.2,1
0.0,3.92,4.88,152.284,0.55,10.11,4.688,7.2,1
0.0,4.96,1.5,3.629,0.19,0.69,2.452,7.2,1
0.0,3.84,4.14,151.862,0.38,7.0,4.798,7.2,1
0.0,0.9949996,1.4650005,0.086,0.074999996,0.0,2.4470007,7.2,1
0.0,0.79499996,3.2550006,2.5350006,0.0,0.074999996,2.0519998,7.2,1
0.0,16.21,5.67,34.223,1.2,41.07,6.046,7.2,1
0.0,0.0,0.10500006,0.112,0.0,0.0,3.7749994,7.2,1
0.0,0.34500006,0.49499992,-0.18700007,0.0,0.0,5.498998,7.2,1
0.0,1.2799996,10.634997,7.747998,0.22500008,2.2750006,5.853,7.2,1
0.0,0.7849999,2.6150007,5.9569983,0.074999996,0.0,3.2329993,7.2,1
0.0,1.8049995,0.98499995,10.643003,0.075000025,1.6850005,5.776002,7.2,1
0.0,1.2249994,1.3750005,3.8119993,0.074999996,0.0,5.8699985,7.2,1
0.0,5.41,1.2,6.306,0.76,4.79,5.255,7.2,1
0.0,1.1049994,1.2750006,1.3820006,0.74499995,4.2049985,5.334998,7.2,1
0.0,1.9950005,2.1549993,2.5069993,0.074999996,0.0,2.9600008,7.2,1
0.0,1.6750005,3.2250006,9.660997,0.074999996,0.074999996,5.9159985,7.2,1
0.0,0.9150001,0.32499993,0.91199994,1.0650004,0.75500005,3.2730007,7.2,1
0.0,1.8450005,2.8349993,16.026003,0.074999996,0.0,5.9730015,7.2,1
0.0,3.9649994,39.015003,12.460003,0.0,0.0,3.0280006,7.2,1
0.0,0.93499994,2.1450007,2.7310007,0.074999996,0.074999996,3.2480001,7.2,1
0.0,1.9,0.71,10.769,0.0,0.0,5.668,7.2,1
0.0,1.9150006,2.2449994,16.064003,0.067499995,0.074999996,3.2419994,7.2,1
0.0,3.4349992,15.905003,20.092001,0.0,0.0,5.9179983,7.2,1
0.0,3.9749994,12.585003,12.952997,0.074999996,0.0,3.2270007,7.2,1
0.0,3.2850006,1.4450005,5.0279984,1.2750006,6.1950016,3.6500006,7.2,1
0.0,1.1150005,1.9049995,6.3889985,0.074999996,0.0,3.3559992,7.2,1
0.0,4.0349984,4.185002,2.2199993,0.074999996,0.0,5.789998,7.2,1
0.0,0.56500006,1.5649995,3.9279993,0.074999996,0.0,5.9449983,7.2,1
0.0,1.4250005,2.1049993,12.923003,0.7049999,2.3249993,2.7179992,7.2,1
0.0,3.9,3.93,136.996,0.0,0.0,6.006,7.2,1
0.0,3.16,1.15,10.326,0.0,0.0,3.268,7.2,1
0.0,1.6250005,2.5749993,15.026003,0.69500005,11.704997,6.1150017,7.2,1
0.0,21.77,5.03,28.027,0.0,0.0,5.639,7.2,1
0.0,2.52,2.52,108.619,0.43,6.45,5.955,7.2,1
0.0,4.5349984,4.685002,2.6949992,0.074999996,0.0,3.1690006,7.2,1
0.0,0.97,0.97,21.076,0.0,0.0,3.241,7.2,1
0.0,8.67,2.94,7.118,0.0,0.0,3.15,7.2,1
0.0,1.6949995,0.8249999,4.5559993,0.74499995,3.1449993,6.039998,7.2,1
0.0,1.1349995,1.2950006,0.19799994,0.53499997,1.7049994,3.1240005,7.2,1
0.0,24.13,5.14,28.335,0.54,15.3,5.523,7.2,1
0.0,3.4549994,5.334998,15.790003,0.7750001,13.564997,3.0569994,7.2,1
0.0,1.2249994,3.0250006,8.044998,0.074999996,0.074999996,6.0559983,7.2,1
0.0,16.66,6.56,12.27,1.15,14.11,3.037,7.2,1
0.0,0.4649999,1.4750001,4.7739983,1.1350005,5.2150016,3.3959994,7.2,1
0.0,2.4749994,8.755003,7.302002,0.0,0.0,2.9360006,7.2,1
0.0,1.4650005,2.9050007,9.252003,0.37500006,4.2750015,3.2049994,7.2,1
0.0,0.019999996,3.5050006,0.041999996,1.3,0.17999998,2.4149992,7.2,1
0.0,9.52,2.25,13.515,0.0,0.0,6.033,7.2,1
0.0,0.6750001,0.8249999,-0.001999997,0.21499993,0.5350001,5.7529984,7.2,1
0.0,2.6,2.61,36.044,0.24,2.09,3.354,7.2,1
0.0,10.99,2.25,7.167,0.0,0.0,3.2,7.2,1
0.0,10.46,2.4,14.575,0.0,0.0,6.073,7.2,1
0.0,11.13,2.81,12.677,0.47,5.96,5.609,7.2,1
0.0,4.5949984,2.8549993,6.6480017,0.22499993,0.9150001,3.4400008,7.2,1
0.0,0.7150001,0.86499995,-0.053000003,0.80499995,1.7949995,3.1620007,7.2,1
0.0,5.59,2.29,6.231,0.71,4.42,3.131,7.2,1
0.0,2.36,2.63,44.534,0.0,0.0,5.761,7.2,1
0.0,0.5149999,4.3649983,1.6129994,0.074999996,0.074999996,3.9109993,7.2,1
0.0,1.34,1.35,18.729,1.22,5.37,3.286,7.2,1
0.0,1.7049994,0.9749999,5.7399983,0.14500007,1.2049994,3.3419993,7.2,1
0.0,1.4350001,6.664998,8.682998,1.1250005,9.144997,6.0079985,7.2,1
0.0,2.9,0.82,16.913,0.82,13.87,5.832,7.2,1
0.0,2.3549993,9.265003,13.493997,0.88499993,10.944997,5.8109984,7.2,1
0.0,2.12,2.61,55.953,0.0,0.0,2.934,7.2,1
0.0,1.4649994,0.49499992,1.4640006,0.074999996,0.0,3.2320006,7.2,1
0.0,2.49,1.0,14.545,0.0,0.0,5.841,7.2,1
0.0,1.4149995,0.44499993,4.512998,1.1850005,5.165002,3.1539993,7.2,1
0.0,0.125,2.4550006,0.6270001,1.1650006,0.79999995,5.0890017,7.2,1
0.0,2.1350007,1.2950006,4.8659983,0.8249999,3.7849994,2.3109994,7.2,1
0.0,0.48499992,0.48499992,3.1160007,0.074999996,0.0,2.8479993,7.2,1
0.0,0.54499996,2.5250006,8.7020035,0.0,0.074999996,6.1280017,7.2,1
0.0,0.37,0.37,7.912,0.0,0.0,5.838,7.2,1
0.0,0.34,0.35,13.135,0.0,0.0,6.126,7.2,1
0.0,4.13,4.5,-0.16,0.49,8.89,4.391,7.2,1
0.0,9.07,9.13,510.277,1.15,62.58,6.0,7.2,1
0.0,1.0650004,1.9149995,3.1520007,0.98499995,3.0149994,3.2749999,7.2,1
0.0,2.9949994,3.1249993,23.335003,0.074999996,0.074999996,3.3599994,7.2,1
0.0,3.8250008,2.8949993,4.5640016,0.074999996,0.074999996,4.6009984,7.2,1
0.0,1.1149995,1.2750006,0.32099995,0.074999996,0.0,5.9909983,7.2,1
0.0,0.8950001,1.0550004,0.9239999,0.9749999,4.584998,5.267998,7.2,1
0.0,1.0450003,3.1549993,18.190002,0.75499994,12.345003,6.0050015,7.2,1
0.0,1.8649995,3.3050008,1.7560005,0.074999996,0.074999996,3.2490005,7.2,1
0.0,0.99,1.59,25.232,1.26,6.64,5.319,7.2,1
0.0,4.09,0.87,5.166,1.09,5.63,5.938,7.2,1
0.0,1.8350005,3.7749994,17.031004,0.5149999,7.4549985,5.421002,7.2,1
0.0,1.4549994,1.6050005,0.43399993,0.074999996,0.0,5.8059983,7.2,1
0.0,3.0050006,3.4349992,2.1559994,0.074999996,0.0,3.1320007,7.2,1
0.0,0.5249999,1.4150006,7.894998,0.074999996,0.074999996,6.0230017,7.2,1
0.0,2.83,0.81,4.743,0.0,0.0,5.929,7.2,1
0.0,0.28499994,0.28499994,4.800998,0.40499994,0.29499993,3.2649994,7.2,1
0.0,0.34000003,0.19499993,2.2080007,0.0,0.044999998,6.245002,7.2,1
0.0,2.0250006,2.1849992,0.48999992,0.074999996,0.0,3.2310007,7.2,1
0.0,2.5750008,2.7349994,5.719002,0.0,0.074999996,5.807998,7.2,1
0.0,1.0349995,1.1950005,1.8930005,0.19499993,0.70500004,5.8129983,7.2,1
0.0,0.61499995,2.3349993,10.198003,0.70500004,8.084997,5.9450016,7.2,1
0.0,0.19,0.19,6.97,0.53,0.57,5.663,7.2,1
0.0,0.24000004,1.3300004,1.5579998,0.0525,0.0,5.9110007,7.2,1
0.0,1.5950005,5.4949985,16.308002,0.0,0.0,3.2869992,7.2,1
0.0,0.7149999,1.6249995,1.8990003,0.94499993,1.5349995,2.8220007,7.2,1
0.0,0.6750001,0.9050001,0.79099995,0.79499996,1.5349995,2.9120007,7.2,1
0.0,4.6,1.86,10.179,0.43,4.38,5.502,7.2,1
0.0,13.73,3.45,21.107,0.0,0.0,6.118,7.2,1
0.0,0.18499994,0.39499992,1.7239995,1.1049994,2.1949992,6.072002,7.2,1
0.0,1.2249994,0.8449999,7.484998,0.06,0.074999996,5.890002,7.2,1
0.0,0.41500008,1.7900004,2.8859997,0.074999996,0.0,5.722998,7.2,1
0.0,0.029999997,0.01,0.103,0.19499993,0.015,2.8250008,7.2,1
0.0,3.69,1.28,4.321,0.0,0.0,5.024,7.2,1
0.0,2.6949992,11.235003,15.070997,1.1250005,15.824997,5.6489983,7.2,1
0.0,2.18,2.19,73.295,0.32,4.24,6.085,7.2,1
0.0,1.8449999,1.9450005,15.104003,0.029999997,0.074999996,3.2129993,7.2,1
0.0,8.33,3.51,11.73,0.0,0.0,3.342,7.2,1
0.0,1.3449994,1.4950005,-0.07400002,0.074999996,0.0,5.9289985,7.2,1
0.0,0.36499992,1.6750005,1.6879995,1.0700004,1.8550005,2.7869992,7.2,1
0.0,0.45499992,1.1850005,6.5869985,0.074999996,0.074999996,6.131002,7.2,1
0.0,0.24499993,0.67499995,3.5000007,1.1749995,4.5450015,6.033002,7.2,1
0.0,4.64,1.17,15.466,0.0,0.0,3.333,7.2,1
0.0,2.6350007,2.7849994,-0.5220001,0.074999996,0.0,6.0409985,7.2,1
0.0,7.8,4.17,19.647,0.2,3.93,5.796,7.2,1
0.0,2.14,0.59,6.644,0.0,0.0,3.105,7.2,1
0.0,0.9749999,2.5350006,2.8790007,0.0,0.074999996,3.3419995,7.2,1
0.0,1.0250001,2.0950007,5.8740015,1.3,7.265002,6.0289984,7.2,1
0.0,4.58,0.92,2.997,0.17,0.51,3.258,7.2,1
0.0,0.21000002,1.0350002,1.4100001,0.074999996,0.015,5.7969995,7.2,1
0.0,1.1550006,1.1650006,10.755003,0.074999996,0.0,3.4239993,7.2,1
0.0,3.69,0.86,5.132,0.52,2.67,6.038,7.2,1
0.0,3.2050006,3.3549993,3.4649994,0.54499996,9.135003,5.8989983,7.2,1
0.0,1.0349995,1.1850005,-0.08200003,0.074999996,0.0,3.0910006,7.2,1
0.0,1.4550005,4.8849983,8.241997,0.6649999,4.7449985,5.8429985,7.2,1
0.0,0.26000002,1.3450005,0.942,0.037499998,0.015,3.2629998,7.2,1
0.0,2.3850007,2.3850007,7.1100016,1.3,19.075003,5.959998,7.2,1
0.0,7.25,2.3,6.726,0.94,6.32,3.043,7.2,1
0.0,1.3549994,1.5150006,2.3969994,0.074999996,0.0,3.1880007,7.2,1
0.0,1.015,3.1649992,10.260003,0.8349999,7.9250016,3.4409993,7.2,1
0.0,0.36499992,1.3050005,4.8169985,0.0,0.074999996,5.2790017,7.2,1
0.0,3.3149993,10.715003,19.957996,0.75499994,13.594997,6.0619984,7.2,1
0.0,1.0949994,0.7849999,3.5800006,1.3,4.7550015,3.1989994,7.2,1
0.0,2.5850008,2.7349994,3.3169994,0.074999996,0.074999996,5.9909983,7.2,1
0.0,1.1250005,4.504998,3.2810006,0.49500006,1.9550003,3.2709994,7.2,1
0.0,1.2649995,1.4250005,0.14799997,0.074999996,0.0,3.2410007,7.2,1
0.0,2.0650008,0.8349999,6.815998,0.074999996,0.0,3.2949994,7.2,1
0.0,1.53,1.54,70.502,0.0,0.0,5.88,7.2,1
0.0,1.51,1.52,41.153,0.0,0.0,3.383,7.2,1
0.0,0.0075,0.06999999,0.13599999,0.61499995,0.0,2.9750006,7.2,1
0.0,0.82500005,0.98499995,-0.5160001,0.0,0.0,6.0229983,7.2,1
0.0,2.1649992,6.294998,12.319003,0.074999996,0.0,5.854998,7.2,1
0.0,3.99,1.13,6.953,1.18,8.2,6.208,7.2,1
0.0,0.90999997,0.35499993,5.1689982,0.0075,0.074999996,6.034002,7.2,1
0.0,0.13500006,0.18000002,-0.32000008,0.8449999,0.31500006,2.3580008,7.2,1
0.0,13.91,3.45,11.261,0.13,1.46,3.264,7.2,1
0.0,0.79,3.9250002,4.6989985,0.074999996,0.0,5.8069997,7.2,1
0.0,1.1349995,8.605003,3.1270006,1.0250001,2.9650006,2.7209992,7.2,1
0.0,2.1550007,2.5449994,0.34899992,1.0650004,6.9049983,3.0860007,7.2,1
0.0,4.085002,17.245003,13.502997,0.36499992,3.8150008,3.2740006,7.2,1
0.0,3.5149994,17.125004,20.876003,0.0,0.0,6.0149984,7.2,1
0.0,3.38,3.38,78.046,0.0,0.0,3.097,7.2,1
0.0,0.36499992,0.39499992,3.8550007,0.0,0.074999996,5.9510016,7.2,1
0.0,2.35,0.65,13.754,0.0,0.0,5.853,7.2,1
0.0,3.68,0.91,2.858,0.0,0.0,3.141,7.2,1
0.0,5.24,1.51,3.69,1.29,4.76,3.05,7.2,1
0.0,2.6850007,2.8349993,0.14399998,0.074999996,0.0,5.9559984,7.2,1
0.0,7.73,1.75,5.818,0.0,0.0,3.363,7.2,1
0.0,1.6850005,4.774998,4.9939995,0.0,0.074999996,3.0810003,7.2,1
0.0,1.15,1.92,21.358,0.0,0.0,2.056,7.2,1
0.0,2.1449993,7.004998,6.146002,1.0650004,5.9349985,2.8580008,7.2,1
0.0,2.8250008,1.6550006,17.282003,0.79499996,12.574997,6.060002,7.2,1
0.0,1.22,1.3050005,11.424003,0.28499994,0.7150001,3.1589994,7.2,1
0.0,0.6549999,1.4850005,7.767998,0.074999996,0.074999996,5.677002,7.2,1
0.0,1.8,1.8,26.592,0.61,3.46,3.153,7.2,1
0.0,0.074999996,1.6849995,0.11300005,0.88499993,0.095,0.074999996,7.2,1
0.0,1.1749995,0.7149999,3.2450006,0.49499992,1.3149995,2.7309992,7.2,1
0.0,0.14500007,0.19000003,-0.027999997,0.8349999,0.44500005,3.0340006,7.2,1
0.0,0.27499995,0.5400001,0.61500007,0.074999996,0.074999996,1.9400005,7.2,1
0.0,30.75,10.76,52.886,0.0,0.0,6.121,7.2,1
0.0,2.65,0.68,15.763,1.17,18.44,5.948,7.2,1
0.0,11.33,2.51,14.91,0.37,5.52,5.94,7.2,1
0.0,1.53,1.53,26.952,1.24,6.17,3.25,7.2,1
0.0,12.2,3.08,7.823,0.65,5.08,2.625,7.2,1
0.0,4.31,1.53,5.017,0.0,0.0,3.301,7.2,1
0.0,2.6850007,15.284997,9.241997,0.50500005,5.2449985,3.3959994,7.2,1
0.0,1.9450005,7.374998,6.3400016,0.0,0.0,3.4249992,7.2,1
0.0,0.8949999,3.2100003,10.015003,0.6750001,7.645002,3.1889994,7.2,1
0.0,2.8650007,3.0249994,1.8790005,0.074999996,0.0,3.1360006,7.2,1
0.0,3.44,8.63,52.257,0.0,0.0,6.069,7.2,1
0.0,2.8050008,3.0650008,3.5399992,0.37499994,2.2050006,2.5680006,7.2,1
0.0,1.9249995,1.1250005,6.201998,0.0,0.0075,3.2139993,7.2,1
0.0,0.13000003,0.6549999,0.53099996,0.39500007,0.19500004,3.225,7.2,1
0.0,1.11,1.12,14.61,0.3,1.07,3.201,7.2,1
0.0,0.7649999,1.7950006,10.130003,0.74500006,8.444997,6.008002,7.2,1
0.0,1.6,1.61,32.15,0.82,3.88,2.96,7.2,1
0.0,0.5749999,1.1250005,5.8319983,0.059999995,0.074999996,5.9240017,7.2,1
0.0,0.74,0.75,23.357,0.0,0.0,6.091,7.2,1
0.0,2.1449993,7.4449983,6.152002,0.0,0.0,2.8610008,7.2,1
0.0,3.07,3.07,74.217,0.0,0.0,3.269,7.2,1
0.0,1.0349995,0.56499994,3.6200006,0.6549999,2.0650008,3.4039993,7.2,1
0.0,1.8249995,1.9549999,2.2279994,0.9149999,1.7349994,2.4280007,7.2,1
0.0,1.11,1.11,21.639,0.0,0.0,3.107,7.2,1
0.0,1.8150005,8.125003,10.276003,0.96499974,10.844997,5.873998,7.2,1
0.0,0.18500006,0.33499992,-0.23600006,0.0,0.0,5.967002,7.2,1
0.0,0.36499992,2.0850008,2.9370008,0.0,0.074999996,5.981002,7.2,1
0.0,2.3350008,2.9749994,0.57799995,0.074999996,0.0,3.5020006,7.2,1
0.0,4.15,1.3,7.587,0.0,0.0,5.881,7.2,1
0.0,0.27499995,0.38499996,2.0000007,1.0849994,2.4849994,6.178002,7.2,1
0.0,1.5750005,3.7050006,8.247002,0.6649999,4.814998,5.452998,7.2,1
0.0,0.30499995,0.31499994,2.9050007,0.03,0.03,2.5529993,7.2,1
0.0,4.794998,4.9450016,6.428002,0.074999996,0.074999996,5.406998,7.2,1
0.0,3.8850007,4.8249984,4.546002,0.074999996,0.0,3.0290008,7.2,1
0.0,1.51,1.51,40.099,1.27,11.46,5.975,7.2,1
0.0,2.58,0.9,8.476,0.0,0.0,3.285,7.2,1
0.0,1.0250001,2.7849994,15.657003,0.9749999,14.234997,5.8800015,7.2,1
0.0,0.67499995,1.8050005,9.216003,0.074999996,0.074999996,5.4770017,7.2,1
0.0,1.0450003,3.6350007,3.0640006,0.0,0.074999996,3.3109994,7.2,1
0.0,1.1349995,6.6150017,6.755998,0.0,0.0,5.5849986,7.2,1
0.0,12.49,2.61,15.339,0.88,13.5,5.877,7.2,1
0.0,0.39499992,1.3450005,4.6399984,0.074999996,0.074999996,3.8169994,7.2,1
0.0,1.1649995,1.2749995,2.6449993,1.015,6.2449985,5.3499985,7.2,1
0.0,2.57,2.57,140.931,0.37,5.69,5.985,7.2,1
0.0,0.8949999,4.2249985,2.8550007,0.34500003,1.0800002,3.6479993,7.2,1
0.0,4.92,1.27,29.289,0.76,22.26,5.953,7.2,1
0.0,0.85,1.15,13.088,0.0,0.0,2.532,7.2,1
0.0,2.5749993,11.4450035,13.811997,1.1350005,14.634997,5.419998,7.2,1
0.0,1.8949995,2.0449998,0.47699994,0.074999996,0.0,4.091998,7.2,1
0.0,4.2149982,4.475002,7.1360016,0.074999996,0.074999996,3.2240007,7.2,1
0.0,2.31,2.32,67.701,0.0,0.0,6.048,7.2,1
0.0,0.8449999,2.7049994,8.509003,0.074999996,0.0,3.3389993,7.2,1
0.0,5.11,1.06,3.544,0.96,3.4,3.343,7.2,1
0.0,13.77,3.11,10.318,0.0,0.0,3.328,7.2,1
0.0,0.42500007,0.30499995,1.3810005,1.1250005,1.2949995,5.860998,7.2,1
0.0,1.0250001,17.664997,11.513003,0.0,0.074999996,3.2409992,7.2,1
0.0,3.04,3.62,76.808,0.24,2.22,3.044,7.2,1
0.0,3.0849993,6.9349985,9.722997,0.074999996,0.0,3.1300006,7.2,1
0.0,2.53,2.53,113.151,1.29,19.51,5.979,7.2,1
0.0,2.9250007,3.5550008,3.6789994,0.33499992,4.4449983,5.722998,7.2,1
0.0,0.7249999,1.9750005,10.593003,0.074999996,0.074999996,5.6900015,7.2,1
0.0,1.3050005,3.3350008,10.545003,0.044999994,1.1949995,3.1989994,7.2,1
0.0,2.035,13.024997,11.896003,1.0849994,13.964997,6.032998,7.2,1
0.0,2.36,2.37,126.577,0.41,5.96,6.159,7.2,1
0.0,1.3049995,3.4849994,1.5470005,0.074999996,0.0,3.1960006,7.2,1
0.0,2.1750007,0.9649999,7.037998,0.074999996,0.0,3.2359993,7.2,1
0.0,6.24,1.99,10.923,0.87,9.5,5.545,7.2,1
0.0,1.4000002,3.7050006,8.232997,0.8549999,6.435002,5.879998,7.2,1
0.0,6.45,2.17,13.249,0.0,0.0,6.106,7.2,1
0.0,0.5250001,0.23499992,1.8439995,0.074999996,0.014999997,3.2729993,7.2,1
0.0,0.6550001,0.81499994,1.1910006,0.5949999,2.2250006,5.9889984,7.2,1
0.0,1.71,1.71,28.763,0.0,0.0,3.13,7.2,1
0.0,0.25,0.26,12.217,0.0,0.0,5.968,7.2,1
0.0,1.7049994,0.99499995,10.338003,1.1850005,11.634997,5.9250016,7.2,1
0.0,0.9849996,1.1350005,2.7179992,0.56499994,2.9850006,5.814998,7.2,1
0.0,2.4649994,4.355002,27.601004,0.074999996,0.0,5.606002,7.2,1
0.0,0.61499995,1.9449997,6.2259984,0.074999996,0.074999996,3.2099993,7.2,1
0.0,6.44,2.79,13.976,0.0,0.0,5.947,7.2,1
0.0,1.7949995,1.1050005,6.038998,0.69499993,3.8649993,3.3449993,7.2,1
0.0,4.354998,3.5549994,4.626002,0.074999996,0.074999996,3.0000007,7.2,1
0.0,1.26,27.0,40.444,0.0,0.0,3.273,7.2,1
0.0,0.35500008,0.5149999,-0.14500007,0.8449999,1.7149994,5.3439984,7.2,1
0.0,0.9250001,1.0850005,2.5579994,0.074999996,0.0,5.840998,7.2,1
0.0,2.56,2.56,26.454,0.0,0.0,3.114,7.2,1
0.0,0.85999995,0.87499994,7.4899983,0.6049999,1.1049994,2.8559992,7.2,1
0.0,0.26499993,0.27499995,1.6099994,0.56499994,0.23499998,2.3859994,7.2,1
0.0,0.97,1.0,21.762,0.0,0.0,3.088,7.2,1
0.0,1.8449994,2.0050004,2.9219992,0.56499994,2.9350007,3.1270006,7.2,1
0.0,1.1949995,1.2099996,3.3529994,0.8549999,5.8249984,5.8759985,7.2,1
0.0,1.7250005,5.524998,2.5140004,1.2650006,2.9850006,1.4849994,7.2,1
0.0,2.3750007,1.015,4.528002,0.5849999,2.1950006,4.7129984,7.2,1
0.0,1.86,1.87,20.489,0.47,2.79,3.19,7.2,1
0.0,0.27000004,0.17499995,1.7439995,0.0,0.0,6.138002,7.2,1
0.0,0.8449999,2.4149992,12.5370035,1.1449995,15.464997,5.5350018,7.2,1
0.0,1.4049995,1.5650005,1.1660005,0.0,0.0,5.9239984,7.2,1
0.0,2.0649996,14.004997,11.617003,0.0,0.0,3.5139992,7.2,1
0.0,0.0,0.01,0.11,1.0350002,0.0,3.5749993,7.2,1
0.0,0.28499994,1.5250006,6.328998,1.3,1.5750005,5.751002,7.2,1
0.0,2.1950006,11.155003,7.487002,0.80500007,6.5950017,3.3399994,7.2,1
0.0,9.15,1.9,11.385,0.46,5.24,5.992,7.2,1
0.0,0.51500005,0.28499994,1.8159995,0.074999996,0.0,3.2799993,7.2,1
0.0,1.36,1.7,27.824,0.0,0.0,3.017,7.2,1
0.0,1.5049995,0.53499997,5.2909985,0.074999996,0.0,3.4709992,7.2,1
0.0,10.32,3.81,22.56,0.0,0.0,5.937,7.2,1
0.0,0.22,0.19999994,1.2469995,0.29499993,0.30499998,6.0840015,7.2,1
0.0,7.1,1.58,9.503,0.14,1.33,6.015,7.2,1
0.0,2.14,2.14,106.16,0.0,0.0,6.083,7.2,1
0.0,0.86500007,0.925,2.7869992,0.074999996,0.0,6.018998,7.2,1
0.0,1.7350005,7.6749983,5.2860017,0.49499992,2.1150007,3.2139993,7.2,1
0.0,0.14499998,0.11,0.35800007,0.074999996,0.0525,3.2899992,7.2,1
0.0,0.17499995,0.18499994,2.0330007,0.0,0.074999996,5.895002,7.2,1
0.0,1.46,1.47,19.087,0.0,0.0,3.276,7.2,1
0.0,2.4950006,1.3050005,3.9799993,0.074999996,0.0,3.1260006,7.2,1
0.0,0.31500003,0.6550001,2.0379999,0.074999996,0.0,5.872998,7.2,1
0.0,1.2949995,1.7450005,2.1379993,0.074999996,0.074999996,5.782998,7.2,1
0.0,4.71,6.12,257.783,0.91,24.18,5.641,7.2,1
0.0,0.7149999,2.1050007,6.847998,0.074999996,0.029999997,3.2649994,7.2,1
0.0,3.1549993,7.3649983,10.425997,0.54499996,4.7849984,3.2860007,7.2,1
0.0,2.2749994,8.435003,12.437003,0.074999996,0.0,5.611998,7.2,1
0.0,0.49,1.9449997,1.1720005,0.67499995,0.5850001,2.1640007,7.2,1
0.0,2.5350006,2.6849992,7.548002,0.074999996,0.074999996,5.9579983,7.2,1
0.0,3.04,3.05,70.335,0.0,0.0,3.275,7.2,1
0.0,0.95499986,1.1150005,-0.42500007,0.022499999,0.0,6.038998,7.2,1
0.0,0.63500005,0.5849999,1.3489995,0.62499994,0.70500004,2.0809994,7.2,1
0.0,1.3549997,3.4050007,8.597997,0.074999996,0.074999996,6.012998,7.2,1
0.0,0.68499994,2.5350006,6.676998,1.2049994,8.714997,3.2449994,7.2,1
0.0,0.75499994,2.1050007,6.8709984,0.074999996,0.0,3.2609994,7.2,1
0.0,0.8550001,0.32499993,3.4060006,0.0,0.074999996,3.8179994,7.2,1
0.0,1.1749995,2.1449993,1.0370002,0.33499992,1.7249994,5.458998,7.2,1
0.0,9.38,2.92,17.616,0.0,0.0,6.138,7.2,1
0.0,0.69499993,2.0050004,8.860003,0.074999996,0.074999996,4.705002,7.2,1
0.0,3.2049994,10.315003,17.135998,0.074999996,0.0,5.3759985,7.2,1
0.0,2.8249993,9.615003,9.670997,0.074999996,0.0,3.4140007,7.2,1
0.0,0.6649999,2.3949993,9.176003,0.42500007,4.705002,5.6820016,7.2,1
0.0,0.06500001,0.12000003,-0.22100008,1.3,0.49500006,3.2040007,7.2,1
0.0,0.62,0.63,12.449,0.49,0.68,2.247,7.2,1
0.0,1.5549995,0.49499992,5.190998,0.074999996,0.0,3.3059993,7.2,1
0.0,10.68,3.05,9.042,0.0,0.0,3.024,7.2,1
0.0,1.7150005,3.3050008,9.468003,0.0,0.0,3.1429994,7.2,1
0.0,0.34499994,0.98499995,2.8730006,0.074999996,0.074999996,3.3509994,7.2,1
0.0,2.7550006,2.9049993,3.5009995,0.8449999,7.1849985,3.2560008,7.2,1
0.0,0.48499992,1.3799996,4.6349983,0.074999996,0.074999996,3.3459992,7.2,1
0.0,4.91,1.6,9.611,0.0,0.0,6.007,7.2,1
0.0,1.3650005,2.7450006,6.604998,0.19500008,1.7249994,2.7359993,7.2,1
0.0,15.05,3.31,19.939,0.92,18.34,6.024,7.2,1
0.0,2.8950007,3.0449994,-0.44500005,0.074999996,0.0,4.835998,7.2,1
0.0,3.66,1.47,17.886,0.55,9.84,4.887,7.2,1
0.0,6.39,1.86,11.167,0.19,2.12,6.004,7.2,1
0.0,1.5950005,6.9549985,4.832001,0.0,0.0,3.2239993,7.2,1
0.0,1.9650005,8.875003,11.161003,0.38500008,5.0949984,6.020002,7.2,1
0.0,0.18500006,0.19500008,0.64699996,0.037499998,0.0,5.886998,7.2,1
0.0,0.93499994,0.94499993,9.410003,0.074999996,0.0,3.2399993,7.2,1
0.0,5.3650017,18.965004,48.103004,0.0,0.0,5.743002,7.2,1
0.0,2.1750007,1.1450006,3.5299993,0.24499993,0.51500005,3.1840007,7.2,1
0.0,1.79,1.8,41.766,1.26,7.3,3.236,7.2,1
0.0,0.23500007,0.27500004,0.15099998,0.7149999,0.5850001,3.2770007,7.2,1
0.0,0.49499992,0.6650001,2.1750007,1.1550006,2.4000003,3.1569993,7.2,1
0.0,3.6750007,1.9050006,5.2290006,1.2750006,6.164998,2.7820008,7.2,1
0.0,7.14,3.84,16.252,0.76,12.35,5.846,7.2,1
0.0,2.6549993,10.625003,15.6799965,1.1050005,16.144997,5.972998,7.2,1
0.0,8.0,2.85,14.45,0.75,10.84,5.757,7.2,1
0.0,0.97499967,0.55499995,1.9139994,0.7749999,1.3149995,1.9690006,7.2,1
0.0,1.0250001,3.7349997,12.418003,0.32499993,3.0450006,4.585002,7.2,1
0.0,1.55,1.56,78.175,0.0,0.0,5.999,7.2,1
0.0,1.3849995,0.5249999,2.6529994,1.3,3.2550006,5.6539984,7.2,1
0.0,1.9950005,3.5049994,1.1760005,0.21499993,0.88500005,3.2520006,7.2,1
0.0,0.035,0.01,0.14799997,0.074999996,0.0,3.665,7.2,1
0.0,3.58,10.89,128.354,0.85,17.96,5.903,7.2,1
0.0,12.84,4.66,15.251,0.75,11.44,3.605,7.2,1
0.0,2.88,0.9,8.697,0.36,3.13,3.02,7.2,1
0.0,2.4350007,1.6550006,8.158003,0.54499996,3.9449992,3.3549993,7.2,1
0.0,7.62,2.1,5.864,0.84,4.93,3.24,7.2,1
0.0,0.14500007,0.30499995,-0.49900007,0.97999996,0.6550001,3.3980007,7.2,1
0.0,3.01,3.02,28.937,0.52,4.88,3.119,7.2,1
0.0,2.5850008,2.7449994,1.2000005,0.074999996,0.0,5.413998,7.2,1
0.0,3.76,0.98,12.645,0.0,0.0,3.363,7.2,1
0.0,2.4150007,2.5649993,3.6609993,1.2250005,16.545004,5.7279983,7.2,1
0.0,5.394998,3.5849993,12.806997,1.0550004,12.5549965,5.7119985,7.2,1
0.0,0.68500006,0.8349999,0.31899995,0.074999996,0.0,5.741998,7.2,1
0.0,3.2149994,11.405003,17.886997,0.074999996,0.0,5.597998,7.2,1
0.0,2.4950006,2.6449993,1.4180006,0.7649999,5.754998,3.2130008,7.2,1
0.0,0.47499993,1.5349995,5.0139985,0.69499993,3.0850008,3.2359993,7.2,1
0.0,3.26,3.27,197.605,0.85,16.8,6.064,7.2,1
0.0,2.8550007,3.9250007,3.9109993,0.40499994,2.8850007,2.9880006,7.2,1
0.0,1.79,1.8,47.523,0.18,1.08,3.35,7.2,1
0.0,2.93,0.88,2.423,0.24,0.58,2.753,7.2,1
0.0,1.1750005,2.8749993,13.437003,0.5850001,8.994997,5.752002,7.2,1
0.0,1.9150006,3.1550007,8.529003,0.30500007,3.3449993,2.8869994,7.2,1
0.0,10.64,2.22,7.096,0.41,2.91,3.211,7.2,1
0.0,1.6049994,0.56499994,5.4289985,0.45499992,2.1499994,3.3509994,7.2,1
0.0,2.3450007,3.0249994,0.8579999,0.7149999,8.965003,5.7589984,7.2,1
0.0,7.46,1.91,6.299,0.0,0.0,3.315,7.2,1
0.0,1.2049994,0.81499994,7.504998,0.044999998,0.074999996,5.9970016,7.2,1
0.0,1.0550004,2.5750008,8.553003,0.9849996,9.224997,3.3309994,7.2,1
0.0,0.7950001,0.25499994,0.63499993,0.037499998,0.0,3.0360007,7.2,1
0.0,6.43,1.83,5.431,0.58,3.15,2.984,7.2,1
0.0,1.3399998,0.5249999,8.182003,0.98499995,7.585002,6.1020017,7.2,1
0.0,1.71,2.34,32.625,0.0,0.0,2.97,7.2,1
0.0,0.7850001,0.94499993,0.23599993,0.86499995,4.0549984,6.005998,7.2,1
0.0,4.2149982,2.4549994,9.305997,0.074999996,0.074999996,6.078998,7.2,1
0.0,0.79499996,1.9650005,11.034003,0.074999996,0.074999996,5.9530015,7.2,1
0.0,0.62499994,1.6049994,5.366998,0.8449999,4.265002,3.3339994,7.2,1
0.0,1.8649995,10.154997,6.118998,0.0,0.0,3.2679994,7.2,1
0.0,1.8349994,1.1550006,5.853998,0.62499994,3.3349993,3.1789994,7.2,1
0.0,0.31500006,0.975,2.009,0.074999996,0.0075,5.410999,7.2,1
0.0,1.075,0.38499993,6.275998,0.37499994,1.9850005,6.067002,7.2,1
0.0,1.8149995,1.9750005,2.3209994,0.074999996,0.074999996,5.558998,7.2,1
0.0,8.79,3.66,21.927,0.0,0.0,6.007,7.2,1
0.0,0.245,4.3449984,1.4759995,0.074999996,0.074999996,5.8899984,7.2,1
0.0,2.7250006,1.0850005,3.3019993,0.68499994,1.8949995,3.1200006,7.2,1
0.0,2.0750008,11.724997,6.1350017,0.44500005,3.0750008,2.8939993,7.2,1
0.0,2.2850006,2.8450007,3.9829993,1.1250005,13.655003,5.4639983,7.2,1
0.0,0.81500006,3.4550006,5.7740016,0.074999996,0.0,6.327998,7.2,1
0.0,2.91,1.57,18.116,0.0,0.0,6.225,7.2,1
0.0,1.19,1.19,34.79,0.0,0.0,6.12,7.2,1
0.0,2.6049993,9.115003,7.7930017,0.0,0.0,2.9760008,7.2,1
0.0,2.6449993,14.504997,15.073003,0.80500007,13.404997,5.8189983,7.2,1
0.0,0.34499994,1.0550003,3.1270006,1.2650006,3.7350006,3.2769992,7.2,1
0.0,0.83,0.85,20.022,0.0,0.0,3.286,7.2,1
0.0,0.33499992,0.49500006,0.83799994,0.8449999,0.51500005,2.8600006,7.2,1
0.0,3.3,3.3,32.541,0.49,5.08,3.141,7.2,1
0.0,10.88,3.57,7.207,0.24,1.73,3.175,7.2,1
0.0,1.2749999,1.3650005,10.163003,1.2750006,5.165002,3.3619993,7.2,1
0.0,0.7749999,2.5649993,12.008003,0.9250001,12.154997,5.9980016,7.2,1
0.0,2.8849993,10.085003,9.457997,0.06,0.0,3.2640007,7.2,1
0.0,0.0,0.7249999,0.093,1.1449995,0.0,1.7249994,7.2,1
0.0,1.2249999,1.3150005,9.729003,0.6449999,2.1600003,3.1689994,7.2,1
0.0,0.10500006,0.8349999,1.1430005,1.2249994,1.3149995,5.9930015,7.2,1
0.0,2.25,2.26,33.084,0.2,2.73,6.073,7.2,1
0.0,1.8850005,6.624998,5.8510017,0.25500008,1.9850005,3.1160007,7.2,1
0.0,1.5749995,1.7250005,1.9210005,0.48499992,2.1250007,3.1800008,7.2,1
0.0,2.6,1.24,15.73,0.0,0.0,6.05,7.2,1
0.0,1.2150005,1.9449997,6.813998,1.0949994,2.8549993,2.1619992,7.2,1
0.0,0.125,0.15999997,0.70500004,0.037499998,0.074999996,5.960002,7.2,1
0.0,1.9550005,5.3849983,16.050003,0.7750001,13.784997,3.2739992,7.2,1
0.0,2.77,0.88,16.449,0.0,0.0,5.938,7.2,1
0.0,0.95500004,0.36499992,5.5949984,0.9649999,5.125002,5.9200015,7.2,1
0.0,0.075000025,0.075000025,0.16399996,0.024999999,0.0,3.0450006,7.2,1
0.0,0.97499996,0.33499992,5.4119983,1.1650006,6.0550017,5.975002,7.2,1
0.0,2.0150003,6.754998,6.237002,1.2150005,7.0950017,3.1010008,7.2,1
0.0,0.30500007,1.0349995,2.3109994,0.074999996,0.0,5.808998,7.2,1
0.0,8.87,2.75,6.947,0.0,0.0,3.172,7.2,1
0.0,0.055,0.38499993,0.585,0.03,0.0,5.595001,7.2,1
0.0,0.6549999,1.7050005,8.644003,0.28499994,1.9050006,5.888002,7.2,1
0.0,0.9549999,2.8650007,6.122998,1.1549995,7.6950016,3.0839994,7.2,1
0.0,1.62,1.67,45.759,0.11,0.52,2.892,7.2,1
0.0,1.4849994,0.8549999,8.350003,0.36499992,2.5149994,5.4760017,7.2,1
0.0,1.0949994,14.344997,3.3290007,0.38500008,1.4949995,2.9839993,7.2,1
0.0,6.4,2.01,6.591,0.0,0.0,3.296,7.2,1
0.0,1.7549996,1.8750005,13.385003,0.074999996,0.022499999,3.2699993,7.2,1
0.0,0.55499995,1.7549995,5.598998,0.074999996,0.074999996,3.1759994,7.2,1
0.0,0.11,0.10500006,0.32399994,0.015,0.037499998,3.0370007,7.2,1
0.0,3.6249993,12.075003,19.665997,0.074999996,0.0,5.4439983,7.2,1
0.0,4.44,2.54,27.052,0.0,0.0,6.093,7.2,1
0.0,2.15,2.15,33.201,0.26,3.38,6.039,7.2,1
0.0,2.63,0.8,4.705,0.29,1.36,5.881,7.2,1
0.0,6.03,1.88,4.308,1.21,5.21,2.834,7.2,1
0.0,1.83,8.58,42.019,0.0,0.0,5.885,7.2,1
0.0,3.34,1.18,7.136,0.16,1.14,6.047,7.2,1
0.0,2.45,0.72,14.23,0.15,2.13,5.808,7.2,1
0.0,0.16500007,0.17500007,0.45899993,0.074999996,0.0,3.1380007,7.2,1
0.0,0.6650001,0.43499994,2.3730006,0.30499995,0.61999995,3.3829994,7.2,1
0.0,5.22,2.12,6.1,0.0,0.0,3.144,7.2,1
0.0,1.29,1.29,17.639,1.01,4.34,3.333,7.2,1
0.0,1.1649995,1.3150005,1.0350002,1.3,5.0949984,3.3150008,7.2,1
0.0,0.20499992,0.29499996,1.3759995,0.0075,0.074999996,5.8790016,7.2,1
0.0,10.23,2.36,7.679,0.59,4.53,3.268,7.2,1
0.0,1.4249995,1.5750005,2.4819994,0.074999996,0.044999998,3.4520006,7.2,1
0.0,2.1650007,2.3149993,0.049,0.7649999,5.084998,3.2650006,7.2,1
0.0,5.02,1.3,7.765,1.19,9.24,6.019,7.2,1
0.0,0.7850001,0.25499994,0.6509999,0.022499999,0.0,3.1250007,7.2,1
0.0,0.54,0.55,22.523,0.0,0.0,6.124,7.2,1
0.0,0.7850001,0.9549999,0.70399994,0.074999996,0.0,5.9449983,7.2,1
0.0,3.6749992,17.025003,21.795004,0.0,0.0,5.999998,7.2,1
0.0,3.95,1.05,6.268,0.0,0.0,5.97,7.2,1
0.0,3.3550007,17.694998,12.940997,0.0,0.0,3.6760006,7.2,1
0.0,1.9349996,0.7249999,6.359998,0.25499994,1.0849994,3.2759993,7.2,1
0.0,2.0450006,11.904997,6.6609983,0.0,0.0,3.2519994,7.2,1
0.0,2.01,2.41,52.494,0.0,0.0,5.73,7.2,1
0.0,1.66,2.23,46.756,0.0,0.0,3.215,7.2,1
0.0,0.68499994,1.3450005,7.3439984,0.074999996,0.074999996,5.9170017,7.2,1
0.0,1.1649995,1.3150005,3.5569994,0.25499994,1.2749995,5.960998,7.2,1
0.0,9.94,2.39,7.869,0.0,0.0,3.292,7.2,1
0.0,0.43499994,0.7649999,4.1019983,0.4650001,2.3349993,6.1290016,7.2,1
0.0,2.4850006,2.6449993,2.9749994,0.48499992,3.1950006,3.0410006,7.2,1
0.0,0.22500008,0.23500007,0.7429999,0.074999996,0.0,5.9349985,7.2,1
0.0,1.0450003,1.4449995,4.677998,0.26500008,1.6950005,3.2229993,7.2,1
0.0,2.25,3.13,45.018,0.92,5.76,2.784,7.2,1
0.0,8.67,2.83,8.733,0.94,8.21,3.452,7.2,1
0.0,0.93,0.96,28.104,0.0,0.0,3.225,7.2,1
0.0,3.2950006,1.7150005,9.047003,0.074999996,0.0,2.7819993,7.2,1
0.0,1.2650006,2.5249994,14.207003,0.68500006,10.924997,5.928002,7.2,1
0.0,1.35,0.53499997,8.061003,0.034999996,0.9649999,6.1020017,7.2,1
0.0,1.89,2.51,24.861,0.0,0.0,5.465,7.2,1
0.0,2.31,2.55,49.321,0.44,3.09,3.043,7.2,1
0.0,1.1550006,1.6549995,5.4119983,0.0,0.074999996,3.2469993,7.2,1
0.0,0.34499994,0.67499995,3.5280006,0.0,0.074999996,6.080002,7.2,1
0.0,15.42,3.87,11.134,1.22,13.58,3.076,7.2,1
0.0,6.1,1.97,6.511,0.0,0.0,3.305,7.2,1
0.0,1.7450005,4.855002,24.938004,0.41000003,10.935003,5.8920016,7.2,1
0.0,0.32000002,0.30499995,1.9640001,0.5899999,1.08,5.901002,7.2,1
0.0,0.39499992,0.56500006,1.9339997,0.074999996,0.074999996,3.2639992,7.2,1
0.0,2.0449998,7.8449984,10.647997,1.1450006,11.384997,5.2919984,7.2,1
0.0,1.2749995,0.63499993,7.6069984,0.0,0.074999996,5.765002,7.2,1
0.0,6.105002,13.955003,33.145004,0.074999996,0.0,5.433998,7.2,1
0.0,1.3749995,0.44499993,0.89299995,0.074999996,0.0,2.1360006,7.2,1
0.0,0.38500008,0.53499997,0.77699995,0.28499994,0.51500005,6.0269985,7.2,1
0.0,1.9349996,1.0850005,12.132003,0.34500006,5.205002,6.1480017,7.2,1
0.0,1.4249995,1.5750005,-0.43000007,1.1950005,10.095003,5.978998,7.2,1
0.0,0.38499993,1.5650005,2.1260006,1.2950006,2.7649994,2.8259993,7.2,1
0.0,10.035003,8.224997,12.253997,0.074999996,0.074999996,3.4970007,7.2,1
0.0,5.55,2.59,5.967,0.0,0.0,2.762,7.2,1
0.0,2.2049994,6.484998,6.816002,0.0,0.0,3.0900006,7.2,1
0.0,0.6050001,0.75499994,-0.15500008,0.074999996,0.0,5.7939982,7.2,1
0.0,3.77,3.78,102.945,0.58,13.07,5.977,7.2,1
0.0,3.53,1.17,3.608,1.14,4.11,3.084,7.2,1
0.0,0.35500008,0.50499994,0.048,0.5849999,1.2749995,6.0809984,7.2,1
0.0,0.36500007,0.21499993,1.3469995,0.0,0.0,3.3069994,7.2,1
0.0,1.6450006,4.4049983,6.0079985,0.29499993,1.2549995,3.8949997,7.2,1
0.0,3.28,1.27,7.082,0.36,2.55,5.621,7.2,1
0.0,7.36,2.2,13.699,0.0,0.0,6.255,7.2,1
0.0,2.4149992,5.7750015,28.344004,0.24500006,9.164997,6.033002,7.2,1
0.0,1.7449995,0.55499995,5.9709983,1.3,7.7550015,3.3969994,7.2,1
0.0,1.015,2.1249993,11.941003,0.45499992,4.509999,5.936002,7.2,1
0.0,6.05,1.36,4.323,0.0,0.0,3.202,7.2,1
0.0,2.5150006,2.6649992,2.9129994,0.5949999,7.3849983,5.4629984,7.2,1
0.0,1.9,0.61,11.409,0.0,0.0,6.005,7.2,1
0.0,1.0049995,1.2750006,0.26099995,0.074999996,0.0,5.958998,7.2,1
0.0,1.3349994,4.794998,8.909997,0.074999996,0.074999996,6.190998,7.2,1
0.0,0.17999998,0.14499998,0.90599996,0.074999996,0.067499995,5.894999,7.2,1
0.0,6.67,2.08,12.59,0.12,1.51,6.082,7.2,1
0.0,6.04,1.61,9.525,0.0,0.0,5.953,7.2,1
0.0,32.12,14.23,33.397,0.16,5.34,3.224,7.2,1
0.0,6.49,1.66,9.645,0.9,8.68,5.845,7.2,1
0.0,1.4450005,3.3150008,10.546003,0.47500008,5.915002,3.2079992,7.2,1
0.0,0.80500007,0.9649999,-0.5210001,0.5849999,2.5950007,5.8649983,7.2,1
0.0,0.62500006,0.29499993,2.3150008,1.1350005,2.4550006,3.4889994,7.2,1
0.0,1.5100005,4.4349985,8.389997,0.074999996,0.074999996,5.6589985,7.2,1
0.0,2.0150006,0.7749999,2.4019992,0.074999996,0.0,3.2490005,7.2,1
0.0,0.14499998,0.15499997,1.0199995,1.1550006,0.48499992,5.546002,7.2,1
0.0,0.69499993,1.5649995,1.9389995,0.022499999,0.074999996,3.1490006,7.2,1
0.0,0.2850001,1.8750005,1.1430005,1.1750005,1.0949994,2.8920007,7.2,1
0.0,0.23500004,0.9549999,1.6860002,0.074999996,0.0075,5.8839993,7.2,1
0.0,0.19499993,0.39500007,0.9819997,0.73499995,0.7749999,2.3239994,7.2,1
0.0,1.3950006,4.644998,7.349002,0.4649999,2.7650006,5.4359984,7.2,1
0.0,7.72,2.38,14.644,1.18,17.28,6.179,7.2,1
0.0,1.22,1.23,61.167,0.0,0.0,5.929,7.2,1
0.0,0.36500007,0.5249999,0.36099994,0.94499993,1.1849995,3.2200007,7.2,1
0.0,2.8350008,3.4350007,8.1729965,0.074999996,0.074999996,5.8759985,7.2,1
0.0,1.7749995,0.62499994,3.3449993,1.1950005,3.7349994,5.8699985,7.2,1
0.0,0.47500008,0.20499992,0.7849999,0.0,0.0,5.841998,7.2,1
0.0,1.5449995,7.834998,4.6539984,0.86500007,4.5250015,2.9939992,7.2,1
0.0,0.31500006,0.34000006,1.1450006,0.42499992,0.74500006,5.9219985,7.2,1
0.0,1.9449997,12.724997,6.6090016,0.62500006,4.4949985,3.3099992,7.2,1
0.0,4.6349983,5.504998,3.8699994,1.2350005,17.905003,3.2160006,7.2,1
0.0,1.6950005,6.544998,5.561002,0.0,0.0,3.4609993,7.2,1
0.0,1.7849995,1.9450005,2.4799993,0.9749999,5.4649982,3.2360008,7.2,1
0.0,3.2150006,2.0549996,8.843003,0.074999996,0.0,2.7859993,7.2,1
0.0,10.93,2.57,6.942,0.81,5.62,2.701,7.2,1
0.0,3.49,7.14,143.673,0.61,9.53,4.477,7.2,1
0.0,19.35,6.37,35.793,0.59,21.12,5.619,7.2,1
0.0,2.5050006,3.1550007,5.6820016,0.86499995,10.865003,5.2909985,7.2,1
0.0,2.77,2.77,57.103,0.91,9.38,3.722,7.2,1
0.0,0.30499995,1.4150006,4.0609984,0.0,0.074999996,4.829002,7.2,1
0.0,0.63500005,0.79499996,1.5270005,0.5849999,2.0850008,5.9039984,7.2,1
0.0,4.0549984,4.2150016,3.0299993,0.80499995,9.155003,2.9870007,7.2,1
0.0,0.53499997,1.6649995,3.7290006,0.0,0.074999996,3.0699992,7.2,1
0.0,3.5550008,2.035,11.914003,0.50499994,5.2350016,3.3779993,7.2,1
0.0,1.4349995,1.9250005,-0.14300007,1.2750006,5.1749983,2.8240006,7.2,1
0.0,3.88,1.65,8.95,0.53,4.74,5.424,7.2,1
0.0,0.4650001,0.47499993,1.5079994,0.059999995,0.015,3.0059993,7.2,1
0.0,2.03,2.38,28.932,1.26,13.25,5.181,7.2,1
0.0,0.74500006,3.96,4.767998,0.074999996,0.0,6.084999,7.2,1
0.0,0.88,0.89,46.874,0.89,4.2,5.367,7.2,1
0.0,2.4649994,11.265003,7.9120016,0.0,0.0,3.3539994,7.2,1
0.0,1.0150001,1.0450003,6.7469983,0.074999996,0.0,3.5119994,7.2,1
0.0,0.33500007,0.36000004,1.1970005,0.074999996,0.0,5.868998,7.2,1
0.0,4.22,1.67,3.03,0.15,0.45,3.03,7.2,1
0.0,0.0075,0.01,0.11,0.074999996,0.0,3.5749993,7.2,1
0.0,5.59,2.39,7.662,0.0,0.0,5.142,7.2,1
0.0,0.17000003,0.13499999,1.1039995,0.0,0.015,5.9700017,7.2,1
0.0,0.0,1.7250005,-0.30900007,0.074999996,0.0,6.6749983,7.2,1
0.0,1.9549999,0.73499995,6.629998,1.2150005,7.7150016,3.3779993,7.2,1
0.0,0.095,0.04,0.314,0.074999996,0.014999997,5.528001,7.2,1
0.0,1.0250001,3.6450007,2.6410007,0.685,1.8950006,2.8739998,7.2,1
0.0,1.41,1.81,37.27,1.21,4.95,2.899,7.2,1
0.0,1.8450005,6.4549985,6.0430017,0.7750001,5.145002,3.2970006,7.2,1
0.0,13.3,4.89,28.996,0.74,21.46,5.942,7.2,1
0.0,3.0250006,3.1749992,5.6160016,0.47499993,6.205002,4.8719983,7.2,1
0.0,3.96,1.4,12.332,0.0,0.0,3.114,7.2,1
0.0,2.2349994,14.964997,12.548003,0.935,12.824997,5.768998,7.2,1
0.0,7.45,1.84,10.456,0.0,0.0,5.683,7.2,1
0.0,2.0050004,4.334998,11.565002,0.67499995,7.0450015,5.947998,7.2,1
0.0,16.37,3.89,12.383,0.0,0.0,3.242,7.2,1
0.0,0.26499993,0.79499996,2.2260008,0.044999998,0.074999996,3.2709994,7.2,1
0.0,1.3850005,3.0050006,4.483999,0.03,0.029999997,3.4869998,7.2,1
0.0,1.8949995,1.1450006,6.3629985,1.1650006,7.0950017,3.3429992,7.2,1
0.0,1.77,1.87,23.794,0.0,0.0,2.854,7.2,1
0.0,0.095,0.074999996,0.30399996,1.0300002,0.255,3.1249993,7.2,1
0.0,6.99,3.42,5.776,1.29,7.45,3.008,7.2,1
0.0,3.4149992,10.905003,19.993998,0.074999996,0.0,5.8889985,7.2,1
0.0,2.0650008,2.5949993,1.8170005,0.18499994,1.2049994,5.3429985,7.2,1
0.0,0.69500005,1.0149995,0.83799994,0.44499993,0.7850001,2.9300008,7.2,1
0.0,1.3400002,6.1849985,7.101999,0.72,5.084998,5.421999,7.2,1
0.0,1.7,1.71,29.602,0.0,0.0,6.004,7.2,1
0.0,10.33,2.77,16.64,0.0,0.0,6.007,7.2,1
0.0,5.2,1.42,4.434,1.05,4.66,3.123,7.2,1
0.0,0.17500007,0.33499992,-0.5170001,0.18500006,0.29500008,5.803002,7.2,1
0.0,0.125,0.20999995,0.77700007,0.015,0.074999996,5.7550015,7.2,1
0.0,2.4349992,8.4450035,13.749997,0.69499993,8.5549965,5.7189984,7.2,1
0.0,0.75499994,2.2449994,8.271003,0.014999997,0.074999996,4.844002,7.2,1
0.0,4.104998,3.2249994,6.1630015,0.53499997,2.8749993,2.8800006,7.2,1
0.0,1.0449995,0.93499994,2.6180007,1.2150005,3.1449993,2.4789994,7.2,1
0.0,1.8850005,4.894998,5.8740015,0.074999996,0.074999996,3.1290007,7.2,1
0.0,0.0,1.1900004,0.101,0.44500005,0.0,2.5250006,7.2,1
0.0,0.23500004,1.4050006,1.648,0.54499996,0.71000004,5.886,7.2,1
0.0,7.73,1.98,11.775,0.0,0.0,5.977,7.2,1
0.0,14.6,2.98,16.585,0.13,2.16,5.565,7.2,1
0.0,1.28,1.29,65.577,0.0,0.0,6.146,7.2,1
0.0,0.54499996,1.2450005,6.933998,1.1349999,8.134997,6.066002,7.2,1
0.0,2.8249993,10.325003,16.533003,0.074999996,0.0,5.958998,7.2,1
0.0,1.7050005,5.144998,9.769003,0.80499995,7.265002,5.9639983,7.2,1
0.0,2.5750008,1.2450005,8.029003,0.43499994,2.9949994,3.1329994,7.2,1
0.0,0.83,0.35499993,4.683998,0.0,0.074999996,6.0240016,7.2,1
0.0,1.3650005,2.6249993,15.434003,0.72499996,10.624997,6.1810017,7.2,1
0.0,0.88500005,1.0350002,0.14899997,0.074999996,0.0,5.892998,7.2,1
0.0,3.43,1.0,11.186,0.85,9.51,3.261,7.2,1
0.0,0.9849996,1.1350005,0.7839999,0.80499995,2.2950006,2.9870007,7.2,1
0.0,0.110000014,0.7749999,0.789,0.074999996,0.0,5.6059995,7.2,1
0.0,3.57,3.84,1.069,0.66,13.63,5.787,7.2,1
0.0,1.8950006,7.664998,5.9240017,0.0,0.0,3.2889993,7.2,1
0.0,0.5149999,1.0450003,5.747998,0.46999997,2.6349993,6.0780015,7.2,1
0.0,0.16499996,0.16499996,1.8939995,0.0,0.074999996,5.8190017,7.2,1
0.0,1.39,1.4,37.117,0.0,0.0,3.307,7.2,1
0.0,1.1299998,0.40499994,6.5959983,0.48499992,2.8149993,5.8260016,7.2,1
0.0,1.0750005,2.1350007,5.1469984,0.7850001,4.5650015,2.4489994,7.2,1
0.0,1.0250001,1.7350005,9.796003,1.1549995,12.214997,6.0570016,7.2,1
0.0,1.5549995,6.4949985,9.866997,0.074999996,0.0,5.9319983,7.2,1
0.0,0.54499996,1.0849994,3.6270006,0.86499995,2.8450007,3.2939994,7.2,1
0.0,2.57,0.82,15.4,0.87,13.4,5.992,7.2,1
0.0,0.41500008,0.37499994,2.7770007,0.37499994,0.83000004,5.895002,7.2,1
0.0,0.82500005,0.98499995,0.74399996,0.074999996,0.0,3.1290007,7.2,1
0.0,0.95499986,0.36499992,2.2600007,0.074999996,0.0,2.3419993,7.2,1
0.0,1.9750005,3.9550002,11.638997,0.074999996,0.074999996,6.0109982,7.2,1
0.0,1.1999998,3.6750007,7.6020017,0.21499993,0.97499967,6.044998,7.2,1
0.0,0.44499993,0.95500004,2.9660006,0.45499992,1.0849994,3.2099993,7.2,1
0.0,19.14,3.93,22.983,0.78,17.93,5.863,7.2,1
0.0,1.8650005,2.2050006,5.6560016,0.074999996,0.0,3.133,7.2,1
0.0,2.0050004,9.715003,10.832003,0.074999996,0.0,5.5759983,7.2,1
0.0,1.3350005,3.2649994,19.320004,0.074999996,0.074999996,6.1550016,7.2,1
0.0,3.43,1.89,20.575,0.0,0.0,5.999,7.2,1
0.0,1.4750005,3.1950006,10.808003,1.0649995,12.484997,3.4029994,7.2,1
0.0,7.06,1.48,4.061,0.0,0.0,2.782,7.2,1
0.0,4.93,1.95,6.243,0.0,0.0,3.202,7.2,1
0.0,3.38,1.97,20.064,0.0,0.0,5.936,7.2,1
0.0,3.19,1.15,18.545,0.79,14.65,5.813,7.2,1
0.0,0.43,0.44,23.968,0.94,2.39,5.923,7.2,1
0.0,1.07,1.08,30.449,0.0,0.0,5.936,7.2,1
0.0,1.54,1.54,16.017,0.0,0.0,3.106,7.2,1
0.0,0.76,3.1250007,3.4590006,0.074999996,0.0,4.916002,7.2,1
0.0,2.1,2.39,58.223,0.0,0.0,3.18,7.2,1
0.0,0.765,7.7249985,2.1800008,0.0,0.0,3.2069993,7.2,1
0.0,2.0150003,4.6749983,11.944997,0.074999996,0.074999996,6.0439982,7.2,1
0.0,2.1449993,9.725003,12.721003,1.3,16.704996,6.1069984,7.2,1
0.0,1.7949995,2.2450006,0.5569999,0.074999996,0.0,2.6620007,7.2,1
0.0,2.1650007,3.1350007,2.1149993,0.074999996,0.074999996,3.1430006,7.2,1
0.0,0.0049999957,0.44499993,0.31599993,0.935,0.16500007,2.9370008,7.2,1
0.0,2.2850006,1.4050006,7.3189983,0.074999996,0.0,3.2079992,7.2,1
0.0,0.75,0.76,39.78,0.75,3.31,5.877,7.2,1
0.0,2.2350006,1.2650006,7.236998,1.2750006,8.844997,3.2399993,7.2,1
0.0,0.7649999,1.3949995,4.4219985,1.1550006,4.935002,3.1339993,7.2,1
0.0,0.5149999,0.73499995,3.8400006,0.0,0.074999996,6.007002,7.2,1
0.0,0.7250001,0.88499993,1.3200005,0.074999996,0.0,6.0299983,7.2,1
0.0,0.50499994,0.50499994,3.6800008,0.32499993,0.26500008,3.2259994,7.2,1
0.0,2.66,0.62,3.615,0.0,0.0,5.926,7.2,1
0.0,2.54,0.71,15.586,0.0,0.0,6.136,7.2,1
0.0,1.3649995,1.5150006,0.59699994,1.0750005,5.2249985,3.6080008,7.2,1
0.0,3.0950007,3.2549994,4.2950015,0.074999996,0.074999996,5.9499984,7.2,1
0.0,1.81,0.74,10.359,0.0,0.0,5.723,7.2,1
0.0,1.3349994,1.4850005,-0.26900008,0.074999996,0.0,5.8559985,7.2,1
0.0,0.7049999,1.9250005,11.065003,0.565,6.5350018,6.1290016,7.2,1
0.0,0.51,0.52,22.752,0.0,0.0,5.408,7.2,1
0.0,13.56,2.88,8.996,0.0,0.0,3.134,7.2,1
0.0,5.87,1.62,9.904,0.96,9.51,6.114,7.2,1
0.0,7.06,2.4,14.608,0.0,0.0,6.138,7.2,1
0.0,1.73,1.8,40.024,0.29,1.36,2.708,7.2,1
0.0,1.19,1.19,35.914,0.84,3.07,3.067,7.2,1
0.0,0.6050001,0.75499994,0.6999999,0.074999996,0.0,6.025998,7.2,1
0.0,2.49,2.49,40.547,1.29,8.41,2.617,7.2,1
0.0,3.4,3.4,50.797,0.4,4.26,3.134,7.2,1
0.0,2.5350006,1.2650006,8.372003,0.29499993,1.9350005,3.3109994,7.2,1
0.0,8.77,2.9,17.291,0.58,10.03,5.983,7.2,1
0.0,7.29,3.05,18.086,0.26,4.7,5.949,7.2,1
0.0,1.0049995,1.3650005,1.0270002,0.067499995,0.0,5.327998,7.2,1
0.0,2.2850006,1.4950005,5.815998,0.074999996,0.0,2.5709994,7.2,1
0.0,3.35,3.36,120.963,0.0,0.0,6.047,7.2,1
0.0,8.03,3.45,15.567,0.98,15.26,5.964,7.2,1
0.0,1.0949994,0.50499994,2.5439994,1.3,3.0350006,5.8039985,7.2,1
0.0,5.18,1.8,9.747,0.0,0.0,5.445,7.2,1
0.0,2.0949993,2.5149994,19.390003,0.074999996,0.0,2.9939992,7.2,1
0.0,2.1150007,12.004997,11.689003,0.0,0.0,5.2969985,7.2,1
0.0,5.69,1.53,9.082,0.0,0.0,5.936,7.2,1
0.0,0.15500008,0.31499994,-0.16100007,0.78999996,0.48500007,3.2820008,7.2,1
0.0,0.15499997,2.9149995,1.1639994,0.42499992,0.50499994,5.238002,7.2,1
0.0,1.43,1.43,17.62,0.2,1.74,6.075,7.2,1
0.0,0.41500008,2.3449993,0.53299993,0.0,0.0,5.642998,7.2,1
0.0,0.48499998,0.47999993,1.3939997,0.037499998,0.067499995,3.1219995,7.2,1
0.0,2.2350006,2.3949993,4.3850017,0.074999996,0.074999996,6.0159984,7.2,1
0.0,1.85,1.85,41.63,0.0,0.0,3.286,7.2,1
0.0,4.7249985,2.8449993,5.8210015,0.074999996,0.0,3.1170006,7.2,1
0.0,3.0750008,4.524998,0.14299999,0.074999996,0.0,3.1270006,7.2,1
0.0,1.965,2.1249993,-0.4100001,0.074999996,0.0,5.715998,7.2,1
0.0,1.015,2.9849994,17.397003,0.029999997,0.074999996,6.079002,7.2,1
0.0,12.93,6.38,38.55,1.05,40.48,6.052,7.2,1
0.0,2.6450007,13.5549965,9.126997,0.68500006,6.955002,3.4029994,7.2,1
0.0,1.82,0.65,11.188,0.0,0.0,6.147,7.2,1
0.0,3.5150006,4.5549984,5.506002,0.7149999,7.5650015,3.1840007,7.2,1
0.0,2.1150007,2.2749994,1.9560006,0.074999996,0.074999996,5.8399982,7.2,1
0.0,1.4950005,6.784999,7.2249985,0.0,0.0,5.156,7.2,1
0.0,0.5149999,1.6250005,9.262003,0.074999996,0.074999996,6.178002,7.2,1
0.0,0.34499994,1.0500003,3.0330007,0.074999996,0.074999996,3.2139993,7.2,1
0.0,0.34499994,1.0250001,5.3769984,0.0,0.074999996,6.001002,7.2,1
0.0,0.39500007,0.32499993,2.7660007,0.53499997,1.3700004,6.120002,7.2,1
0.0,1.565,0.6549999,9.359003,0.38500008,4.415002,6.1610017,7.2,1
0.0,1.1949995,5.765002,7.619002,0.074999996,0.0,5.8649983,7.2,1
0.0,1.0549995,1.005,1.2740005,0.86499995,0.87500006,4.920998,7.2,1
0.0,1.37,1.37,35.019,0.18,0.77,3.111,7.2,1
0.0,2.6050007,2.8650007,5.140002,0.50499994,6.800001,5.7779984,7.2,1
0.0,1.29,1.3,56.918,0.0,0.0,5.912,7.2,1
0.0,4.1150017,10.045003,13.423997,0.67499995,7.934999,3.2290006,7.2,1
0.0,0.94499993,1.0950005,0.6279999,0.067499995,0.0,5.774998,7.2,1
0.0,0.45499992,0.9899999,3.1450007,0.074999996,0.074999996,3.2629993,7.2,1
0.0,0.39500007,0.37499994,2.7470007,0.9649999,2.4350007,6.079002,7.2,1
0.0,0.74499995,1.1249995,3.9040008,0.074999996,0.0,3.3909993,7.2,1
0.0,1.5749995,0.7249999,4.873998,0.074999996,0.0,3.0739994,7.2,1
0.0,3.49,0.75,2.404,0.62,1.49,3.249,7.2,1
0.0,0.91499996,0.34499994,5.1929984,0.17499998,0.9149999,6.1300015,7.2,1
0.0,5.22,2.31,9.612,0.0,0.0,4.161,7.2,1
0.0,7.72,2.55,6.645,0.97,6.45,2.889,7.2,1
0.0,0.79,0.37499994,4.5549984,0.037499998,0.074999996,5.936002,7.2,1
0.0,1.8450005,8.365003,10.507003,0.86500007,10.024997,6.054002,7.2,1
0.0,3.1749992,7.8449984,18.688997,0.074999996,0.0,5.9299984,7.2,1
0.0,3.0450006,1.1350005,2.4259994,0.8549999,1.7549995,2.1640007,7.2,1
0.0,1.9850005,9.805003,30.851004,0.0,0.0,5.802002,7.2,1
0.0,2.1850007,1.1750005,6.197998,0.9149999,5.3450017,2.8509994,7.2,1
0.0,2.0850008,2.9449992,0.6399999,1.0350002,6.5349984,3.1140006,7.2,1
0.0,3.7150006,5.7849984,0.7059999,0.4649999,4.4949985,3.0170007,7.2,1
0.0,0.49499992,1.7249994,5.012998,0.074999996,0.074999996,3.2749994,7.2,1
0.0,3.02,3.02,89.454,0.0,0.0,6.133,7.2,1
0.0,12.43,3.0,17.727,0.0,0.0,5.929,7.2,1
0.0,3.5050006,1.7050005,5.411,0.6549999,3.1100004,3.2650006,7.2,1
0.0,0.9050001,0.55499995,2.8849993,0.27499995,0.63499993,5.9039984,7.2,1
0.0,4.54,1.86,9.603,0.68,6.53,5.163,7.2,1
0.0,2.86,2.86,37.709,0.33,4.58,4.848,7.2,1
0.0,2.1650007,1.3650005,12.874003,0.0,0.074999996,5.856002,7.2,1
0.0,4.0450006,17.355003,16.853996,0.074999996,0.0,4.150998,7.2,1
0.0,0.245,1.2100004,1.507,0.074999996,0.014999999,5.796,7.2,1
0.0,5.18,1.73,4.183,0.23,0.96,2.946,7.2,1
0.0,6.55,1.78,10.468,0.66,6.91,5.914,7.2,1
0.0,8.16,3.07,9.458,0.0,0.0,3.081,7.2,1
0.0,2.51,2.52,47.717,0.0,0.0,6.222,7.2,1
0.0,3.08,3.09,39.078,0.74,13.95,6.123,7.2,1
0.0,0.115000054,0.18500002,-0.22400007,0.2850001,0.14500007,3.0930007,7.2,1
0.0,6.8,7.37,171.637,1.09,45.04,6.077,7.2,1
0.0,0.6450001,0.33499992,2.2490005,1.3,2.8550007,3.3029993,7.2,1
0.0,1.2949998,3.7950006,7.6680017,0.074999996,0.074999996,5.7209983,7.2,1
0.0,3.3550007,3.5149994,10.051997,0.074999996,0.074999996,5.933998,7.2,1
0.0,1.94,0.6,11.568,0.22,2.54,5.963,7.2,1
0.0,3.66,3.66,176.51,0.0,0.0,6.168,7.2,1
0.0,1.1450006,2.5049994,14.284003,0.19499993,1.72,6.008002,7.2,1
0.0,4.86,1.05,6.065,0.0,0.0,5.776,7.2,1
0.0,0.04,0.95499986,0.25399998,0.074999996,0.0,2.5250006,7.2,1
0.0,1.0250001,2.8250008,1.0490003,0.074999996,0.0,0.94999987,7.2,1
0.0,1.4450005,2.5350006,8.629004,0.0,0.074999996,3.4099994,7.2,1
0.0,8.63,2.84,11.398,0.0,0.0,5.757,7.2,1
0.0,2.0350006,2.1849992,2.0499997,0.074999996,0.074999996,5.754998,7.2,1
0.0,0.93499994,3.3449993,19.002003,1.1150005,19.765003,5.927002,7.2,1
0.0,1.8700004,8.705003,11.028003,0.03,0.0,6.050998,7.2,1
0.0,4.025,9.615003,23.959997,0.074999996,0.0,5.971998,7.2,1
0.0,1.0650004,2.0550008,6.1610017,0.54499996,2.7850006,6.071998,7.2,1
0.0,0.9549999,2.035,10.071003,0.29499993,2.3049994,5.252002,7.2,1
0.0,2.1750007,2.3249993,-0.25200006,0.47499993,2.6750007,2.9820006,7.2,1
0.0,1.0400002,0.40499994,6.005998,0.074999996,0.074999996,6.0960016,7.2,1
0.0,0.96499974,1.3700002,2.3129992,1.1150005,5.394998,4.9819984,7.2,1
0.0,0.21499999,0.18999994,1.1359997,0.074999996,0.0525,5.935001,7.2,1
0.0,1.6850005,5.1949983,5.4720016,0.074999996,0.074999996,3.2770007,7.2,1
0.0,5.08,1.28,16.89,0.0,0.0,3.325,7.2,1
0.0,0.36500004,0.24499993,2.2970006,0.43499994,0.92499995,5.8600016,7.2,1
0.0,6.62,3.05,14.03,0.0,0.0,5.567,7.2,1
0.0,0.67499995,2.4249992,13.314003,0.44499993,5.0250015,5.7720017,7.2,1
0.0,2.0650008,2.4700003,1.6070005,0.074999996,0.0,3.0740006,7.2,1
0.0,1.3149995,0.8349999,2.6850007,0.99499995,2.5999994,2.0609994,7.2,1
0.0,0.9150001,1.3349994,1.6080005,1.1350005,3.2450006,3.0850008,7.2,1
0.0,1.1049999,0.39499992,6.3829985,0.074999996,0.074999996,5.8410015,7.2,1
0.0,2.9850006,3.1449993,0.98599994,0.074999996,0.0,5.8909984,7.2,1
0.0,0.5949999,1.1050005,6.1479983,1.015,5.9250016,6.1170015,7.2,1
0.0,9.67,2.73,16.864,0.0,0.0,6.177,7.2,1
0.0,2.1450007,5.8450017,1.3220005,0.34499994,1.6849995,2.8560007,7.2,1
0.0,0.94499993,1.4249995,4.6939983,0.029999997,0.0,3.2539992,7.2,1
0.0,1.6449995,1.8050005,-0.44900006,0.074999996,0.0,3.2780006,7.2,1
0.0,2.4750006,1.4650005,15.505003,0.35499993,4.435002,6.185002,7.2,1
0.0,2.5750008,1.0450003,5.7179985,0.074999996,0.074999996,5.8969984,7.2,1
0.0,2.4649994,11.765003,14.393003,0.0,0.0,5.978998,7.2,1
0.0,0.32499993,1.0550004,5.8119984,0.074999996,0.074999996,6.1440015,7.2,1
0.0,0.41499993,0.42499992,2.4080007,0.074999996,0.0,3.3899994,7.2,1
0.0,0.68499994,2.0650008,7.3439984,0.074999996,0.074999996,3.5419993,7.2,1
0.0,1.12,1.13,59.917,0.64,4.34,6.053,7.2,1
0.0,0.54499996,1.5749995,5.1599984,0.074999996,0.074999996,3.2479994,7.2,1
0.0,1.3450005,3.7550006,7.0700016,0.86499995,5.4549985,5.432998,7.2,1
0.0,0.5849999,2.3150008,6.144998,0.8949999,5.1750016,3.2319994,7.2,1
0.0,0.7250001,0.785,2.1959994,0.9549999,4.0149984,5.729998,7.2,1
0.0,1.45,1.45,35.653,0.25,1.15,3.168,7.2,1
0.0,1.8049995,2.0949993,2.2619994,0.074999996,0.0,3.0600007,7.2,1
0.0,1.5,1.52,71.32,1.17,10.55,6.009,7.2,1
0.0,6.86,1.58,4.689,0.26,1.22,2.987,7.2,1
0.0,1.3250005,5.7649984,13.965003,0.7150001,11.164997,3.1009994,7.2,1
0.0,1.5949994,1.7450005,3.7459993,0.22499993,1.4549994,6.0479984,7.2,1
0.0,2.9450006,1.6250005,9.6950035,0.074999996,0.0,3.3099992,7.2,1
0.0,25.48,5.38,31.085,0.16,4.97,5.778,7.2,1
0.0,0.27499995,0.81499994,4.2789984,0.0,0.074999996,5.9590015,7.2,1
0.0,1.0649995,2.1849992,0.82399994,0.074999996,0.0,2.7290006,7.2,1
0.0,1.1199998,0.5949999,7.0369983,1.2450005,8.394997,6.2590017,7.2,1
0.0,2.25,8.8,46.823,0.0,0.0,5.321,7.2,1
0.0,3.07,0.82,10.874,1.19,12.94,3.542,7.2,1
0.0,3.9649994,3.9749994,29.886003,0.7849999,9.124997,3.3519993,7.2,1
0.0,21.34,5.25,15.67,0.0,0.0,3.037,7.2,1
0.0,6.45,3.2,8.019,0.0,0.0,2.682,7.2,1
0.0,0.56499994,1.2149994,4.1359982,0.074999996,0.0,3.3649993,7.2,1
0.0,2.3550007,1.1250005,5.552998,0.22499993,0.76500005,5.3369985,7.2,1
0.0,1.9549999,1.7650006,6.3629985,0.21499993,0.9749999,3.2459993,7.2,1
0.0,1.7049994,1.8650005,0.089999996,0.79499996,7.584998,5.9049983,7.2,1
0.0,1.9250005,2.7550006,8.692003,0.18500006,2.3549993,3.1839993,7.2,1
0.0,2.95,2.96,130.255,0.0,0.0,4.418,7.2,1
0.0,0.47500008,1.6650006,-0.13600007,0.0,0.0,3.0320008,7.2,1
0.0,1.2849995,1.4350005,0.99499995,0.9749999,6.294998,5.1259985,7.2,1
0.0,0.6549999,0.935,1.6750005,0.81499994,1.1049994,2.6840007,7.2,1
0.0,0.40500006,0.55499995,0.045,0.0,0.0,5.828998,7.2,1
0.0,0.87499994,2.5850008,2.2420003,0.074999996,0.014999997,2.825,7.2,1
0.0,1.4250005,4.4049983,2.5720007,0.7849999,1.8049995,1.8859994,7.2,1
0.0,0.29499993,0.5749999,2.8070006,0.0,0.074999996,5.9570017,7.2,1
0.0,0.59,0.59,25.838,0.45,1.59,6.002,7.2,1
0.0,1.2450005,1.9950005,6.0469985,0.47500008,3.4449992,3.0319993,7.2,1
0.0,0.8550001,1.005,0.9699999,0.074999996,0.0,5.4839983,7.2,1
0.0,1.5350006,7.044998,4.618998,1.0649995,5.4250016,3.2899992,7.2,1
0.0,0.15500008,0.15500008,0.15799996,0.0,0.0,5.767998,7.2,1
0.0,0.91999996,3.3650007,5.2140017,0.074999996,0.0,5.6989985,7.2,1
0.0,0.34499994,0.67499995,3.4100006,0.0,0.074999996,5.883002,7.2,1
0.0,6.64,1.62,9.418,1.25,11.77,5.814,7.2,1
0.0,0.5350001,0.67999995,1.4140005,0.7849999,2.6150007,6.1329985,7.2,1
0.0,0.96499974,0.55499995,3.3200006,0.044999998,0.0,3.3389993,7.2,1
0.0,1.3749995,1.3150005,4.2789984,0.44499993,1.5949999,3.0779994,7.2,1
0.0,1.4649994,0.5249999,4.5699983,0.9549999,4.165002,3.0909994,7.2,1
0.0,3.2549994,12.795003,10.537997,1.0149995,11.474997,3.2150006,7.2,1
0.0,1.5449995,0.6649999,5.1549983,1.2950006,6.455002,3.3029993,7.2,1
0.0,3.65,0.86,2.782,1.24,3.45,3.273,7.2,1
0.0,1.7650006,5.044998,15.467003,0.0,0.0,3.2989993,7.2,1
0.0,3.28,1.46,19.481,0.0,0.0,5.939,7.2,1
0.0,3.0050006,3.1649992,1.8830005,0.9149999,15.645003,5.999998,7.2,1
0.0,2.3850007,0.8349999,4.4439993,0.074999996,0.074999996,5.8119984,7.2,1
0.0,9.16,2.99,9.884,0.71,7.02,3.328,7.2,1
0.0,2.0449998,5.245002,30.368004,0.0,0.074999996,5.975002,7.2,1
0.0,4.044998,4.044998,11.496997,0.935,25.025003,5.9569983,7.2,1
0.0,3.4449992,15.965004,19.982998,0.0,0.0,5.8319983,7.2,1
0.0,6.93,2.58,13.985,0.1,1.4,5.463,7.2,1
0.0,0.80500007,0.4649999,2.3649993,0.074999996,0.074999996,5.9509983,7.2,1
0.0,2.6750007,2.8449993,3.8079994,0.074999996,0.074999996,5.1519985,7.2,1
0.0,2.2550006,2.4149992,2.7889993,0.074999996,0.0,2.4650006,7.2,1
0.0,3.01,0.89,5.211,0.59,3.07,5.855,7.2,1
0.0,4.8050017,9.955003,28.625004,0.45499992,10.984997,5.992998,7.2,1
0.0,0.44500005,0.21499993,1.5749995,0.074999996,0.0,3.2479994,7.2,1
0.0,1.46,1.46,30.762,0.97,8.15,5.755,7.2,1
0.0,1.0249995,1.1750005,1.1300005,1.0350002,3.1550007,2.9800007,7.2,1
0.0,12.37,6.07,13.134,0.58,7.62,5.254,7.2,1
0.0,0.5450001,0.69499993,0.35799992,1.1950005,3.9749994,5.7639985,7.2,1
0.0,0.24500006,0.40499994,-0.18800008,0.0,0.0,6.0460005,7.2,1
0.0,2.1450007,1.1750005,6.802998,0.074999996,0.0,3.1729994,7.2,1
0.0,10.72,2.61,13.377,0.0,0.0,5.945,7.2,1
0.0,2.2349994,9.1950035,7.1880016,0.0,0.0,3.3679993,7.2,1
0.0,3.21,1.15,7.016,1.15,8.07,6.154,7.2,1
0.0,5.36,1.42,4.713,0.0,0.0,3.319,7.2,1
0.0,8.54,2.55,14.083,0.0,0.0,5.523,7.2,1
0.0,1.9249995,2.4450006,2.9379992,0.62499994,3.4250007,3.1030006,7.2,1
0.0,0.86499995,3.1449993,10.125003,0.074999996,0.074999996,3.3969994,7.2,1
0.0,2.76,0.83,8.086,0.0,0.0,2.93,7.2,1
0.0,1.56,1.56,61.357,0.34,3.15,5.944,7.2,1
0.0,4.12,7.82,152.999,0.42,10.06,5.816,7.2,1
0.0,1.98,0.66,11.252,0.33,3.71,5.683,7.2,1
0.0,2.8850007,2.8850007,5.7850018,0.98499995,16.055002,5.9119983,7.2,1
0.0,2.77,2.88,53.754,1.22,13.11,3.88,7.2,1
0.0,2.7750006,2.9249992,1.5370005,0.074999996,0.0,3.1680007,7.2,1
0.0,2.2750006,1.005,6.4629984,0.074999996,0.0,2.8569994,7.2,1
0.0,2.72,0.78,13.857,0.0,0.0,5.094,7.2,1
0.0,2.0749993,2.1749992,16.459003,0.074999996,0.074999996,3.1939993,7.2,1
0.0,1.6049994,1.7550005,2.6509993,0.074999996,0.074999996,6.006998,7.2,1
0.0,9.67,2.28,13.393,0.0,0.0,5.952,7.2,1
0.0,4.2350016,17.945004,13.751997,0.074999996,0.0,3.2130008,7.2,1
0.0,1.11,2.11,24.08,0.0,0.0,3.088,7.2,1
0.0,1.4949995,2.2850006,3.4789994,0.074999996,0.074999996,5.3839984,7.2,1
0.0,1.0449995,3.1049993,-0.5030001,0.19500001,0.6050001,2.8140006,7.2,1
0.0,2.7449994,10.145003,15.906997,0.44499993,5.935002,5.854998,7.2,1
0.0,2.2850006,0.9149999,4.938999,0.074999996,0.074999996,5.8579984,7.2,1
0.0,1.4049995,1.6050005,-0.4740001,0.074999996,0.0,4.302998,7.2,1
0.0,0.7350001,0.41499993,2.5570006,1.1450006,2.7600005,3.3239994,7.2,1
0.0,3.9,1.41,5.251,0.51,2.68,5.358,7.2,1
0.0,1.7849995,1.9350005,1.9630005,0.074999996,0.0,3.1630006,7.2,1
0.0,0.81500006,0.9749999,-0.015000001,0.7049999,1.8049995,3.2700007,7.2,1
0.0,0.105,0.049999997,0.264,0.074999996,0.059999995,3.3749993,7.2,1
0.0,3.41,1.41,6.4,0.0,0.0,5.517,7.2,1
0.0,12.36,3.76,11.606,0.0,0.0,3.087,7.2,1
0.0,3.35,3.74,50.087,0.55,4.3,2.335,7.2,1
0.0,0.99499995,1.7650006,9.713003,1.1649995,12.214997,5.8670015,7.2,1
0.0,1.0649995,0.43499994,3.5500007,0.0,0.074999996,3.2549994,7.2,1
0.0,5.26,2.34,6.621,0.25,1.66,3.108,7.2,1
0.0,2.67,2.7,112.003,0.48,7.09,5.529,7.2,1
0.0,14.72,3.32,20.079,0.0,0.0,6.048,7.2,1
0.0,1.6049994,1.7650006,4.018,0.074999996,0.074999996,5.9449983,7.2,1
0.0,2.0750008,2.2249994,2.3489993,0.074999996,0.074999996,5.7509985,7.2,1
0.0,0.43500006,2.7349994,0.6169999,0.015,0.0,2.5060008,7.2,1
0.0,0.8449999,2.6249993,8.406003,0.074999996,0.0,3.4009993,7.2,1
0.0,1.6450006,2.5350003,10.665003,0.029999997,0.0,4.2540016,7.2,1
0.0,1.0250002,0.48499992,5.9309983,0.074999996,0.074999996,6.204002,7.2,1
0.0,3.1650007,2.0949993,19.421003,0.24499993,3.3849993,6.092002,7.2,1
0.0,7.19,2.37,5.862,0.25,1.47,2.739,7.2,1
0.0,5.67,1.16,3.687,1.29,4.76,3.206,7.2,1
0.0,7.67,2.32,13.915,0.0,0.0,6.05,7.2,1
0.0,0.75500005,0.40499994,3.5370007,0.22499993,0.4650001,4.427002,7.2,1
0.0,2.0550008,15.314997,6.3450017,0.94499993,6.3249984,3.0189993,7.2,1
0.0,2.52,0.69,14.015,0.0,0.0,5.562,7.2,1
0.0,0.095,0.115,0.64800006,0.074999996,0.074999996,5.0750017,7.2,1
0.0,0.88500005,1.0350002,1.4880005,0.8349999,4.1149983,5.663998,7.2,1
0.0,0.37499994,0.38499993,2.8530006,0.074999996,0.074999996,3.3219993,7.2,1
0.0,0.085,0.025,0.6700001,0.074999996,0.074999996,7.975002,7.2,1
0.0,0.42499992,1.4450005,8.101003,0.80999994,6.455002,6.087002,7.2,1
0.0,1.75,0.45,10.915,0.0,0.0,6.237,7.2,1
0.0,0.20500007,0.36499992,-0.35300007,0.97499996,0.7850001,3.2140007,7.2,1
0.0,1.6249995,0.61499995,5.5109982,0.5949999,2.9749994,3.3609993,7.2,1
0.0,2.5050006,1.2150005,6.5759983,1.2350005,7.7950015,5.961002,7.2,1
0.0,4.56,5.18,93.535,0.0,0.0,5.898,7.2,1
0.0,3.79,3.8,153.056,0.22,4.99,5.987,7.2,1
0.0,4.145002,14.345003,24.775997,1.0550004,24.150002,5.993998,7.2,1
0.0,0.8549999,3.0949993,18.643003,0.074999996,0.074999996,6.2730017,7.2,1
0.0,2.7,2.71,120.272,0.0,0.0,5.525,7.2,1
0.0,0.8249999,1.5950005,9.265003,0.074999996,0.074999996,6.343002,7.2,1
0.0,1.67,0.51,10.225,0.71,7.26,6.123,7.2,1
0.0,1.1650001,0.47499993,6.945998,0.074999996,0.074999996,6.1800017,7.2,1
0.0,1.0950005,3.1249993,13.693003,1.1349995,16.734997,5.934002,7.2,1
0.0,0.48499992,1.1250005,6.0699983,0.074999996,0.074999996,5.9840016,7.2,1
0.0,1.7849995,0.5149999,2.6589994,0.074999996,0.059999995,5.933998,7.2,1
0.0,2.6949992,7.1749983,15.328997,0.074999996,0.0,5.7469983,7.2,1
0.0,1.23,4.58,24.924,0.97,24.18,5.442,7.2,1
0.0,0.15499997,0.37499994,1.7289995,0.034999996,0.27499995,6.0880017,7.2,1
0.0,2.3049994,4.7649984,13.619997,0.8249999,10.234997,5.998998,7.2,1
0.0,0.93499994,2.6149993,15.335003,0.074999996,0.074999996,6.1420016,7.2,1
0.0,6.82,2.48,15.157,1.05,15.91,6.112,7.2,1
0.0,2.7449994,7.374998,9.542997,0.54499996,4.374998,3.4710007,7.2,1
0.0,6.57,1.47,7.827,1.24,9.71,5.361,7.2,1
0.0,0.16499996,1.0250001,0.44900006,0.06500001,0.14499998,1.6630006,7.2,1
0.0,1.3750005,8.975003,21.629004,0.9250001,21.774998,6.021002,7.2,1
0.0,9.45,2.51,6.236,0.0,0.0,3.118,7.2,1
0.0,1.4349995,1.0850005,4.715998,0.73499995,3.2349994,3.2479994,7.2,1
0.0,1.2050005,3.0049994,17.734003,0.32499993,4.374998,6.153002,7.2,1
0.0,0.5850001,0.22499993,0.28199995,1.2750006,0.17500007,1.4039994,7.2,1
0.0,3.29,1.5,19.757,0.23,4.54,6.005,7.2,1
0.0,2.79,0.81,4.236,0.79,3.35,5.295,7.2,1
0.0,0.94499993,0.5749999,2.9919994,0.074999996,0.0,5.7589984,7.2,1
0.0,0.28499994,0.28499994,3.8970006,0.0,0.074999996,6.337002,7.2,1
0.0,1.8850005,8.4450035,5.289001,0.08500002,0.76500005,2.912,7.2,1
0.0,0.98499995,2.1750007,7.539998,1.1249995,9.214997,3.4749994,7.2,1
0.0,1.0449995,0.7149999,6.425998,0.73499995,4.3650017,5.8790016,7.2,1
0.0,2.2,2.2,45.127,0.0,0.0,5.52,7.2,1
0.0,0.97499967,0.35499993,3.5020006,0.0,0.074999996,3.4819994,7.2,1
0.0,2.0749993,4.164998,11.980997,0.074999996,0.074999996,5.8779984,7.2,1
0.0,1.28,1.29,66.488,0.0,0.0,6.072,7.2,1
0.0,0.35499993,0.44500005,1.5179995,0.074999996,0.074999996,3.1379993,7.2,1
0.0,2.82,1.01,17.394,0.82,14.26,6.168,7.2,1
0.0,0.7749999,1.4450005,7.3839984,0.96499974,7.835002,5.560002,7.2,1
0.0,0.33499992,0.75500005,1.7149994,1.0750005,1.7149994,2.3119993,7.2,1
0.0,2.4050007,1.2550005,11.573003,0.45500004,6.245002,4.7720017,7.2,1
0.0,11.23,2.39,13.385,0.9,12.05,5.624,7.2,1
0.0,3.3950007,3.4950006,12.356997,0.9649999,11.004997,3.4640007,7.2,1
0.0,1.7250005,3.1649992,17.168003,0.074999996,0.0,5.673002,7.2,1
0.0,1.3249995,6.6150017,8.457997,0.074999996,0.0,5.912998,7.2,1
0.0,3.1349993,8.455003,10.251997,1.1150005,10.505003,3.2510006,7.2,1
0.0,0.74499995,1.3650005,6.2309985,1.0450003,6.1950016,5.002002,7.2,1
0.0,0.99499995,3.8050008,3.2160006,0.0,0.074999996,3.6519992,7.2,1
0.0,0.13499999,0.28499997,0.6470001,0.80499995,0.6049999,3.2139993,7.2,1
0.0,3.2550006,4.9649982,3.7259994,0.074999996,0.0,3.4200006,7.2,1
0.0,1.4050006,3.5450006,4.466998,0.955,4.3000007,3.4,7.2,1
0.0,9.24,2.9,14.346,0.0,0.0,5.785,7.2,1
0.0,10.11,2.36,12.804,1.12,14.34,5.641,7.2,1
0.0,8.174997,27.665003,47.030003,0.074999996,0.0,5.7399983,7.2,1
0.0,1.2349994,1.3850005,1.2660005,0.86499995,2.9450006,2.8440006,7.2,1
0.0,7.29,1.7,10.256,0.0,0.0,6.033,7.2,1
0.0,2.2550006,1.2850006,13.924003,1.1150005,14.634997,6.0830016,7.2,1
0.0,0.18499994,0.4649999,1.1479995,0.0,0.074999996,3.2109993,7.2,1
0.0,3.2949994,9.675003,17.946997,0.074999996,0.0,5.4749985,7.2,1
0.0,0.93499994,1.5650005,7.7919984,0.074999996,0.074999996,5.3910017,7.2,1
0.0,1.005,0.48499992,5.8109984,0.20499992,0.8449999,6.020002,7.2,1
0.0,2.6349993,9.825003,8.267997,1.0149995,9.004997,3.1250007,7.2,1
0.0,2.5050006,2.6549993,0.31699994,0.6649999,8.815003,5.762998,7.2,1
0.0,8.86,2.44,6.532,0.0,0.0,3.11,7.2,1
0.0,0.0,0.01,-0.31300008,0.87499994,0.0,3.0250006,7.2,1
0.0,0.8549999,2.6949992,16.227003,0.074999996,0.074999996,6.297002,7.2,1
0.0,3.1650007,3.3149993,3.3849993,0.074999996,0.074999996,4.879998,7.2,1
0.0,0.5950001,1.4049995,4.0750017,0.074999996,0.0,5.894998,7.2,1
0.0,0.18500006,0.34499994,-0.18000007,1.0450003,0.7850001,3.2370007,7.2,1
0.0,3.66,3.67,52.616,1.27,15.2,3.271,7.2,1
0.0,1.51,1.52,59.86,1.16,8.19,4.675,7.2,1
0.0,2.92,0.75,9.651,0.72,6.95,3.305,7.2,1
0.0,4.74,1.46,4.262,0.0,0.0,2.939,7.2,1
0.0,0.68,0.31499994,3.9759994,0.03,0.074999996,6.0320015,7.2,1
0.0,1.4850005,3.0149994,14.323003,0.55499995,6.9850016,4.9890018,7.2,1
0.0,2.5049994,7.0349984,13.351997,0.28499994,2.7150006,5.3889985,7.2,1
0.0,0.80499995,2.9049993,9.204003,0.074999996,0.074999996,3.3539994,7.2,1
0.0,11.93,3.76,22.919,0.87,19.94,6.145,7.2,1
0.0,2.3049994,9.775003,12.067003,0.74500006,10.034997,5.520002,7.2,1
0.0,1.89,2.25,44.994,0.4,4.53,5.987,7.2,1
0.0,2.75,0.72,13.106,0.72,9.44,4.766,7.2,1
0.0,11.55,2.34,13.304,0.0,0.0,5.685,7.2,1
0.0,2.96,2.96,62.098,0.87,8.43,3.274,7.2,1
0.0,2.3350008,2.4849994,-0.52300006,0.074999996,0.0,6.032998,7.2,1
0.0,1.5749995,1.8850005,-0.26900008,0.074999996,0.0,5.7129984,7.2,1
0.0,1.98,2.07,52.04,0.0,0.0,2.935,7.2,1
0.0,1.8649995,1.2150005,9.069003,1.005,8.574997,4.7880015,7.2,1
0.0,2.29,2.29,47.793,0.0,0.0,3.047,7.2,1
0.0,0.7749999,2.6050007,5.9809985,0.45499992,2.2250006,2.9589994,7.2,1
0.0,4.39,1.45,8.092,0.73,5.91,5.581,7.2,1
0.0,0.81499994,3.2649994,14.832003,0.0,0.074999996,5.921002,7.2,1
0.0,1.14,1.15,22.874,0.92,6.41,6.111,7.2,1
0.0,1.7450005,8.005003,4.5899982,0.115000054,0.81500006,2.8679993,7.2,1
0.0,1.7550004,4.414998,10.192998,0.074999996,0.074999996,5.859998,7.2,1
0.0,0.81499994,2.2400005,6.8129983,0.99499995,6.415002,3.1779993,7.2,1
0.0,1.55,1.76,18.443,0.85,3.64,2.765,7.2,1
0.0,3.0,3.01,43.477,0.52,5.1,3.271,7.2,1
0.0,0.88,1.71,24.974,1.3,6.69,5.848,7.2,1
0.0,1.7849995,2.2450006,0.9289999,0.8449999,3.9250007,2.7200007,7.2,1
0.0,0.80999994,0.8249999,5.2999983,0.074999996,0.0,3.4099994,7.2,1
0.0,3.08,1.42,18.892,0.76,14.36,6.134,7.2,1
0.0,0.6,0.62,16.946,0.94,1.81,3.213,7.2,1
0.0,3.77,1.06,22.886,0.0,0.0,6.071,7.2,1
0.0,4.5750017,20.245003,19.525997,0.074999996,0.0,4.2469983,7.2,1
0.0,0.88499993,2.3650007,6.6669984,0.7950001,5.9450016,3.0319993,7.2,1
0.0,1.6149995,0.7649999,3.7579994,0.074999996,0.074999996,5.4219985,7.2,1
0.0,6.22,1.98,5.623,0.8,4.5,2.854,7.2,1
0.0,0.9649999,1.4450005,7.7969985,0.62499994,1.6350003,3.3209994,7.2,1
0.0,0.7850001,1.0349995,1.9300005,0.074999996,0.0,5.7909985,7.2,1
0.0,1.0149995,0.45499992,3.4930007,1.015,3.4249992,3.3479993,7.2,1
0.0,2.3250008,2.4749994,1.5210005,0.074999996,0.0,3.8900006,7.2,1
0.0,1.6049994,1.7650006,-0.12800007,0.074999996,0.0,5.900998,7.2,1
0.0,0.21,0.22,10.669,0.34,0.41,5.81,7.2,1
0.0,0.5149999,0.88500005,2.7840006,0.074999996,0.074999996,3.0839994,7.2,1
0.0,1.09,1.51,40.279,0.64,4.18,5.994,7.2,1
0.0,5.04,1.92,7.948,0.0,0.0,4.14,7.2,1
0.0,3.24,3.24,112.034,0.0,0.0,5.985,7.2,1
0.0,2.2249994,9.685003,12.715003,0.375,4.914998,5.9339995,7.2,1
0.0,1.4549994,1.6050005,0.41899994,0.074999996,0.0,2.9900007,7.2,1
0.0,0.42500007,0.22499993,1.0949994,0.074999996,0.0,2.4149992,7.2,1
0.0,4.5349984,4.774998,3.2379994,0.9649999,13.755003,3.2970006,7.2,1
0.0,2.2349994,9.775003,6.0830016,0.0,0.0,2.7060006,7.2,1
0.0,1.2950006,2.4850006,7.920998,0.014999997,0.0,3.1979992,7.2,1
0.0,1.42,0.39,8.715,0.0,0.0,6.137,7.2,1
0.0,5.0,1.69,29.631,0.0,0.0,5.926,7.2,1
0.0,4.024998,20.424997,13.559997,0.0,0.0,3.2140007,7.2,1
0.0,3.62,1.51,5.515,0.0,0.0,3.677,7.2,1
0.0,0.5350001,0.69499993,0.017000003,1.1250005,2.2150006,3.4950006,7.2,1
0.0,1.7349994,1.9350005,1.1750005,0.074999996,0.0,2.8600006,7.2,1
0.0,0.5149999,1.3049995,4.3179984,0.074999996,0.074999996,3.2819993,7.2,1
0.0,1.3099998,0.49499992,7.8379984,0.0,0.074999996,5.980002,7.2,1
0.0,0.23499992,0.54499996,2.7810006,0.0,0.074999996,6.152002,7.2,1
0.0,0.61499995,1.4149995,4.815998,0.80499995,3.4950006,3.3799994,7.2,1
0.0,4.725002,22.365004,15.303997,0.074999996,0.0,3.2000008,7.2,1
0.0,2.5250006,1.7650006,15.038003,0.7049999,9.594997,5.888002,7.2,1
0.0,5.4650016,12.655003,31.894003,1.1649995,39.714996,5.8559985,7.2,1
0.0,2.8450007,1.5250006,4.7119994,1.2950006,5.8650017,3.1950006,7.2,1
0.0,3.6150007,18.494997,11.268997,0.0,0.0,2.9590006,7.2,1
0.0,5.04,2.58,16.436,0.94,15.45,3.261,7.2,1
0.0,13.235003,17.714996,22.575996,0.074999996,0.074999996,5.6389985,7.2,1
0.0,0.80999994,0.27499995,4.545998,0.0,0.074999996,5.9990015,7.2,1
0.0,1.29,1.29,47.019,0.0,0.0,6.07,7.2,1
0.0,0.36499992,2.1149993,1.9980005,0.0,0.074999996,2.9539993,7.2,1
0.0,1.8850005,5.0949984,5.5899982,1.0950005,5.855002,3.0550008,7.2,1
0.0,0.59,0.59,21.06,0.34,1.18,5.881,7.2,1
0.0,2.3949993,5.1949983,7.2400017,0.43499994,2.5050006,3.0130007,7.2,1
0.0,3.66,3.67,92.251,0.0,0.0,6.075,7.2,1
0.0,0.48500007,2.6549995,3.3320007,0.20499992,0.36500007,6.0089984,7.2,1
0.0,3.0150006,3.1749992,0.9879999,0.074999996,0.0,2.6580007,7.2,1
0.0,9.92,2.5,6.464,0.99,6.4,3.123,7.2,1
0.0,0.94499993,2.9749994,17.483004,0.074999996,0.074999996,6.1290016,7.2,1
0.0,3.5250006,4.0350003,-0.20100006,0.074999996,0.0,5.8169985,7.2,1
0.0,2.44,0.87,7.344,0.0,0.0,3.01,7.2,1
0.0,0.8249999,2.9749994,17.060003,0.044999998,0.067499995,5.9840016,7.2,1
0.0,0.68499994,2.3450007,6.524998,0.074999996,0.0,2.9449992,7.2,1
0.0,2.9450006,3.1249993,0.8959999,0.074999996,0.0,5.663998,7.2,1
0.0,4.65,1.05,3.397,0.66,2.24,3.235,7.2,1
0.0,2.35,2.35,69.125,0.0,0.0,5.462,7.2,1
0.0,0.40499994,2.4150007,3.3910007,1.0849994,4.0950017,2.8479993,7.2,1
0.0,1.0849994,1.3549994,1.1210005,0.6649999,2.0750008,3.0730007,7.2,1
0.0,4.7449985,3.5149994,6.0050015,0.074999996,0.0,2.9350007,7.2,1
0.0,0.7350001,0.33499992,2.6440008,1.1050005,2.7250006,3.4319994,7.2,1
0.0,0.26499993,0.6649999,1.8529994,0.044999998,0.074999996,3.3429992,7.2,1
0.0,1.3149995,6.165002,8.510997,0.074999996,0.0,5.993998,7.2,1
0.0,1.0149995,0.42499992,5.438998,0.074999996,0.0,5.1340017,7.2,1
0.0,3.6249993,15.505003,10.9889965,0.48500007,6.0349984,2.9990005,7.2,1
0.0,3.45,0.97,3.269,0.0,0.0,3.37,7.2,1
0.0,1.0549995,0.62499994,3.5980008,1.1550006,4.0450006,3.3249993,7.2,1
0.0,3.89,0.79,4.657,0.0,0.0,5.971,7.2,1
0.0,2.11,3.97,121.844,0.0,0.0,5.795,7.2,1
0.0,0.25500008,0.40499994,-0.066000015,0.10500006,0.10500006,2.9800007,7.2,1
0.0,0.96499974,1.0049996,2.7709994,1.1250005,6.794998,6.2139983,7.2,1
0.0,0.555,0.23499992,3.4590006,0.36499992,1.0950005,6.2750015,7.2,1
0.0,3.64,10.22,142.363,0.0,0.0,5.944,7.2,1
0.0,2.0950007,2.2549994,0.9749999,0.074999996,0.074999996,5.861998,7.2,1
0.0,7.02,1.86,11.388,0.0,0.0,6.123,7.2,1
0.0,4.5,1.13,6.121,0.0,0.0,5.417,7.2,1
0.0,2.2849994,5.6949983,13.056997,1.0549995,14.744997,5.7989984,7.2,1
0.0,1.2449995,1.4050006,0.75899994,0.56499994,3.5750008,5.5619984,7.2,1
0.0,1.7750006,3.5850008,5.1950016,0.074999996,0.0,2.9370008,7.2,1
0.0,0.395,0.19499993,2.3690007,0.044999998,0.0,6.0360017,7.2,1
0.0,0.015,0.01,0.109000005,0.074999996,0.0,3.4599996,7.2,1
0.0,1.4250005,3.4950006,14.503003,0.95499986,15.094997,6.0250015,7.2,1
0.0,0.37500003,1.7250005,1.193,0.0,0.0,2.7650006,7.2,1
0.0,0.33500007,0.49499992,0.26499993,0.074999996,0.0,5.209998,7.2,1
0.0,0.30500007,0.4649999,-0.46100008,0.47499993,0.86500007,6.1009984,7.2,1
0.0,0.26500008,0.41499993,-0.26400006,1.2650006,2.2850006,5.768998,7.2,1
0.0,0.065,0.08500002,0.35999995,0.015,0.007499999,6.345001,7.2,1
0.0,2.6750007,3.7650006,2.5889993,0.074999996,0.074999996,2.8830006,7.2,1
0.0,1.69,1.7,77.333,0.68,6.8,5.917,7.2,1
0.0,2.9349992,11.565003,17.492996,0.074999996,0.0,6.0149984,7.2,1
0.0,2.1750007,2.1850007,5.475002,1.0550004,13.475003,6.0699983,7.2,1
0.0,1.6850005,5.1849985,9.445997,0.074999996,0.074999996,5.7449985,7.2,1
0.0,2.46,2.77,34.892,1.27,18.13,5.804,7.2,1
0.0,2.1250007,17.024998,6.9439983,0.45500004,3.6450007,3.2649994,7.2,1
0.0,0.5350001,1.4749994,3.5809994,0.69499993,2.0950007,5.6729984,7.2,1
0.0,1.53,1.54,51.643,0.0,0.0,5.889,7.2,1
0.0,1.0450003,1.01,1.1280005,0.074999996,0.0,1.0109994,7.2,1
0.0,0.5850001,0.74499995,0.6179999,0.9049999,3.2250006,5.939998,7.2,1
0.0,0.44500002,0.20499992,2.6460006,0.015,0.014999997,5.9900017,7.2,1
0.0,0.5899999,1.7249994,1.8380002,0.68499994,1.0699998,3.3810003,7.2,1
0.0,10.06,2.93,7.359,0.0,0.0,3.158,7.2,1
0.0,1.5349995,0.47499993,1.5440005,1.2850006,1.7049994,3.5970006,7.2,1
0.0,0.24499993,0.68499994,3.5230007,0.0,0.074999996,6.072002,7.2,1
0.0,0.0,0.14499998,-0.5200001,0.27500007,0.06500001,5.789002,7.2,1
0.0,0.39999995,0.61500007,1.3900006,0.074999996,0.015,3.7930007,7.2,1
0.0,2.68,0.76,10.068,0.69,6.95,3.757,7.2,1
0.0,8.82,3.61,22.27,0.0,0.0,6.169,7.2,1
0.0,0.56499994,1.6650006,9.250003,0.074999996,0.074999996,5.9400015,7.2,1
0.0,1.39,1.4,67.045,0.0,0.0,6.194,7.2,1
0.0,1.3449994,0.7649999,1.6330005,0.074999996,0.0,2.1830006,7.2,1
0.0,36.1,12.21,52.127,0.0,0.0,5.985,7.2,1
0.0,2.94,0.88,7.673,0.14,1.07,2.61,7.2,1
0.0,0.285,0.61500007,0.7479999,0.5249999,0.22500008,2.4180007,7.2,1
0.0,0.8549999,1.8249995,5.1619983,0.074999996,0.0,3.2679994,7.2,1
0.0,20.32,4.97,15.857,0.0,0.0,3.236,7.2,1
0.0,2.6349993,5.0949984,15.323998,0.074999996,0.074999996,5.8989983,7.2,1
0.0,9.29,2.74,16.022,1.09,17.46,5.869,7.2,1
0.0,3.3749993,12.525003,15.658003,0.074999996,0.0,4.6929984,7.2,1
0.0,2.4550006,3.9649994,3.7179992,0.7649999,8.995003,5.117998,7.2,1
0.0,1.29,1.3,49.165,0.0,0.0,5.473,7.2,1
0.0,0.095,0.024999999,0.34500003,0.98499995,0.16499996,5.0,7.2,1
0.0,0.5250001,3.5749993,0.39299992,0.06,0.0,2.1960006,7.2,1
0.0,1.5649995,0.5249999,5.241998,0.42499992,1.8299998,3.3169994,7.2,1
0.0,0.18500006,0.18500006,0.6549999,0.56499994,0.68500006,5.8559985,7.2,1
0.0,0.18499994,0.255,0.6930001,0.0,0.074999996,3.4139993,7.2,1
0.0,13.48,3.73,20.796,0.0,0.0,5.793,7.2,1
0.0,2.2350006,3.1350007,3.3619993,1.2350005,8.415003,3.0950007,7.2,1
0.0,2.13,2.14,62.896,0.99,12.75,6.047,7.2,1
0.0,1.5650005,3.6950006,11.913003,0.0,0.0,3.2549994,7.2,1
0.0,2.3850007,2.5449994,5.3400016,0.074999996,0.074999996,5.9909983,7.2,1
0.0,2.1350007,12.144997,6.146002,0.0,0.0,2.8219993,7.2,1
0.0,0.92499995,2.5850008,5.9749985,0.074999996,0.0,2.9699993,7.2,1
0.0,3.02,0.91,17.954,0.0,0.0,5.945,7.2,1
0.0,0.014999999,0.024999999,0.101,0.42499992,0.0,2.5400004,7.2,1
0.0,0.5949999,0.7950001,2.6910007,1.2950006,3.3100004,3.2539992,7.2,1
0.0,0.9949996,0.33499992,0.87899995,0.074999996,0.0,3.0170007,7.2,1
0.0,8.76,2.41,6.329,0.0,0.0,3.164,7.2,1
0.0,1.2549995,0.7849999,7.6729984,0.015,0.074999996,5.901002,7.2,1
0.0,1.8850005,4.6349983,10.273003,0.42499992,3.5450006,5.6419983,7.2,1
0.0,2.2950006,1.1750005,7.4819984,0.074999996,0.0,3.2639992,7.2,1
0.0,2.95,2.95,137.767,0.33,4.7,4.823,7.2,1
0.0,1.8849995,0.8249999,6.045998,0.074999996,0.0,3.1979992,7.2,1
0.0,1.1249995,3.9949994,-0.11800007,0.074999996,0.0,4.0479984,7.2,1
0.0,3.0450006,3.7250006,2.9759994,0.40499994,3.0750008,2.9890006,7.2,1
0.0,1.8150005,4.8150015,28.580004,0.0,0.074999996,6.133002,7.2,1
0.0,0.24500003,0.17499995,1.6569995,0.9749999,1.6350005,6.047002,7.2,1
0.0,3.2649994,10.1950035,18.412996,0.7249999,11.994997,5.6739984,7.2,1
0.0,1.6450006,2.8749993,12.495003,0.074999996,0.0,4.5640016,7.2,1
0.0,1.4149995,0.49499992,4.789998,0.17499995,0.41500008,3.3399994,7.2,1
0.0,1.3349994,0.53499997,4.7789984,0.9049999,4.105002,3.5179994,7.2,1
0.0,6.86,3.14,18.623,0.25,4.66,5.95,7.2,1
0.0,2.3450007,2.5049994,0.33499992,0.074999996,0.0,3.3080006,7.2,1
0.0,2.4250007,1.6550006,7.9469995,0.62499994,4.4850016,3.2839994,7.2,1
0.0,1.5349995,0.92499995,4.532998,0.75499994,3.2049994,2.9369993,7.2,1
0.0,0.044999994,0.19499993,-0.20800006,0.0,0.0,5.725002,7.2,1
0.0,0.54499996,1.0849994,3.6170006,0.55499995,1.6949995,3.2849994,7.2,1
0.0,0.98499995,3.1549993,18.812002,1.1850005,20.885002,6.2070017,7.2,1
0.0,3.09,1.03,9.604,0.18,1.73,3.108,7.2,1
0.0,0.91,0.92,28.974,0.19,0.55,3.195,7.2,1
0.0,1.51,1.52,34.423,0.0,0.0,5.669,7.2,1
0.0,1.0149995,0.29499993,1.3540006,0.8949999,0.97499967,5.7389984,7.2,1
0.0,0.57500005,0.67999995,1.7830005,0.074999996,0.0,5.821998,7.2,1
0.0,1.8650005,5.2449985,9.9120035,1.1950005,11.264997,5.5039983,7.2,1
0.0,5.105002,26.005003,29.318996,0.0,0.0,5.7389984,7.2,1
0.0,0.43499994,1.1949999,3.8420007,0.074999996,0.074999996,3.3389993,7.2,1
0.0,0.8549999,2.4950006,6.4899983,0.074999996,0.0,3.2009993,7.2,1
0.0,1.6949995,3.9849994,0.20399992,0.074999996,0.0,5.346998,7.2,1
0.0,0.38499993,1.6549995,1.2819995,0.074999996,0.0,1.2980006,7.2,1
0.0,0.91,0.91,20.057,0.0,0.0,3.31,7.2,1
0.0,1.86,1.87,39.741,0.0,0.0,6.086,7.2,1
0.0,2.8650007,3.0249994,3.2649994,1.0550004,8.895003,3.0390007,7.2,1
0.0,2.5550008,4.3049984,5.4700017,0.45499992,5.734998,5.741998,7.2,1
0.0,0.30500004,0.26499993,2.0230007,0.074999996,0.0,6.0690017,7.2,1
0.0,1.29,1.31,69.474,0.0,0.0,5.854,7.2,1
0.0,0.735,0.29499993,4.118998,0.022499999,0.0,5.9000015,7.2,1
0.0,18.23,4.26,12.047,0.0,0.0,3.213,7.2,1
0.0,0.16499996,0.18499994,1.6699995,0.074999996,0.074999996,3.4189994,7.2,1
0.0,0.36499992,0.36499992,4.0749984,0.7649999,0.70000005,3.7059994,7.2,1
0.0,1.8949995,1.3450005,11.455003,0.074999996,0.074999996,5.928002,7.2,1
0.0,0.61499995,1.5149995,5.255998,0.074999996,0.014999997,3.4489994,7.2,1
0.0,0.7149999,1.1650006,6.486998,0.074999996,0.074999996,6.0950017,7.2,1
0.0,0.7950001,0.9549999,1.3030006,1.2550005,3.0350006,2.9530008,7.2,1
0.0,4.3849983,4.394998,11.240997,1.3,34.205,6.024998,7.2,1
0.0,4.5749984,4.7249994,5.4850016,0.41499993,5.2399993,3.2560008,7.2,1
0.0,6.79,2.17,6.543,0.0,0.0,3.176,7.2,1
0.0,4.15,0.97,5.747,0.15,0.86,5.986,7.2,1
0.0,2.5550008,2.1449993,8.406003,0.03,0.074999996,3.2999992,7.2,1
0.0,0.5850001,0.73499995,-0.5130001,0.6449999,1.1849995,3.2690008,7.2,1
0.0,1.6249995,0.55499995,5.4819984,1.3,6.9650016,3.3439994,7.2,1
0.0,33.94,7.15,41.64,0.43,17.91,5.824,7.2,1
0.0,1.9449997,2.3449993,0.063999996,0.21499993,0.7950001,3.0170007,7.2,1
0.0,2.7450006,3.8450007,1.5140005,1.3,9.075003,2.5200007,7.2,1
0.0,2.1649992,2.2350006,6.146002,0.94499993,5.355002,2.9799993,7.2,1
0.0,0.36000004,1.8050001,2.453,0.30499995,0.48500007,5.7649984,7.2,1
0.0,1.9249995,1.015,3.0959992,0.24499993,0.43500006,3.1390007,7.2,1
0.0,0.27499995,0.7249999,1.9910004,0.27499995,0.48499992,3.2529993,7.2,1
0.0,1.04,1.05,31.728,0.74,4.62,6.006,7.2,1
0.0,2.88,1.22,15.799,0.89,14.06,5.486,7.2,1
0.0,1.3649995,0.86499995,8.232003,0.015,0.074999996,5.844002,7.2,1
0.0,5.0450015,19.245003,30.285997,0.110000044,5.064998,6.0039983,7.2,1
0.0,3.0449994,11.465003,9.340997,0.40500006,4.5250015,3.0450006,7.2,1
0.0,2.1249993,7.5149984,6.4720016,0.14500007,1.3349994,3.0450006,7.2,1
0.0,6.71,3.25,9.981,0.0,0.0,3.081,7.2,1
0.0,1.91,1.91,53.556,0.0,0.0,5.812,7.2,1
0.0,0.24500003,1.0250001,1.741,0.074999996,0.0,5.906999,7.2,1
0.0,0.39500007,0.30499995,1.5030005,0.9149999,1.1399996,6.1339984,7.2,1
0.0,2.67,2.78,99.336,0.0,0.0,5.913,7.2,1
0.0,4.09,1.55,4.806,0.0,0.0,3.101,7.2,1
0.0,0.21,0.21,7.236,0.0,0.0,5.367,7.2,1
0.0,2.8250008,1.7350005,17.572002,0.73499995,11.724997,6.1600018,7.2,1
0.0,1.005,1.6950005,9.630003,0.074999996,0.074999996,6.1030016,7.2,1
0.0,2.01,2.81,55.071,0.0,0.0,3.198,7.2,1
0.0,2.32,0.73,7.777,0.0,0.0,3.352,7.2,1
0.0,0.44499993,1.3450005,7.6459985,0.074999996,0.074999996,6.1550016,7.2,1
0.0,0.63499993,1.4849994,5.0139985,1.2249997,6.5350018,3.3369994,7.2,1
0.0,3.01,3.02,143.21,0.16,2.84,5.905,7.2,1
0.0,1.3150005,2.7349994,15.921003,0.83,12.874997,6.1110015,7.2,1
0.0,1.3650005,4.5650015,19.861004,0.0,0.074999996,5.8870015,7.2,1
0.0,0.9899999,0.37499994,5.9419985,1.1550006,6.5750017,5.974002,7.2,1
0.0,0.9649999,3.4349992,11.181003,0.074999996,0.074999996,3.4349992,7.2,1
0.0,0.29500005,1.6549995,1.9239994,0.074999996,0.0,5.954002,7.2,1
0.0,4.09,1.15,6.85,0.0,0.0,5.957,7.2,1
0.0,2.1450007,4.085002,1.2850006,0.074999996,0.0,2.8410006,7.2,1
0.0,1.2650006,2.7650006,9.074003,0.13500006,1.9950005,3.3079994,7.2,1
0.0,2.3450007,12.024997,6.4640017,0.38500008,2.8650007,2.7149994,7.2,1
0.0,1.2349994,0.86499995,4.2519984,0.074999996,0.0,3.3779993,7.2,1
0.0,1.5149995,0.68499994,2.0180001,0.67499995,1.0949994,3.1630006,7.2,1
0.0,8.14,2.3,10.363,0.0,0.0,5.822,7.2,1
0.0,0.41500002,0.43499994,0.7480001,0.074999996,0.007499999,1.9890006,7.2,1
0.0,0.015000001,7.7249985,0.10100004,0.0,0.074999996,2.031,7.2,1
0.0,3.5750008,1.8250005,8.881003,1.3,11.094997,5.6659985,7.2,1
0.0,2.4050007,2.8950007,6.8190017,0.074999996,0.074999996,5.6059985,7.2,1
0.0,2.0,3.47,106.173,0.0,0.0,5.796,7.2,1
0.0,1.06,1.06,32.379,0.0,0.0,6.009,7.2,1
0.0,2.1750007,2.3249993,0.57799995,0.074999996,0.0,5.938998,7.2,1
0.0,8.25,2.47,10.954,1.22,13.36,6.019,7.2,1
0.0,3.14,3.14,98.087,0.0,0.0,6.083,7.2,1
0.0,0.76,2.8550007,4.192002,1.1950005,4.5349984,5.341998,7.2,1
0.0,0.94,0.95,21.556,0.91,2.64,3.088,7.2,1
0.0,2.1349995,7.8649983,12.845997,0.074999996,0.0,6.0359983,7.2,1
0.0,0.37499994,1.3649995,0.5339999,0.074999996,0.0,1.4549994,7.2,1
0.0,0.53499997,1.5550005,5.4179983,1.1649995,6.8850017,3.8119993,7.2,1
0.0,1.0649995,1.2150005,-0.07100001,0.9149999,2.9650006,3.1050007,7.2,1
0.0,0.99499995,0.35499993,5.8919983,1.1650006,6.5750017,5.9830017,7.2,1
0.0,0.21500006,0.16499996,0.46799994,0.81499994,0.21500006,4.8379984,7.2,1
0.0,0.80499995,2.2150006,2.4120007,0.29499993,0.32499993,1.6230005,7.2,1
0.0,1.6549995,0.5749999,3.1069994,0.6449999,1.8050005,5.9889984,7.2,1
0.0,0.0,0.044999994,0.14599998,0.03,0.0,7.024998,7.2,1
0.0,2.1250007,1.0350002,6.4239984,1.2150005,7.4850016,3.0289993,7.2,1
0.0,10.94,4.04,22.625,0.0,0.0,5.6,7.2,1
0.0,4.9850016,9.775003,16.324001,0.27499995,3.1950006,3.2530007,7.2,1
0.0,1.1100003,1.0950005,3.1260006,0.06,0.0,3.0389993,7.2,1
0.0,0.57,0.58,33.703,0.0,0.0,6.114,7.2,1
0.0,0.39499995,0.7350001,1.3270005,0.074999996,0.0,3.5020006,7.2,1
0.0,0.18499994,0.49499992,1.4399995,0.059999995,0.074999996,3.6819994,7.2,1
0.0,6.34,3.46,38.558,0.0,0.0,6.082,7.2,1
0.0,2.0050004,4.604998,13.286003,0.44500005,7.0250015,3.6569993,7.2,1
0.0,0.47,0.48,25.389,0.52,1.47,6.023,7.2,1
0.0,0.20499992,0.5749999,2.8410006,0.0,0.074999996,5.9070015,7.2,1
0.0,0.38499993,1.005,5.4629984,0.044999998,0.074999996,6.0950017,7.2,1
0.0,7.3,2.03,12.133,1.0,12.13,6.006,7.2,1
0.0,2.0250006,0.7649999,3.9859986,0.37499994,1.1449995,5.8969984,7.2,1
0.0,1.005,1.8749995,3.032,0.074999996,0.074999996,3.2610002,7.2,1
0.0,4.53,4.53,87.862,1.28,35.5,6.123,7.2,1
0.0,0.14499998,0.089999996,0.6450001,0.074999996,0.059999995,6.0750017,7.2,1
0.0,1.2749995,0.75499994,7.957,1.015,7.625002,6.0250015,7.2,1
0.0,1.3100002,0.43499994,7.669998,0.014999999,0.074999996,6.126002,7.2,1
0.0,0.98499995,1.5249995,5.2519984,0.20500001,1.0949994,3.4249992,7.2,1
0.0,1.3249995,0.62499994,2.6170006,0.074999996,0.0,1.9980005,7.2,1
0.0,1.1849995,1.3350005,-0.12300006,0.44499993,2.6250007,5.7149982,7.2,1
0.0,0.9149999,2.0549996,11.868003,0.17499995,1.2650006,6.107002,7.2,1
0.0,2.4649994,10.415003,14.229998,0.99499995,13.114997,5.853998,7.2,1
0.0,2.1150007,1.3850005,6.894998,0.0,0.0,3.2579994,7.2,1
0.0,2.1150007,2.5349994,0.32999992,0.074999996,0.0,2.7110007,7.2,1
0.0,3.7749994,13.415003,11.458997,0.37499994,3.3450007,3.0020006,7.2,1
0.0,6.2,2.88,17.596,0.0,0.0,6.131,7.2,1
0.0,2.8549993,8.965003,17.035997,0.45499992,6.374998,6.025998,7.2,1
0.0,2.7650006,2.9149992,-0.19200006,0.074999996,0.0,3.2600007,7.2,1
0.0,1.37,1.83,38.709,0.0,0.0,3.101,7.2,1
0.0,9.63,2.03,6.084,0.82,4.99,3.012,7.2,1
0.0,1.9950005,1.2350005,6.6999984,0.69499993,4.2750015,3.3479993,7.2,1
0.0,2.4850006,1.7750006,6.8899984,0.7049999,4.4650016,2.7959993,7.2,1
0.0,9.62,2.01,10.964,0.12,1.32,5.455,7.2,1
0.0,2.44,0.64,12.942,0.0,0.0,5.304,7.2,1
0.0,1.8850005,6.144998,10.650003,1.1050005,11.124997,5.8499985,7.2,1
0.0,2.2850006,2.5549994,-0.25700006,0.6549999,7.024998,5.110998,7.2,1
0.0,1.58,0.44,9.599,0.0,0.0,6.075,7.2,1
0.0,5.95,1.63,2.952,0.0,0.0,1.995,7.2,1
0.0,1.31,1.32,19.939,0.45,3.47,5.892,7.2,1
0.0,1.6050005,4.4749985,4.9219985,0.43999997,2.035,3.2210004,7.2,1
0.0,1.3850005,1.6150005,13.285003,0.29499993,0.48500007,2.031,7.2,1
0.0,0.605,0.27499995,3.4960008,0.31499994,0.7850001,5.835002,7.2,1
0.0,2.58,2.59,90.654,0.0,0.0,6.079,7.2,1
0.0,2.9850006,4.515001,-0.4330001,1.2150005,10.975003,3.0920007,7.2,1
0.0,1.58,1.58,34.522,0.2,1.0,3.153,7.2,1
0.0,0.35499993,0.61499995,2.8590007,0.7350001,2.4549994,5.508002,7.2,1
0.0,8.16,3.69,10.749,0.0,0.0,3.19,7.2,1
0.0,1.2549995,0.94499993,4.1849985,0.074999996,0.0,3.2779994,7.2,1
0.0,2.32,6.02,34.714,0.26,1.67,2.772,7.2,1
0.0,0.27500007,0.17499995,1.0709995,0.29000002,0.29500008,3.3489993,7.2,1
0.0,1.3750005,2.0849993,9.383003,0.074999996,0.0,4.804002,7.2,1
0.0,1.1149995,1.2750006,-0.13400008,1.3,8.885003,5.8509984,7.2,1
0.0,1.53,1.55,44.332,0.83,4.1,3.228,7.2,1
0.0,1.015,1.8549994,2.9920003,0.074999996,0.074999996,3.2010002,7.2,1
0.0,0.73499995,1.5650005,8.864003,0.074999996,0.074999996,6.1150017,7.2,1
0.0,1.6450006,7.6849995,4.8759985,0.0,0.0,3.2289994,7.2,1
0.0,9.28,2.35,7.911,0.0,0.0,3.516,7.2,1
0.0,3.1149993,9.475003,18.256996,0.55499995,8.8049965,5.905998,7.2,1
0.0,7.61,2.72,16.247,0.4,6.5,5.973,7.2,1
0.0,3.4949994,11.345003,20.369997,1.1449995,24.834997,5.8589983,7.2,1
0.0,3.06,3.07,174.641,1.24,23.08,6.084,7.2,1
0.0,2.2650006,2.4149992,2.4329994,0.074999996,0.074999996,5.997998,7.2,1
0.0,3.1450007,1.8650005,8.232997,0.074999996,0.06,5.327998,7.2,1
0.0,3.61,3.61,48.007,0.3,6.49,5.99,7.2,1
0.0,1.1949999,0.44499993,7.195998,0.7849999,5.2350016,6.0840015,7.2,1
0.0,3.17,3.5,137.854,1.2,19.51,5.129,7.2,1
0.0,2.89,2.89,84.768,0.21,3.68,6.061,7.2,1
0.0,2.0850008,2.5450006,2.8679993,1.3,8.375003,3.0310006,7.2,1
0.0,0.13500006,0.17500007,-0.11200006,0.0,0.0,2.8300006,7.2,1
0.0,0.20499998,0.18999994,0.57600003,0.06,0.014999997,3.3129995,7.2,1
0.0,1.7050005,5.984998,9.85,0.80499995,7.2750015,5.9769983,7.2,1
0.0,2.0849993,9.045003,12.208003,0.81500006,11.004997,6.0359983,7.2,1
0.0,0.89,0.9,19.402,0.0,0.0,6.071,7.2,1
0.0,1.3449994,1.4950005,2.3659992,0.99499995,4.4449983,3.3810008,7.2,1
0.0,2.1150007,1.9950005,5.9829984,0.35499993,1.6249995,2.8409994,7.2,1
0.0,0.5250001,0.58500004,1.7070005,0.9149999,2.8450007,5.7199984,7.2,1
0.0,2.0350006,0.98499995,6.1029983,0.73499995,4.1550016,3.0029993,7.2,1
0.0,0.69499993,1.9550005,10.833003,1.1849995,13.814997,5.908002,7.2,1
0.0,0.33,0.33,17.421,0.0,0.0,5.976,7.2,1
0.0,2.04,2.04,26.848,0.0,0.0,6.012,7.2,1
0.0,3.9150007,4.0750017,11.919997,0.074999996,0.074999996,6.005998,7.2,1
0.0,1.0350001,4.0349984,6.241001,0.074999996,0.044999998,5.999998,7.2,1
0.0,0.21499993,0.21499993,1.9179995,0.0,0.074999996,5.7610016,7.2,1
0.0,0.074999996,2.0250006,-0.057,0.6550001,0.085,0.074999996,7.2,1
0.0,0.14499998,0.14499998,2.4920006,0.32500008,0.24499993,6.2610016,7.2,1
0.0,2.46,1.0,14.439,1.2,17.33,5.87,7.2,1
0.0,2.91,2.91,0.665,1.26,18.21,4.966,7.2,1
0.0,0.54499996,1.0950005,5.583998,0.19500008,1.6050005,5.6230016,7.2,1
0.0,0.16499996,0.43499994,2.1440008,0.7250001,1.8550005,6.2390018,7.2,1
0.0,3.91,1.71,7.743,0.44,3.41,1.98,7.2,1
0.0,3.3050008,3.7549994,0.042999998,0.074999996,0.0,4.393998,7.2,1
0.0,3.1149993,9.515003,18.849997,0.074999996,0.0,6.1009984,7.2,1
0.0,1.9,1.92,86.089,0.0,0.0,6.112,7.2,1
0.0,0.6049999,1.8049995,4.3579984,0.074999996,0.0,2.9909992,7.2,1
0.0,2.9050007,3.0549994,5.574002,0.074999996,0.074999996,6.045998,7.2,1
0.0,3.0749993,8.315003,18.006996,1.015,16.934998,5.9019985,7.2,1
0.0,6.98,3.23,19.119,0.0,0.0,6.031,7.2,1
0.0,0.125,0.27499995,0.064,0.074999996,0.0,0.62000006,7.2,1
0.0,5.61,1.43,4.639,0.0,0.0,3.244,7.2,1
0.0,3.0549994,13.165003,9.878997,0.0,0.0,3.2150006,7.2,1
0.0,2.4950006,2.6549993,3.5879993,0.7249999,9.855003,5.867998,7.2,1
0.0,1.5450006,3.1650007,10.527003,0.0,0.0,3.3569994,7.2,1
0.0,5.24,1.25,7.571,1.16,8.78,6.106,7.2,1
0.0,2.28,2.28,55.697,0.8,10.62,5.824,7.2,1
0.0,0.44499993,1.5250006,8.658003,0.074999996,0.074999996,6.140002,7.2,1
0.0,1.88,2.01,28.21,0.45,4.33,5.118,7.2,1
0.0,0.70500004,0.29499993,2.8100007,0.9049999,2.3150008,3.7739992,7.2,1
0.0,1.05,1.06,39.507,0.0,0.0,6.119,7.2,1
0.0,22.33,6.37,35.27,0.0,0.0,5.928,7.2,1
0.0,1.3649995,1.5250006,-0.20900008,0.074999996,0.0,6.1079984,7.2,1
0.0,1.4,2.79,33.227,1.3,4.44,2.439,7.2,1
0.0,0.32499993,0.8449999,2.3550007,0.074999996,0.074999996,3.2309992,7.2,1
0.0,1.07,1.08,12.867,0.0,0.0,3.249,7.2,1
0.0,11.08,5.35,18.373,0.67,12.31,3.441,7.2,1
0.0,2.1049993,8.745003,6.1630015,0.0,0.0,2.9240007,7.2,1
0.0,3.6250007,5.394998,0.97299993,0.074999996,0.0,3.0030007,7.2,1
0.0,0.82500005,0.98499995,1.4230006,1.0450003,2.7550006,3.1690006,7.2,1
0.0,3.3,0.96,10.929,0.84,9.18,3.312,7.2,1
0.0,2.7450006,3.1349993,4.184002,0.074999996,0.074999996,3.2130008,7.2,1
0.0,2.1050007,3.2849996,-0.38800007,0.074999996,0.0,3.0910006,7.2,1
0.0,0.75,0.78,18.78,0.0,0.0,5.905,7.2,1
0.0,0.73499995,2.5649993,9.858003,0.074999996,0.074999996,5.0170016,7.2,1
0.0,1.6049994,0.92499995,5.247998,0.0,0.0,3.2429993,7.2,1
0.0,5.63,1.74,10.121,0.0,0.0,5.884,7.2,1
0.0,2.8,0.73,9.393,0.0,0.0,3.355,7.2,1
0.0,1.3749995,0.6049999,4.7839985,0.074999996,0.014999997,3.4259994,7.2,1
0.0,1.6850005,6.7449985,4.9920015,1.2250005,5.5749984,2.9790006,7.2,1
0.0,1.0949994,0.5249999,6.4889984,0.37499994,2.0449998,5.685002,7.2,1
0.0,2.12,2.13,86.898,0.66,8.52,6.089,7.2,1
0.0,1.0250001,2.4650006,7.229998,0.37500006,3.3649993,3.2099993,7.2,1
0.0,0.8549999,1.3650005,7.064998,1.1299998,8.354997,5.6100016,7.2,1
0.0,2.4250007,2.5749993,2.6289992,0.074999996,0.074999996,3.2130008,7.2,1
0.0,0.13499999,0.074999996,0.536,0.24499993,0.105000004,5.910999,7.2,1
0.0,15.7,4.75,15.636,0.0,0.0,3.299,7.2,1
0.0,2.2149994,7.7249985,6.3580017,0.0,0.0,2.8610008,7.2,1
0.0,1.1349995,1.2400002,3.3699994,0.6449999,4.024998,5.873998,7.2,1
0.0,2.0450006,0.86499995,6.110998,0.074999996,0.0,2.9929993,7.2,1
0.0,0.79,0.28499994,4.1539984,0.67499995,2.6149993,5.428002,7.2,1
0.0,2.6950006,2.8449993,1.1410005,0.074999996,0.0,4.572998,7.2,1
0.0,2.2649994,2.5049994,19.954002,0.80499995,5.205002,3.2809994,7.2,1
0.0,4.08,1.7,9.362,0.63,5.9,5.54,7.2,1
0.0,0.99499995,1.8149995,5.879998,0.074999996,0.0,3.2259994,7.2,1
0.0,1.0549995,2.6450007,6.9370017,0.20499992,0.81500006,5.997998,7.2,1
0.0,2.4849994,9.475003,7.317002,0.30500007,2.6750007,2.9300008,7.2,1
0.0,1.8449994,2.0050004,3.1849992,0.074999996,0.074999996,5.9489985,7.2,1
0.0,3.1149993,14.105003,9.970997,0.6550001,7.144998,3.1800008,7.2,1
0.0,0.62500006,0.7849999,0.58399993,0.074999996,0.0,5.835998,7.2,1
0.0,0.8550001,0.36499992,2.3320007,1.3,3.1349993,2.6629994,7.2,1
0.0,2.5349994,6.984998,8.151997,1.1450006,8.565003,3.2080007,7.2,1
0.0,4.11,1.38,25.117,0.43,10.8,6.111,7.2,1
0.0,2.08,2.53,60.695,0.0,0.0,2.923,7.2,1
0.0,2.0450006,2.2049994,1.4810005,0.30499995,2.8550007,5.9299984,7.2,1
0.0,2.6950006,2.8449993,4.8510017,0.074999996,0.074999996,5.2579985,7.2,1
0.0,2.1049993,4.504998,6.5050015,0.81499994,4.835002,3.0920007,7.2,1
0.0,1.9249995,11.204997,5.902002,0.4650001,3.0750008,2.9879994,7.2,1
0.0,0.034999996,0.034999996,-0.20100006,1.0749995,0.68500006,6.120002,7.2,1
0.0,0.75499994,2.3249993,12.281003,0.86500007,11.684997,6.015002,7.2,1
0.0,3.42,1.01,19.713,0.67,13.21,5.764,7.2,1
0.0,3.9050007,4.0750017,3.9989994,0.074999996,0.074999996,3.1140006,7.2,1
0.0,0.21000002,0.14499998,1.3319994,0.0,0.0,5.9380016,7.2,1
0.0,2.8650007,4.1549983,2.4219992,0.93499994,7.9449997,3.0980008,7.2,1
0.0,0.15,0.115,0.8270001,0.022499999,0.03,6.0880017,7.2,1
0.0,2.2650006,12.074997,8.528003,0.0,0.0,3.7509995,7.2,1
0.0,0.16500007,0.13499999,0.40899992,0.0,0.0,5.491998,7.2,1
0.0,0.99499995,2.0449998,11.7020035,0.32000005,4.434999,6.0840015,7.2,1
0.0,0.88,0.36499992,4.8969984,0.86499995,4.0049996,5.9240017,7.2,1
0.0,0.044999998,0.04,0.14999998,0.68499994,0.05,2.5449996,7.2,1
0.0,2.7350006,1.4350005,1.4220005,0.56499994,0.5850001,1.5879995,7.2,1
0.0,0.98,0.99,45.363,0.0,0.0,5.602,7.2,1
0.0,1.5650005,9.105003,18.093002,0.0,0.074999996,1.9770005,7.2,1
0.0,0.42499992,1.2150003,3.9430003,0.074999996,0.074999996,3.5389993,7.2,1
0.0,2.0150006,1.0450003,3.1709993,0.62499994,1.6249995,3.1500006,7.2,1
0.0,3.1850007,2.7249994,10.369003,0.0,0.074999996,3.2789993,7.2,1
0.0,0.7350001,0.74500006,0.0010000011,0.7849999,0.5250001,0.9689998,7.2,1
0.0,0.48000002,0.30499995,2.9310007,0.037499998,0.022499999,5.969002,7.2,1
0.0,1.2850006,4.6549983,6.8120017,0.074999996,0.074999996,5.492998,7.2,1
0.0,7.68,4.37,14.839,0.0,0.0,3.978,7.2,1
0.0,1.1349995,1.2950006,0.15499997,0.17499995,0.32500008,3.2610006,7.2,1
0.0,5.72,2.15,11.28,0.15,1.69,5.247,7.2,1
0.0,0.7649999,0.8549999,5.8239985,1.2150005,1.6399997,2.1919994,7.2,1
0.0,8.55,1.9,6.364,0.0,0.0,3.349,7.2,1
0.0,1.41,1.41,48.927,0.0,0.0,6.015,7.2,1
0.0,0.16,0.13499999,0.47100008,0.022499999,0.0525,3.4879994,7.2,1
0.0,0.27499995,2.6450007,3.9759994,0.94499993,4.205002,6.1210017,7.2,1
0.0,0.34500006,0.27499995,1.1899995,1.1150005,1.2449995,3.0869994,7.2,1
0.0,1.4450005,4.4449983,4.236998,0.0,0.074999996,3.2219994,7.2,1
0.0,5.42,1.41,6.951,0.35,2.43,5.792,7.2,1
0.0,1.3550005,2.5450006,3.9190006,0.074999996,0.059999995,3.1649995,7.2,1
0.0,1.97,1.98,28.706,0.0,0.0,6.03,7.2,1
0.0,1.65,0.44,10.22,0.89,9.1,6.194,7.2,1
0.0,1.39,1.39,79.856,0.71,5.8,5.879,7.2,1
0.0,8.8,3.49,18.018,0.73,13.15,5.163,7.2,1
0.0,0.089999996,0.34500006,0.39299998,0.0,0.03,3.0750008,7.2,1
0.0,1.6650006,3.7150006,8.694998,0.074999996,0.074999996,5.3559985,7.2,1
0.0,0.75499994,1.5049995,4.616998,1.0250001,4.5350018,3.0639994,7.2,1
0.0,1.4849994,1.6350005,2.7929993,1.0950005,9.145003,5.721998,7.2,1
0.0,1.0950005,7.665002,12.341003,0.08500002,2.0649996,3.3079994,7.2,1
0.0,0.23000005,1.3150005,1.7510003,0.79499996,1.1849997,5.837999,7.2,1
0.0,0.33499992,0.33499992,2.5280006,0.074999996,0.074999996,2.8629994,7.2,1
0.0,1.2649995,1.4250005,1.5850005,0.13000005,1.3049995,5.3559985,7.2,1
0.0,1.98,1.98,34.12,0.0,0.0,3.181,7.2,1
0.0,0.65,0.66,25.737,0.12,0.46,5.882,7.2,1
0.0,0.25499994,0.58,2.9300008,0.26500008,0.20499992,2.1859994,7.2,1
0.0,7.18,7.52,1.516,0.0,0.0,5.869,7.2,1
0.0,0.84,0.85,24.514,0.15,0.74,5.876,7.2,1
0.0,1.4749997,0.63499993,9.194003,0.9849996,9.904997,6.173002,7.2,1
0.0,0.56500006,0.67999995,1.7140006,0.074999996,0.0,6.0689983,7.2,1
0.0,0.25500008,1.4750005,1.1650004,0.91499996,0.9150001,3.2730007,7.2,1
0.0,0.7649999,1.6850005,8.752003,0.915,8.284997,5.592002,7.2,1
0.0,0.29499993,0.75499994,3.6230006,0.0,0.074999996,5.594002,7.2,1
0.0,1.8,0.51,10.547,0.0,0.0,5.859,7.2,1
0.0,0.59999996,0.6549999,7.420998,0.54499996,0.7850001,3.2979994,7.2,1
0.0,0.69500005,0.8449999,0.30699992,0.074999996,0.0,5.7769985,7.2,1
0.0,0.68499994,1.4149995,4.9509983,0.074999996,0.0,3.4479992,7.2,1
0.0,3.9,2.25,23.251,0.0,0.0,5.962,7.2,1
0.0,0.78,0.40499994,4.6469984,0.037499998,0.074999996,6.1290016,7.2,1
0.0,6.294998,9.425003,8.242997,0.79499996,14.735003,3.1530006,7.2,1
0.0,0.5450001,0.34499994,0.73999995,0.074999996,0.0,2.4830008,7.2,1
0.0,1.3849999,0.5749999,8.166003,0.35500008,3.6149993,5.961002,7.2,1
0.0,3.16,0.82,10.566,0.0,0.0,3.344,7.2,1
0.0,2.0450006,2.6450007,2.4809992,1.3,8.275003,3.0270007,7.2,1
0.0,3.7949994,11.065003,17.464996,0.61499995,9.315003,4.5999985,7.2,1
0.0,2.7350006,2.8949993,3.2739992,0.8349999,12.405003,5.768998,7.2,1
0.0,3.51,1.33,12.335,0.0,0.0,3.514,7.2,1
0.0,0.79,0.92,11.652,0.0,0.0,3.18,7.2,1
0.0,3.69,1.45,12.092,0.0,0.0,3.277,7.2,1
0.0,3.11,0.94,10.358,0.0,0.0,3.331,7.2,1
0.0,2.4250007,2.7649994,1.0670004,1.015,13.455003,5.683998,7.2,1
0.0,5.04,2.32,12.682,0.0,0.0,5.466,7.2,1
0.0,0.6649999,2.0550008,6.0349984,0.074999996,0.0,2.9849994,7.2,1
0.0,1.2850006,3.4650006,3.8250008,0.0,0.074999996,3.2979994,7.2,1
0.0,3.1449993,7.4749985,18.831997,0.80500007,16.584997,6.0349984,7.2,1
0.0,2.63,0.98,14.299,0.3,4.29,5.437,7.2,1
1.0,2.9,2.97,31.19,0.25,1.02,1.405,2.8,1
0.0,1.2349994,8.334997,3.987999,0.0,0.0,3.1769993,7.2,1
0.0,0.28,0.29,10.23,0.37,0.62,5.979,7.2,1
0.0,1.6949995,1.4050006,5.4289985,0.35499993,1.6150005,3.1849992,7.2,1
0.0,7.22,2.49,6.277,0.0,0.0,2.92,7.2,1
0.0,2.9050007,3.0649993,4.349002,0.074999996,0.074999996,5.913998,7.2,1
1.0,2.4350007,2.4950006,-0.14600007,0.074999996,0.0,1.2459995,2.8,1
0.0,9.43,2.44,6.915,0.66,4.56,3.158,7.2,1
0.0,0.55,0.55,14.862,0.0,0.0,5.885,7.2,1
0.0,6.78,1.44,8.231,0.44,3.62,5.838,7.2,1
0.0,3.69,3.69,110.454,0.0,0.0,3.276,7.2,1
0.0,1.7149994,1.8750005,-0.48500007,0.074999996,0.0,5.9899983,7.2,1
0.0,1.34,3.9050007,8.313997,1.005,7.7350016,6.0739985,7.2,1
0.0,0.86499995,2.7950006,4.7389984,0.0,0.074999996,3.1809993,7.2,1
0.0,2.2749994,2.6350007,12.701003,0.074999996,0.074999996,5.7319984,7.2,1
0.0,3.0,3.01,74.042,0.0,0.0,5.917,7.2,1
0.0,0.9549999,2.1749992,12.370003,0.074999996,0.074999996,6.001002,7.2,1
0.0,11.61,4.28,15.46,0.0,0.0,4.574,7.2,1
0.0,2.16,2.63,25.283,0.0,0.0,2.891,7.2,1
0.0,1.3950006,4.9049983,3.5160007,0.9549999,3.0850008,2.6450007,7.2,1
0.0,1.7449995,0.6549999,5.7279983,0.074999996,0.0,3.2629993,7.2,1
0.0,0.63499993,1.5350006,8.051003,0.80999994,6.415002,5.6410017,7.2,1
0.0,2.58,2.58,127.339,0.0,0.0,6.278,7.2,1
0.0,2.7750006,2.9249992,1.9530005,0.074999996,0.074999996,5.960998,7.2,1
0.0,1.2949995,0.7249999,4.643998,0.074999996,0.0,3.5199993,7.2,1
0.0,0.074999996,0.935,-0.037,1.1150005,0.095,0.074999996,7.2,1
0.0,2.9550006,1.9750005,9.936003,0.27499995,2.0749993,3.3789992,7.2,1
0.0,2.1950006,1.0850005,7.2269983,1.3,9.494997,3.2919993,7.2,1
0.0,3.76,1.61,22.945,0.64,14.68,6.102,7.2,1
0.0,4.52,1.92,7.087,0.13,0.92,3.691,7.2,1
0.0,2.1,0.83,12.267,0.0,0.0,5.841,7.2,1
0.0,3.0049994,7.0149984,17.351997,0.43499994,6.2950015,5.821998,7.2,1
0.0,1.7050005,5.2849984,4.823002,0.0525,0.074999996,2.8380008,7.2,1
0.0,0.19499993,0.38499993,1.7069994,0.0,0.074999996,5.823002,7.2,1
0.0,0.39499992,1.3550005,5.8239985,0.61499995,3.2649994,4.7940016,7.2,1
0.0,1.2549995,1.4050006,0.18399994,0.074999996,0.0,5.7449985,7.2,1
0.0,3.45,3.46,145.77,0.0,0.0,5.784,7.2,1
0.0,2.43,3.52,67.711,0.0,0.0,6.039,7.2,1
0.0,0.48500007,7.354998,2.6800008,0.30500007,1.1250005,4.995002,7.2,1
0.0,2.89,1.24,17.178,0.0,0.0,5.944,7.2,1
0.0,1.6549995,1.8650005,-0.30500007,1.0550004,5.3249984,3.1090007,7.2,1
0.0,6.89,1.57,5.099,1.27,6.48,3.269,7.2,1
0.0,0.15,0.13499999,0.40700006,0.0525,0.074999996,3.2879994,7.2,1
0.0,0.59,0.6,15.946,0.47,1.67,6.007,7.2,1
0.0,3.53,4.22,74.362,0.84,13.43,4.528,7.2,1
0.0,0.40499994,1.1950003,3.7230008,1.2850006,4.6750016,3.4659994,7.2,1
0.0,2.6,0.75,13.859,0.0,0.0,5.33,7.2,1
0.0,2.33,3.14,78.315,0.69,8.92,5.549,7.2,1
0.0,2.7950006,1.6350005,9.341003,0.074999996,0.0,3.3559992,7.2,1
0.0,1.1950005,3.0549994,17.809004,0.88499993,14.549997,6.0970016,7.2,1
0.0,0.6549999,2.7849994,10.108003,0.22500008,1.0550004,5.6960015,7.2,1
0.0,0.27499995,0.29499993,1.7839994,0.5149999,0.34499994,3.1699994,7.2,1
0.0,3.5750008,4.2550015,1.4470005,0.61499995,11.175003,5.6329985,7.2,1
0.0,3.0049994,10.605003,17.748997,0.074999996,0.0,5.9569983,7.2,1
0.0,2.1250007,2.2749994,1.4400005,0.074999996,0.0,3.0590007,7.2,1
0.0,6.75,3.43,14.214,0.37,5.26,5.755,7.2,1
0.0,0.075000025,0.075000025,0.33799994,1.1950005,0.87500006,5.597998,7.2,1
0.0,2.9949994,6.9749985,17.596996,0.074999996,0.0,5.925998,7.2,1
0.0,2.5950007,2.7449994,2.4629993,0.074999996,0.074999996,5.971998,7.2,1
0.0,0.38499993,1.9650003,1.3179995,0.29499993,0.38499993,2.8609993,7.2,1
0.0,2.0050006,0.68499994,6.8129983,1.0350002,6.685002,3.3869994,7.2,1
0.0,5.83,2.32,13.611,0.46,6.26,5.867,7.2,1
0.0,5.6,5.76,192.678,0.0,0.0,3.441,7.2,1
0.0,0.37000006,1.8250005,1.2389998,0.0,0.0,2.8410006,7.2,1
0.0,3.38,1.4,10.358,0.23,2.38,3.064,7.2,1
0.0,2.28,2.28,72.086,0.22,2.86,5.697,7.2,1
0.0,7.05,2.47,5.996,0.88,5.28,2.776,7.2,1
0.0,7.7649984,5.585002,8.599997,0.074999996,0.074999996,3.0030007,7.2,1
0.0,6.51,1.46,4.699,0.0,0.0,3.241,7.2,1
0.0,1.0149995,1.3150005,0.42299992,0.074999996,0.0,3.0610006,7.2,1
0.0,12.08,3.83,21.67,0.2,4.33,5.97,7.2,1
0.0,2.9249992,7.7449985,17.264997,0.074999996,0.0,5.9569983,7.2,1
0.0,19.05,5.9,21.116,0.71,14.99,5.542,7.2,1
0.0,0.51500005,0.67499995,-0.34700006,0.4649999,1.2649995,5.756998,7.2,1
0.0,2.17,0.91,12.873,0.94,12.1,5.932,7.2,1
0.0,3.79,1.83,10.509,0.34,3.57,5.774,7.2,1
0.0,1.4050006,2.5449994,13.584003,0.074999996,0.0,5.605002,7.2,1
0.0,2.0250006,2.1849992,-0.45200008,0.19499993,0.6650001,2.8580008,7.2,1
0.0,0.81500006,0.54499996,2.7570007,1.2350005,3.29,3.2569993,7.2,1
0.0,2.7550006,2.9149992,2.04,0.074999996,0.0,3.1970007,7.2,1
0.0,1.79,6.92,37.793,0.0,0.0,5.905,7.2,1
0.0,0.43499994,1.0649995,0.81499994,0.44499993,0.19500008,1.9810003,7.2,1
0.0,0.33499992,0.6750001,1.8419995,0.074999996,0.074999996,2.6309993,7.2,1
0.0,1.8850005,5.4549985,5.7390018,1.2650006,6.8150015,3.0540006,7.2,1
0.0,2.1750007,2.3249993,1.8620005,1.3,17.225002,5.8859982,7.2,1
0.0,4.57,1.56,15.308,0.47,7.19,3.35,7.2,1
0.0,0.88499993,3.0750008,2.5020006,0.074999996,0.059999995,3.2559993,7.2,1
0.0,0.56499994,1.2450005,6.986998,0.30499995,1.6950005,6.1110015,7.2,1
0.0,1.64,1.64,39.021,0.53,5.15,5.927,7.2,1
0.0,6.01,1.45,2.521,0.52,1.31,1.954,7.2,1
0.0,0.6450001,2.5350006,4.3970017,0.074999996,0.0,5.927998,7.2,1
0.0,0.56500006,0.7249999,0.73199993,0.074999996,0.0,5.4359984,7.2,1
0.0,6.33,1.99,5.334,0.0,0.0,3.194,7.2,1
0.0,0.99,0.99,21.232,0.0,0.0,3.226,7.2,1
0.0,2.2050006,1.3950006,13.203003,0.0,0.074999996,5.8990016,7.2,1
0.0,5.58,1.28,4.105,0.0,0.0,3.207,7.2,1
0.0,0.99499995,2.9250007,8.734003,0.36500007,3.9549994,3.2669992,7.2,1
0.0,12.83,3.56,17.472,0.36,6.29,5.021,7.2,1
0.0,0.935,0.99499995,6.030998,0.25499994,0.24,1.4990005,7.2,1
0.0,2.3949993,8.525003,13.247997,0.31499994,3.0850008,5.6029983,7.2,1
0.0,1.2249994,1.3850005,2.7709994,0.9549999,6.814998,5.9499984,7.2,1
0.0,1.3049995,1.4550005,1.2010006,1.3,5.624998,3.2530007,7.2,1
0.0,1.2249999,6.2750015,7.2209983,0.29500002,2.1850007,5.838999,7.2,1
0.0,1.26,1.27,34.722,1.08,4.25,3.125,7.2,1
0.0,1.56,4.74,28.388,0.72,20.44,5.989,7.2,1
0.0,1.7049994,1.8550005,0.18899994,0.86499995,4.314998,3.0440006,7.2,1
0.0,2.0150003,8.985003,11.200003,0.085,1.0549995,5.736998,7.2,1
0.0,0.6549999,1.5350006,6.7859983,0.115000054,1.3750005,4.8070016,7.2,1
0.0,1.0750005,1.5849994,5.315998,0.32500008,2.2349994,3.3229992,7.2,1
0.0,0.5949999,1.3850005,6.5829983,0.39499992,2.2049994,5.1570015,7.2,1
0.0,0.74500006,2.6050007,4.877002,0.074999996,0.0,5.780998,7.2,1
0.0,2.78,2.78,75.359,0.17,2.84,6.001,7.2,1
0.0,1.2849995,1.4450005,0.24799992,0.074999996,0.0,3.2770007,7.2,1
0.0,9.86,4.11,17.466,0.4,6.99,5.881,7.2,1
0.0,0.72,0.48499992,4.459998,0.067499995,0.037499998,5.889002,7.2,1
0.0,1.24,1.25,24.419,1.22,8.54,5.647,7.2,1
0.0,0.99,1.0,22.36,0.21,0.65,3.14,7.2,1
0.0,0.5450001,0.7049999,0.072,0.0,0.0,3.7600007,7.2,1
0.0,5.08,5.08,137.504,0.39,11.88,5.998,7.2,1
0.0,1.3599995,6.2849984,8.611997,0.86499995,6.6799984,5.9369984,7.2,1
0.0,1.36,1.36,13.828,0.73,2.62,2.637,7.2,1
0.0,0.97999996,0.47499993,5.6789985,0.074999996,0.074999996,6.132002,7.2,1
0.0,1.8049995,1.9650005,2.0969994,0.074999996,0.074999996,5.9369984,7.2,1
0.0,7.65,1.82,10.677,0.51,5.45,5.899,7.2,1
0.0,2.52,2.52,54.081,0.0,0.0,3.11,7.2,1
0.0,0.125,2.6249993,0.933,0.074999996,0.074999996,3.0349994,7.2,1
0.0,0.6050001,2.9149992,4.0699997,0.24499993,0.61500007,5.9319983,7.2,1
0.0,1.8650005,5.504998,10.924003,1.1050005,11.404997,6.0699983,7.2,1
0.0,0.16499996,0.37499994,1.6159995,0.0,0.074999996,5.9060016,7.2,1
0.0,1.74,1.75,51.483,0.0,0.0,3.237,7.2,1
0.0,0.36500007,0.5149999,-0.34600008,0.015,0.0,3.2140007,7.2,1
0.0,1.22,1.22,37.159,0.68,2.74,3.302,7.2,1
0.0,0.22499993,0.22499993,5.3069983,0.074999996,0.074999996,6.1550016,7.2,1
0.0,2.07,2.08,46.889,0.13,0.9,3.33,7.2,1
0.0,5.8250017,22.285004,34.587,0.074999996,0.0,5.952998,7.2,1
0.0,1.7149994,2.0050004,-0.037999995,0.074999996,0.0,2.8890007,7.2,1
0.0,3.32,0.73,2.157,0.0,0.0,2.955,7.2,1
0.0,2.5949993,5.3150015,29.515003,0.074999996,0.0,5.776002,7.2,1
0.0,2.0950007,2.2549994,4.4430017,0.47499993,5.335002,5.9899983,7.2,1
0.0,1.2549995,1.3249999,3.1029994,1.0550004,6.7449985,5.1539984,7.2,1
0.0,0.9149999,2.7849994,16.302004,0.40499994,5.4600015,6.118002,7.2,1
0.0,10.43,3.2,18.276,0.98,17.91,5.711,7.2,1
0.0,0.14500001,0.115,0.85300004,0.0075,0.022499999,5.875002,7.2,1
0.0,2.1350007,2.2949994,1.7100005,0.45499992,2.5350006,3.0310006,7.2,1
0.0,0.9150001,1.0650004,0.84199995,0.8249999,4.3649983,5.8989983,7.2,1
0.0,0.13500006,0.13499999,0.5950001,1.2550005,0.74500006,3.2649994,7.2,1
0.0,5.82,1.47,8.194,1.07,8.77,5.612,7.2,1
0.0,1.4450005,5.5949984,7.936002,0.20499992,0.94499993,5.662998,7.2,1
0.0,2.0,2.0,67.998,0.23,2.74,5.961,7.2,1
0.0,9.46,4.26,13.919,1.19,16.56,3.275,7.2,1
0.0,1.6650006,3.0449994,14.237003,0.27500007,5.085002,6.0630016,7.2,1
0.0,2.87,0.94,5.667,0.0,0.0,6.094,7.2,1
0.0,2.93,1.19,17.666,0.24,4.24,6.029,7.2,1
0.0,0.21500006,0.8550001,1.7410005,1.2350005,1.8699995,5.669998,7.2,1
0.0,8.66,2.8,9.471,0.0,0.0,3.383,7.2,1
0.0,2.3750007,21.174997,0.0030000051,0.93499994,12.325003,5.8099985,7.2,1
0.0,3.23,1.64,19.28,1.02,19.67,5.969,7.2,1
0.0,8.88,2.52,11.942,0.0,0.0,5.912,7.2,1
0.0,0.93,0.94,46.86,0.0,0.0,6.005,7.2,1
0.0,2.0449998,9.345003,12.0110035,0.0,0.0,6.0599985,7.2,1
0.0,1.6249995,1.0550004,10.111003,0.0,0.067499995,6.067002,7.2,1
0.0,0.6,0.61,26.117,0.0,0.0,5.995,7.2,1
0.0,0.17,0.12499999,0.97300005,1.1950005,1.0449995,5.9150004,7.2,1
0.0,0.57500005,1.6049994,3.6569993,0.074999996,0.0,5.4359984,7.2,1
0.0,13.56,5.98,19.338,0.0,0.0,3.239,7.2,1
0.0,0.8949999,1.9950005,6.788998,0.5849999,3.4250007,3.4069993,7.2,1
0.0,2.9749994,9.465003,17.307997,0.074999996,0.0,5.866998,7.2,1
0.0,1.3250003,3.5350006,7.5350018,0.67499995,4.4049983,5.7529984,7.2,1
0.0,7.23,2.29,13.974,1.12,15.65,6.102,7.2,1
0.0,5.374998,3.1949992,6.179002,0.8549999,4.8200016,2.8600006,7.2,1
0.0,1.83,1.83,87.673,0.0,0.0,5.962,7.2,1
0.0,0.17500007,0.17500007,0.55899996,0.0,0.0,5.9249983,7.2,1
0.0,10.14,5.06,15.99,0.0,0.0,3.27,7.2,1
0.0,2.2450006,3.6449993,1.9380006,1.0450003,12.905003,5.6919985,7.2,1
0.0,0.7150001,0.32499993,2.5500007,0.067499995,0.0,3.3979993,7.2,1
0.0,4.0,2.03,24.243,1.14,27.64,6.061,7.2,1
0.0,4.8649983,28.274998,16.068998,0.62500006,11.125003,3.1630006,7.2,1
0.0,3.3849993,10.745003,17.443996,0.074999996,0.0,5.1719985,7.2,1
0.0,0.62500006,0.35499993,0.99499995,0.0,0.0,3.2110007,7.2,1
0.0,1.8550005,6.9949985,5.5300016,0.0,0.0,2.9900007,7.2,1
0.0,1.36,1.37,78.403,0.0,0.0,5.914,7.2,1
0.0,0.17500007,0.43499994,-0.42900008,0.074999996,0.0,2.2650006,7.2,1
0.0,1.1550006,3.6249993,17.916002,0.0,0.074999996,5.1430016,7.2,1
0.0,2.68,0.61,1.692,0.0,0.0,2.774,7.2,1
0.0,3.87,1.19,12.609,0.46,5.8,3.258,7.2,1
0.0,2.69,2.82,53.622,0.0,0.0,3.099,7.2,1
0.0,2.6949992,5.734998,9.717997,0.7849999,6.9250016,3.6060007,7.2,1
0.0,1.2850006,2.8950007,9.191003,0.9949996,9.984997,3.1949992,7.2,1
0.0,11.19,2.3,7.186,0.87,6.25,3.138,7.2,1
0.0,17.78,5.06,12.009,1.1,13.21,3.111,7.2,1
0.0,1.2150005,3.4150007,10.026003,0.34500006,4.3150015,2.9689994,7.2,1
0.0,10.29,2.58,12.778,0.0,0.0,5.679,7.2,1
0.0,2.69,1.16,14.847,0.0,0.0,5.519,7.2,1
0.0,3.6150007,1.7950006,4.639002,0.074999996,0.0,2.8510008,7.2,1
0.0,3.78,0.94,3.13,0.48,1.5,3.33,7.2,1
0.0,2.9,2.91,83.123,0.54,5.04,3.217,7.2,1
0.0,14.32,5.74,34.434,0.56,19.28,6.02,7.2,1
0.0,1.1950005,1.5049999,9.339003,0.9149999,2.6549993,2.8209994,7.2,1
0.0,2.2250006,2.6750007,1.5420005,0.074999996,0.0,2.9080007,7.2,1
0.0,2.2750006,0.69499993,3.7839994,0.074999996,0.06,5.9294987,7.2,1
0.0,2.0650008,0.8549999,6.900998,0.074999996,0.0,3.3349993,7.2,1
0.0,6.59,1.44,4.585,0.0,0.0,3.184,7.2,1
0.0,2.5150006,0.9049999,2.8619993,0.8449999,2.0750008,3.3240006,7.2,1
0.0,1.2349997,6.495002,7.6209984,0.65,4.9249983,5.966999,7.2,1
0.0,1.015,3.3950007,9.661003,0.86500007,9.224997,3.6029994,7.2,1
0.0,0.32500005,0.22499993,2.0980008,0.0525,0.044999998,5.948002,7.2,1
0.0,0.81500006,0.80499995,4.623998,1.1250005,5.0050015,5.539002,7.2,1
0.0,0.44499993,1.0750005,5.9429984,0.074999996,0.074999996,6.093002,7.2,1
0.0,4.13,1.15,6.339,0.92,5.83,5.512,7.2,1
0.0,1.4749994,1.6250005,0.9799999,0.074999996,0.0525,5.6459985,7.2,1
0.0,0.61499995,0.63499993,7.5559983,0.074999996,0.074999996,5.4990015,7.2,1
0.0,0.30499995,0.8549999,4.506998,0.33500007,1.9550005,5.949002,7.2,1
0.0,0.9,0.91,15.076,0.0,0.0,5.856,7.2,1
0.0,5.07,1.19,7.062,0.0,0.0,5.934,7.2,1
0.0,0.24499993,0.24499993,3.7360008,0.0,0.074999996,5.7750015,7.2,1
0.0,3.9949994,16.395002,23.251997,0.49499992,9.8049965,5.8369985,7.2,1
0.0,0.88499993,1.7249994,5.3199983,0.69499993,3.2650006,3.2669992,7.2,1
0.0,1.3050005,4.9649982,14.2940035,0.044999994,1.6449995,3.1579993,7.2,1
0.0,1.0749995,0.6649999,6.4019985,0.074999996,0.074999996,5.7070017,7.2,1
0.0,0.14,0.114999995,0.40700004,0.64,0.30499998,3.3039994,7.2,1
0.0,6.52,2.27,6.395,0.0,0.0,3.104,7.2,1
0.0,0.86500007,0.79499996,5.3899984,1.0949994,6.4650016,5.889002,7.2,1
0.0,2.1849992,9.635003,6.3080015,0.55500007,3.8550007,2.8790007,7.2,1
0.0,12.04,2.91,17.826,1.11,19.79,6.126,7.2,1
0.0,2.9549994,6.1949983,14.638997,0.074999996,0.074999996,4.9819984,7.2,1
0.0,1.7249994,8.825003,5.7059984,0.9849996,6.205002,3.2869992,7.2,1
0.0,2.1649992,7.7849984,11.379004,0.074999996,0.0,5.4049983,7.2,1
0.0,10.96,2.87,12.65,0.0,0.0,5.573,7.2,1
0.0,9.85,3.07,8.622,0.33,2.85,3.193,7.2,1
0.0,5.6,1.83,5.394,0.2,1.08,3.065,7.2,1
0.0,0.41499993,1.3850005,5.979998,0.68500006,4.6750016,5.079002,7.2,1
0.0,4.6150017,12.505003,27.571003,0.074999996,0.0,6.0139985,7.2,1
0.0,1.8250005,3.0849993,15.750003,0.50499994,6.7249985,5.350002,7.2,1
0.0,2.8850007,1.7450005,9.494003,0.074999996,0.0,3.3079994,7.2,1
0.0,1.82,1.83,36.046,0.0,0.0,3.673,7.2,1
0.0,0.87499994,3.3250008,2.0210006,0.044999998,0.074999996,2.605,7.2,1
0.0,1.61,1.62,40.209,1.01,5.22,3.211,7.2,1
0.0,2.47,0.64,14.65,0.79,11.57,5.931,7.2,1
0.0,0.8349999,2.8249993,16.541002,0.074999996,0.074999996,6.1170015,7.2,1
0.0,1.1150005,1.7849995,6.0339985,0.5850001,4.105002,3.3769994,7.2,1
0.0,2.2250006,0.99499995,5.339999,0.074999996,0.037499998,5.7779984,7.2,1
0.0,4.0,4.01,214.121,0.0,0.0,5.957,7.2,1
0.0,1.6649995,1.8250005,2.034,0.45499992,3.8850007,5.9159985,7.2,1
0.0,13.93,5.73,13.398,0.0,0.0,3.535,7.2,1
0.0,2.0749993,6.394998,6.414002,0.9149999,5.274999,3.0950007,7.2,1
0.0,1.2149994,1.3750005,2.4439993,0.074999996,0.074999996,5.9429984,7.2,1
0.0,2.81,2.81,72.567,0.0,0.0,5.984,7.2,1
0.0,2.01,0.64,10.15,1.28,12.99,5.05,7.2,1
0.0,1.57,1.57,51.193,0.0,0.0,5.876,7.2,1
0.0,1.15,4.54,27.578,0.42,11.58,6.088,7.2,1
0.0,2.1050007,13.474997,6.1110015,0.0,0.0,2.8439994,7.2,1
0.0,2.0550008,2.9750006,0.39699993,0.45499992,2.2750006,2.8290007,7.2,1
0.0,12.26,2.86,9.481,0.0,0.0,3.315,7.2,1
0.0,0.99499995,3.7749994,12.170003,0.074999996,0.074999996,3.3929994,7.2,1
0.0,3.2349994,13.395003,18.431997,1.1650006,20.084997,5.7339983,7.2,1
0.0,2.09,2.1,44.775,0.0,0.0,3.257,7.2,1
0.0,1.4750005,4.274998,13.467003,0.0,0.0,6.041002,7.2,1
0.0,0.115000054,0.68499994,1.1710004,0.33499992,0.21500006,5.8659987,7.2,1
0.0,1.3749995,1.5350006,3.8469994,0.56499994,4.0349984,5.702998,7.2,1
0.0,1.7950006,7.084998,5.6420016,0.0,0.0,3.3119993,7.2,1
0.0,0.9849996,0.38499993,3.8540006,0.0525,0.074999996,3.7819993,7.2,1
0.0,5.14,1.92,6.127,1.16,7.11,3.208,7.2,1
0.0,0.28499994,0.61500007,1.2249994,1.0750005,1.3750005,1.9870005,7.2,1
0.0,0.93,0.94,25.946,0.73,3.8,5.595,7.2,1
0.0,8.16,3.16,17.276,0.0,0.0,5.467,7.2,1
0.0,0.5749999,2.0050004,11.330003,0.074999996,0.074999996,5.9840016,7.2,1
0.0,3.13,1.69,18.864,0.0,0.0,6.027,7.2,1
0.0,1.3649995,1.4800003,3.4049993,1.3,10.785003,5.9099984,7.2,1
0.0,1.1449995,1.3050005,0.08,0.074999996,0.0,6.1749983,7.2,1
0.0,2.2749994,5.5549984,9.111997,0.6449999,5.225002,4.032998,7.2,1
0.0,0.94499993,4.2849984,2.8090007,0.765,2.16,3.3899994,7.2,1
0.0,1.0049995,1.1550006,0.66699994,0.0525,0.0,5.8039985,7.2,1
0.0,1.33,1.34,25.604,0.0,0.0,3.305,7.2,1
0.0,0.5849999,0.74500006,2.6369994,0.074999996,0.074999996,4.9489985,7.2,1
0.0,0.7749999,1.8550005,9.596003,0.074999996,0.074999996,5.539002,7.2,1
0.0,0.93499994,1.6750005,9.477003,1.1949995,12.204997,6.0450015,7.2,1
0.0,0.29500002,0.26499993,1.7689995,0.014999997,0.03,6.0230017,7.2,1
0.0,1.9650005,8.535003,6.310002,0.0,0.0,3.3739994,7.2,1
0.0,1.1250005,2.1149993,12.053003,0.87000006,11.354997,6.0490017,7.2,1
0.0,1.81,1.9050006,13.292003,0.69499993,3.7649994,3.3589993,7.2,1
0.0,0.29500008,0.16499996,0.35299993,0.09500001,0.0,3.0140007,7.2,1
0.0,0.095,0.059999995,0.28599998,0.36,0.075,3.2749994,7.2,1
0.0,7.55,2.29,6.472,0.11,0.71,2.942,7.2,1
0.0,3.05,0.72,2.184,0.2,0.44,3.076,7.2,1
0.0,0.97499967,0.37499994,5.723998,0.9549999,5.1750016,5.5980015,7.2,1
0.0,1.34,1.35,39.227,0.0,0.0,5.891,7.2,1
0.0,0.75500005,2.5949993,1.3330005,0.074999996,0.074999996,5.642998,7.2,1
0.0,0.495,0.24499993,2.8900006,0.41499993,0.935,5.889002,7.2,1
0.0,4.07,4.08,69.62,0.23,5.59,5.976,7.2,1
0.0,0.22500008,1.3850005,-0.38100007,0.32500008,0.26500008,2.7350006,7.2,1
0.0,1.6649995,1.8250005,1.8370005,0.074999996,0.0,2.9420006,7.2,1
0.0,2.3249993,6.8449984,11.082997,0.9849996,11.744997,4.8169985,7.2,1
0.0,0.21500006,0.17499995,0.9100001,0.6050001,0.6100001,3.4719994,7.2,1
0.0,0.21500006,0.21500006,0.39099994,0.19000006,0.16500007,3.2530007,7.2,1
0.0,0.56500006,1.9249995,3.9329994,0.074999996,0.0,5.952998,7.2,1
0.0,1.3349994,1.4850005,0.7929999,0.074999996,0.0,3.0280006,7.2,1
0.0,0.7049999,2.0849993,9.668003,0.38,3.7749994,5.8740015,7.2,1
0.0,0.41499993,0.41500008,1.0730006,0.22499996,0.20999998,2.8600006,7.2,1
0.0,8.235003,8.250003,15.779997,1.2250005,58.345,6.037998,7.2,1
0.0,0.25000003,1.3849999,1.6639996,0.074999996,0.0,6.111999,7.2,1
0.0,0.88500005,0.5249999,3.0380006,0.074999996,0.0,3.3179994,7.2,1
0.0,0.775,3.2000005,2.3210006,0.86499995,1.8599998,3.3569994,7.2,1
0.0,3.2150006,1.9750005,8.033003,0.88500005,7.855002,5.0889983,7.2,1
0.0,4.4049983,2.7349994,14.553003,0.35749996,4.7550015,3.3324995,7.2,1
0.0,2.94,2.95,106.842,0.37,6.67,6.13,7.2,1
0.0,0.29500008,1.4850005,2.2609994,0.86499995,1.6649995,5.873998,7.2,1
0.0,1.8949995,0.93499994,6.1019983,0.074999996,0.0,3.2109993,7.2,1
0.0,4.0049996,4.495002,34.888004,0.43500006,7.1949983,3.7019994,7.2,1
0.0,3.94,3.95,113.521,0.24,3.09,3.271,7.2,1
0.0,1.4,2.01,41.319,0.0,0.0,5.926,7.2,1
0.0,1.1650006,3.8750007,3.2080007,0.21500006,1.0250001,3.0869994,7.2,1
0.0,7.32,3.02,44.467,0.18,8.0,6.075,7.2,1
0.0,1.24,1.33,50.511,0.6,3.89,5.226,7.2,1
0.0,2.0650008,2.5749993,0.43799993,0.45499992,2.4550006,3.0390007,7.2,1
0.0,1.9850004,1.1150005,11.487003,0.0,0.0075,5.6880016,7.2,1
0.0,3.17,0.89,18.392,0.32,5.89,5.802,7.2,1
0.0,1.1449995,1.3050005,0.21799994,0.074999996,0.0,3.2590008,7.2,1
0.0,1.6250005,3.1550007,10.608003,0.27500007,3.8149993,3.6009994,7.2,1
0.0,2.2950006,3.5150006,-0.037,0.074999996,0.0,2.5990007,7.2,1
0.0,2.3850007,1.8250005,3.0709994,0.074999996,0.0,2.7510006,7.2,1
0.0,6.63,4.01,7.264,0.0,0.0,5.421,7.2,1
0.0,0.17499995,0.13499999,0.45999998,0.067499995,0.0,3.423,7.2,1
0.0,1.5349995,11.324997,4.688998,0.0,0.0,3.0339994,7.2,1
0.0,2.6250007,1.6950005,3.6589994,0.074999996,0.074999996,5.8979983,7.2,1
0.0,1.5749995,1.1250005,5.3769984,0.015,0.074999996,3.3789992,7.2,1
0.0,2.4149992,2.66,15.344003,1.1949995,9.324997,3.1869993,7.2,1
0.0,1.3,1.3,46.252,0.0,0.0,5.871,7.2,1
0.0,3.26,0.87,19.09,0.19,3.63,5.856,7.2,1
0.0,1.1249995,1.8249995,1.2640005,0.39499992,1.1249995,3.0490007,7.2,1
0.0,2.1250007,1.0350002,6.0499983,0.074999996,0.0,2.8589993,7.2,1
0.0,1.6050005,2.1249993,15.899003,0.94499993,3.4950006,2.7589993,7.2,1
0.0,0.16000003,1.1700004,0.49299997,0.037499998,0.015,2.4410007,7.2,1
0.0,2.28,0.47,2.732,0.0,0.0,5.813,7.2,1
0.0,6.58,1.54,4.509,0.0,0.0,2.928,7.2,1
0.0,3.8549993,19.745003,22.363997,0.56499994,10.994997,5.821998,7.2,1
0.0,8.34,2.04,5.452,0.0,0.0,2.754,7.2,1
0.0,2.0150006,2.2449994,1.1050005,0.43499994,2.3250008,3.1140006,7.2,1
0.0,2.025,8.425003,6.1690016,0.0,0.0,3.0500007,7.2,1
0.0,0.75500005,0.9049999,-0.37600008,1.005,4.504998,5.8639984,7.2,1
0.0,3.02,1.06,9.459,0.0,0.0,3.132,7.2,1
0.0,0.29499993,8.074998,3.3750007,0.7250001,2.8349993,6.0230017,7.2,1
0.0,6.83,1.76,5.059,0.0,0.0,3.104,7.2,1
0.0,0.57,0.58,15.514,1.23,2.58,3.686,7.2,1
0.0,2.1350007,0.9749999,6.340998,0.074999996,0.0,2.9779994,7.2,1
0.0,1.9250005,2.9150007,9.500003,0.0,0.074999996,3.2769992,7.2,1
0.0,1.3150003,3.9050007,7.1930017,0.074999996,0.074999996,5.5299983,7.2,1
0.0,7.73,2.71,7.306,1.16,8.47,3.149,7.2,1
0.0,2.12,0.63,6.223,0.0,0.0,2.935,7.2,1
0.0,2.1650007,1.2050005,8.298003,0.074999996,0.0,3.8129992,7.2,1
0.0,0.7049999,1.5750005,8.298003,0.88000005,7.6950016,5.6570015,7.2,1
0.0,0.245,0.98499995,0.797,0.0,0.0,3.0500002,7.2,1
0.0,0.80499995,3.8849993,5.1549983,0.6450001,3.8449993,2.9169993,7.2,1
0.0,1.53,0.39,8.987,1.09,9.8,5.874,7.2,1
0.0,2.1250007,3.1950006,1.5440005,0.88499993,5.414998,3.0050006,7.2,1
0.0,2.5,2.81,82.518,0.0,0.0,5.82,7.2,1
0.0,6.22,1.29,7.805,0.0,0.0,6.098,7.2,1
0.0,0.9250001,1.0850005,1.8810005,0.074999996,0.0,5.866998,7.2,1
0.0,2.7,0.8,16.652,0.21,3.5,6.167,7.2,1
0.0,2.1849992,6.0749984,6.171002,0.73499995,3.96,2.8140006,7.2,1
0.0,2.06,2.35,62.973,1.03,6.77,3.193,7.2,1
0.0,0.40499994,4.495002,14.718003,0.0,0.074999996,6.127002,7.2,1
0.0,6.5450015,25.415003,38.444996,1.1150005,39.825005,5.854998,7.2,1
0.0,7.61,1.73,10.233,0.74,7.57,5.949,7.2,1
0.0,2.66,2.67,61.244,0.0,0.0,6.079,7.2,1
0.0,1.4150006,2.5949993,10.298003,0.074999996,0.0,2.0699995,7.2,1
0.0,0.37500006,1.3749999,2.7359993,0.48499992,1.0149995,5.8379984,7.2,1
0.0,11.61,3.78,22.024,0.0,0.0,5.842,7.2,1
0.0,1.7349994,1.8950006,3.0049994,0.074999996,0.074999996,5.8239985,7.2,1
0.0,0.12500007,0.42499992,0.103,0.8449999,0.86500007,6.0299983,7.2,1
0.0,8.65,3.21,17.792,0.0,0.0,5.56,7.2,1
0.0,2.54,2.56,73.487,0.0,0.0,3.244,7.2,1
0.0,0.40499994,1.2650006,7.183998,0.9749999,6.605002,6.1750016,7.2,1
0.0,3.5549994,9.805003,10.801997,0.074999996,0.0,3.0070007,7.2,1
0.0,1.1650006,4.1350017,20.510002,1.2249994,26.834997,5.8410015,7.2,1
0.0,4.53,1.9,11.64,0.0,0.0,6.126,7.2,1
0.0,0.47500008,0.20499992,0.8249999,0.23500007,0.15500008,5.6939983,7.2,1
0.0,0.88,0.88,14.284,0.0,0.0,5.832,7.2,1
0.0,2.1250007,5.4650016,0.9049999,0.074999996,0.0,2.6650007,7.2,1
0.0,2.19,0.67,6.939,0.0,0.0,3.168,7.2,1
0.0,0.9599999,3.0550008,6.1030016,0.074999996,0.0,5.834998,7.2,1
0.0,0.22499993,0.22499993,3.2310007,0.49500006,0.5849999,5.988002,7.2,1
0.0,6.22,2.09,9.499,0.67,6.36,5.9,7.2,1
0.0,0.54,0.55,11.457,0.46,1.49,6.004,7.2,1
0.0,0.17499995,1.6049994,1.2339995,0.074999996,0.074999996,6.0250015,7.2,1
0.0,2.3750007,2.5349994,4.916002,0.074999996,0.074999996,5.4429984,7.2,1
0.0,1.5050005,2.6950006,9.022003,0.0,0.074999996,3.3709993,7.2,1
0.0,0.9649999,2.8249993,15.423003,0.0,0.074999996,5.7940016,7.2,1
0.0,19.68,7.12,21.015,0.87,18.28,3.278,7.2,1
0.0,1.1750005,3.7450006,9.256003,0.029999997,0.0,3.3039994,7.2,1
0.0,8.14,2.28,7.517,0.48,3.61,3.311,7.2,1
0.0,2.3350008,2.4849994,2.5919993,0.54499996,3.0650008,2.6980007,7.2,1
0.0,7.14,2.05,6.641,0.11,0.73,3.24,7.2,1
0.0,5.02,6.59,142.688,0.42,6.86,3.252,7.2,1
0.0,2.4549994,11.745003,13.902997,1.2450005,16.254997,5.734998,7.2,1
0.0,1.2749995,0.8549999,2.5940006,0.69499993,1.5749995,2.0519998,7.2,1
0.0,1.0849994,0.39499992,3.7370007,0.45499992,1.4199998,3.3609993,7.2,1
0.0,1.89,0.52,11.291,0.0,0.0,5.974,7.2,1
0.0,0.95,0.95,16.515,0.0,0.0,3.204,7.2,1
0.0,7.93,3.16,6.027,1.25,7.53,2.94,7.2,1
0.0,1.19,1.19,40.746,0.0,0.0,5.919,7.2,1
0.0,1.8349994,1.2550005,11.426003,0.007499999,0.074999996,6.0960016,7.2,1
0.0,0.35000005,1.4800003,2.3279994,0.5149999,0.9250001,5.4569983,7.2,1
0.0,5.85,1.79,5.818,0.33,1.92,3.25,7.2,1
0.0,0.024999999,0.01,0.15199998,0.95500004,0.024999999,2.5220003,7.2,1
0.0,3.08,3.09,51.64,0.0,0.0,6.142,7.2,1
0.0,1.3050005,4.9049983,4.0759983,0.015,0.044999998,3.4499993,7.2,1
0.0,1.2850006,4.7149982,3.9519994,1.2750006,4.5749984,3.2789993,7.2,1
0.0,4.085002,4.085002,29.264004,0.074999996,0.074999996,3.6409993,7.2,1
0.0,0.31500006,0.27499995,2.0000007,0.28499994,0.44,5.8390017,7.2,1
0.0,0.50499994,1.4049995,4.545998,0.074999996,0.074999996,3.1969993,7.2,1
0.0,3.6350007,35.215004,21.792004,0.0,0.0,5.8189983,7.2,1
0.0,8.05,2.79,16.424,0.39,6.41,5.887,7.2,1
0.0,1.2750006,4.0949984,7.061002,1.0650004,6.995002,5.7469983,7.2,1
0.0,2.0950007,11.5549965,6.026002,0.0,0.0,2.8169994,7.2,1
0.0,5.48,6.0,0.935,1.01,33.5,6.053,7.2,1
0.0,3.3150008,3.6749992,1.8060005,1.005,8.285003,2.5750008,7.2,1
0.0,3.18,3.32,104.005,1.23,14.21,3.634,7.2,1
0.0,4.69,1.61,9.555,0.0,0.0,5.935,7.2,1
0.0,1.0249995,1.1750005,2.2229993,0.19499993,0.7350001,6.0369983,7.2,1
0.0,2.1150007,1.2550005,6.288998,0.074999996,0.0,2.9809992,7.2,1
0.0,2.0850008,1.2550005,7.782998,0.0,0.03,3.7129993,7.2,1
0.0,0.37500006,0.20499992,1.3949995,0.25499994,0.18500006,3.3419993,7.2,1
0.0,9.37,3.23,16.136,0.0,0.0,4.996,7.2,1
0.0,0.9050001,0.36499992,3.1240005,0.94499993,2.7050006,3.3389993,7.2,1
0.0,2.45,2.45,36.28,0.0,0.0,2.901,7.2,1
0.0,0.42,0.42,14.754,0.52,1.28,5.848,7.2,1
0.0,2.16,0.9,12.423,0.53,6.58,5.751,7.2,1
0.0,1.9249995,3.6249993,0.95799994,0.074999996,0.0,2.7940006,7.2,1
0.0,0.39499992,0.34500006,0.90799993,0.5149999,0.29500008,2.603,7.2,1
0.0,0.26499993,0.8349999,2.3530006,0.059999995,0.074999996,3.2699993,7.2,1
0.0,3.2949994,6.185002,34.15,0.074999996,0.0,5.6760015,7.2,1
0.0,1.18,1.18,47.369,1.16,8.09,5.907,7.2,1
0.0,3.1949992,9.354997,15.403003,0.0,0.0,3.2929993,7.2,1
0.0,0.7850001,0.93499994,0.9519999,0.7249999,3.1650007,5.722998,7.2,1
0.0,0.39499992,0.80499995,4.1669984,0.0,0.074999996,5.967002,7.2,1
0.0,1.8149995,2.2250006,2.2549994,0.074999996,0.0,3.0750008,7.2,1
0.0,3.24,0.89,5.322,0.0,0.0,5.98,7.2,1
0.0,1.82,1.83,69.992,0.68,7.51,6.069,7.2,1
0.0,1.2049994,0.39499992,1.9099995,0.6649999,1.0949994,1.4759995,7.2,1
0.0,3.76,2.01,22.097,0.0,0.0,5.877,7.2,1
0.0,13.53,3.0,18.107,0.82,14.85,6.056,7.2,1
0.0,0.40499994,1.1400005,3.5430007,0.38499993,1.1650003,3.4249992,7.2,1
0.0,1.09,1.1,25.428,0.53,1.91,3.299,7.2,1
0.0,8.755003,6.835002,23.973997,0.074999996,0.074999996,5.7119985,7.2,1
0.0,0.27500007,0.335,0.8619999,1.3,2.5850008,5.9189982,7.2,1
0.0,3.9,1.07,6.37,0.0,0.0,6.009,7.2,1
0.0,2.2049994,7.1849985,6.1560016,0.4650001,3.2050006,2.7800007,7.2,1
0.0,14.28,14.28,2.518,1.12,77.51,4.846,7.2,1
0.0,1.6400002,5.2849984,8.994997,0.074999996,0.074999996,5.4649982,7.2,1
0.0,0.62499994,1.2750006,6.9359984,0.074999996,0.074999996,5.967002,7.2,1
0.0,6.124998,7.3449984,5.3050017,0.074999996,0.0,5.9889984,7.2,1
0.0,2.38,2.38,39.728,0.52,7.21,5.827,7.2,1
0.0,1.965,0.75499994,3.0229993,0.19499993,0.27500007,4.3919983,7.2,1
0.0,1.0850005,2.8550007,3.1950006,0.56500006,2.1649992,3.3129992,7.2,1
0.0,0.98,0.99,14.392,0.0,0.0,3.296,7.2,1
0.0,0.5450001,0.7049999,0.16499996,0.015,0.0,3.3460007,7.2,1
0.0,1.2949995,1.6749995,0.20099993,0.074999996,0.0,1.8699995,7.2,1
0.0,1.0949994,3.1350007,7.041002,0.074999996,0.044999998,5.8789983,7.2,1
0.0,2.5349994,8.285003,14.532003,0.074999996,0.0,5.8629985,7.2,1
0.0,1.0850005,3.1949992,13.641003,0.32999995,3.6400006,4.4710016,7.2,1
0.0,2.0449998,8.095003,12.073997,0.39499992,3.7650006,6.0159984,7.2,1
0.0,0.89,0.89,22.401,0.73,2.16,3.327,7.2,1
0.0,1.1850005,2.7350006,8.345003,0.81500006,7.5650015,3.1369994,7.2,1
0.0,2.0749998,1.9399998,11.4489975,0.42999995,4.2850018,5.6040015,7.2,1
0.0,7.29,2.51,6.384,0.0,0.0,2.889,7.2,1
0.0,0.86499995,3.1349993,18.628002,0.8249999,13.955003,6.1870017,7.2,1
0.0,1.5049995,0.8449999,4.4899983,1.3,5.7350016,2.9639993,7.2,1
0.0,2.9549994,7.604998,10.520997,0.074999996,0.0,3.5520008,7.2,1
0.0,1.1550006,2.0350006,7.111998,0.074999996,0.0,3.5139992,7.2,1
0.0,1.005,1.8550005,10.2610035,0.7149999,6.6950016,5.915002,7.2,1
0.0,2.0350006,1.9150006,3.0409994,0.074999996,0.074999996,4.708998,7.2,1
0.0,2.94,0.75,13.961,1.25,17.45,4.749,7.2,1
0.0,2.8549993,13.954997,9.050997,0.0,0.0,3.3039994,7.2,1
0.0,2.3150008,0.92499995,5.032999,0.074999996,0.074999996,5.9699984,7.2,1
0.0,1.5650005,4.4649982,4.7209992,0.06500001,0.715,3.2039998,7.2,1
0.0,2.0349998,6.2049985,11.905999,0.074999996,0.0,5.892998,7.2,1
0.0,0.6550001,0.39499992,1.8290005,0.074999996,0.074999996,5.7719984,7.2,1
0.0,2.86,1.19,17.039,0.55,9.37,5.958,7.2,1
0.0,1.1650006,4.1849985,3.4760008,0.945,3.4549997,3.3329992,7.2,1
0.0,3.3,3.31,1.387,0.84,16.65,6.006,7.2,1
0.0,5.06,2.05,11.926,0.0,0.0,5.818,7.2,1
0.0,3.02,3.02,168.318,0.0,0.0,5.763,7.2,1
0.0,0.115000054,0.115000054,0.21699993,0.0,0.0,3.1720006,7.2,1
0.0,1.21,1.5,31.11,0.0,0.0,3.437,7.2,1
0.0,0.14499998,0.13999999,0.46400005,1.2550005,0.33499992,3.1889994,7.2,1
0.0,2.95,0.75,17.777,1.27,22.58,6.026,7.2,1
0.0,0.7149999,2.4050007,6.5099983,0.074999996,0.0,3.1809993,7.2,1
0.0,2.1649992,6.2849984,6.237002,1.1450006,6.665002,2.8730006,7.2,1
0.0,1.5150006,5.084998,4.3309984,0.0,0.074999996,3.1239994,7.2,1
0.0,0.69500005,0.37499994,1.7580005,1.1450006,1.7249994,5.9359984,7.2,1
0.0,0.23500007,0.4649999,-0.42200008,1.3,0.935,2.5830007,7.2,1
0.0,1.68,0.43,9.986,0.0,0.0,5.944,7.2,1
0.0,0.21499993,0.62499994,3.0090008,0.2850001,1.1850005,5.6820016,7.2,1
0.0,2.5149994,2.5450006,13.473997,0.074999996,0.074999996,5.4159985,7.2,1
0.0,0.8950001,1.0450003,-0.18400007,0.7749999,4.084998,6.052998,7.2,1
0.0,1.005,2.0649996,9.042003,1.2049994,11.744997,4.6800017,7.2,1
0.0,1.66,1.67,65.792,0.21,2.09,5.987,7.2,1
0.0,12.83,3.46,7.374,0.0,0.0,2.41,7.2,1
0.0,1.0750005,3.4749994,14.683003,0.044999998,0.074999996,5.7950015,7.2,1
0.0,0.6449999,1.9350005,10.211003,0.074999996,0.074999996,5.6350017,7.2,1
0.0,2.4950006,2.8049994,3.5009995,0.074999996,0.074999996,5.2779984,7.2,1
0.0,3.47,3.75,44.829,0.0,0.0,2.523,7.2,1
0.0,0.96999997,0.47499993,5.622998,0.074999996,0.074999996,6.1370015,7.2,1
0.0,3.8250008,4.0849996,2.6019993,1.2850006,14.385003,2.9900007,7.2,1
0.0,2.23,2.23,94.965,1.14,15.49,6.091,7.2,1
0.0,5.14,5.15,76.49,0.72,20.52,5.545,7.2,1
0.0,1.5149995,9.984997,9.035003,0.0,0.0,5.6549983,7.2,1
0.0,2.33,2.33,52.803,1.14,16.67,6.276,7.2,1
0.0,0.8349999,2.7449994,14.707003,0.29499993,3.3249993,5.6110015,7.2,1
0.0,0.065,0.055,0.36,0.074999996,0.0,6.045001,7.2,1
0.0,3.8150008,4.205002,0.29899994,0.35499993,3.4250007,3.1390007,7.2,1
0.0,0.17000003,0.14499998,1.1429995,0.31499994,0.24500003,6.165002,7.2,1
0.0,2.8049994,14.674997,9.318998,0.10500006,1.5949994,3.4779994,7.2,1
0.0,0.16499996,0.17499995,1.7299994,0.074999996,0.074999996,2.3969994,7.2,1
0.0,0.92499995,3.0549994,14.311003,0.95499986,14.894997,5.829002,7.2,1
0.0,2.0050006,0.67499995,1.9370005,0.5749999,0.8550001,3.0280006,7.2,1
0.0,7.46,2.47,11.682,0.38,4.44,5.616,7.2,1
0.0,0.9,0.92,40.708,0.34,1.82,5.954,7.2,1
0.0,0.0,0.065,0.08,0.21,0.0,2.0599995,7.2,1
0.0,2.71,0.81,8.917,0.0,0.0,3.29,7.2,1
0.0,0.52,0.4650001,1.6780006,1.2450005,1.8049995,3.4250004,7.2,1
0.0,0.45000002,2.315,1.357,0.63499993,0.7250001,2.7520006,7.2,1
0.0,1.0749995,0.75499994,3.7650006,0.074999996,0.0,3.4139993,7.2,1
0.0,8.58,5.58,51.645,0.0,0.0,6.019,7.2,1
0.0,2.7750006,15.584997,10.419997,0.0,0.0,3.5550008,7.2,1
0.0,1.1750005,3.4449992,16.766003,1.005,15.734997,5.087002,7.2,1
0.0,3.76,1.33,4.373,0.0,0.0,3.288,7.2,1
0.0,1.4549994,0.8349999,4.3889985,0.94499993,3.9549994,2.9929993,7.2,1
0.0,6.09,1.46,4.75,0.0,0.0,3.253,7.2,1
0.0,5.58,1.35,8.27,0.0,0.0,6.172,7.2,1
0.0,2.8750007,3.0249994,7.8330016,0.0,0.074999996,6.1519985,7.2,1
0.0,3.74,3.75,170.056,1.1,24.83,6.035,7.2,1
0.0,2.0250006,3.1850007,1.0340002,0.074999996,0.0,2.8450007,7.2,1
0.0,2.82,1.23,16.919,0.0,0.0,6.0,7.2,1
0.0,4.16,1.0,3.325,0.0,0.0,3.325,7.2,1
0.0,1.5049995,1.7550005,2.6779993,0.074999996,0.074999996,5.840998,7.2,1
0.0,1.5749997,0.7649999,9.810003,0.6450001,7.1950016,6.177002,7.2,1
0.0,2.55,2.56,88.667,0.0,0.0,6.068,7.2,1
0.0,1.8,0.65,10.733,0.0,0.0,5.963,7.2,1
0.0,3.05,1.0,6.04,0.0,0.0,6.101,7.2,1
0.0,0.63499993,1.5049995,1.8139999,0.49499992,0.69500005,3.1910007,7.2,1
0.0,1.1750005,2.1650007,6.9349985,0.9849996,7.5050015,3.2179992,7.2,1
0.0,4.67,11.0,147.508,0.0,0.0,3.258,7.2,1
0.0,3.21,3.27,56.74,0.0,0.0,5.926,7.2,1
0.0,3.6,3.61,96.005,0.59,6.59,3.102,7.2,1
0.0,3.11,3.11,170.926,0.0,0.0,6.197,7.2,1
0.0,3.1850007,3.3449993,5.527002,0.074999996,0.074999996,5.997998,7.2,1
0.0,1.08,1.09,25.706,0.0,0.0,5.865,7.2,1
0.0,3.6,3.83,50.321,1.1,12.96,3.272,7.2,1
0.0,2.02,2.03,36.004,0.0,0.0,3.197,7.2,1
0.0,0.06500001,0.43499994,0.32599992,0.88499993,0.48500007,4.8889985,7.2,1
0.0,0.9050001,4.655001,5.623998,0.074999996,0.0,5.7399983,7.2,1
0.0,2.1050007,2.7349994,0.077,0.074999996,0.0,3.0760007,7.2,1
0.0,1.0949999,3.7150006,6.673002,0.074999996,0.074999996,5.868998,7.2,1
0.0,0.45499992,1.4,4.512998,1.3,5.7150016,3.3519993,7.2,1
0.0,1.8049995,0.62499994,3.3700006,0.94499993,3.0749993,1.7569995,7.2,1
0.0,1.9149995,2.2749994,1.5710006,0.34499994,1.5049995,2.8720007,7.2,1
0.0,0.29499993,0.92499995,2.7560008,0.074999996,0.074999996,3.4449992,7.2,1
0.0,1.4850005,5.915002,23.463003,0.0,0.074999996,5.9300017,7.2,1
0.0,2.2450006,13.794997,7.265002,0.8550001,6.6149983,3.1739993,7.2,1
0.0,1.3550005,1.5550005,7.0039983,0.7749999,1.5550005,1.7310005,7.2,1
0.0,9.71,3.86,7.97,0.38,3.03,3.69,7.2,1
0.0,2.3649993,5.2149982,13.722997,0.4649999,5.395002,5.8849983,7.2,1
0.0,3.0750008,3.2349994,2.8959994,0.074999996,0.074999996,5.4969983,7.2,1
0.0,0.17500004,0.16499996,0.6610001,1.1650006,0.77000004,3.4199994,7.2,1
0.0,2.0750008,1.2350005,12.2280035,0.63499993,6.9650016,5.797002,7.2,1
0.0,0.15,0.115,0.8080001,0.03,0.03,5.962002,7.2,1
0.0,4.72,8.89,126.182,0.0,0.0,5.658,7.2,1
0.0,3.01,0.72,4.311,0.75,3.23,6.072,7.2,1
0.0,0.68499994,2.1749992,6.6259985,1.1350005,7.1750016,3.2809994,7.2,1
0.0,1.5049995,1.0450003,4.8369985,0.7249999,3.2649994,3.1839993,7.2,1
0.0,2.1649992,4.1749983,11.470997,0.074999996,0.074999996,5.3779984,7.2,1
0.0,0.5849999,0.99499995,5.5149984,0.0,0.074999996,6.151002,7.2,1
0.0,2.4,2.41,81.218,0.22,1.99,3.765,7.2,1
0.0,0.45500004,1.1749995,3.2649994,0.074999996,0.0,5.9439983,7.2,1
0.0,1.68,1.68,96.142,0.0,0.0,6.045,7.2,1
0.0,0.024999999,0.19500008,0.23399992,0.82500005,0.09500001,2.1960006,7.2,1
0.0,0.38499993,1.015,5.6209984,0.074999996,0.074999996,6.2000017,7.2,1
0.0,1.5649995,0.7249999,5.3259983,0.75499994,3.7449994,3.3679993,7.2,1
0.0,1.69,0.56,10.449,1.01,10.55,6.183,7.2,1
0.0,16.6,3.4,10.513,0.68,7.15,3.101,7.2,1
0.0,1.9950005,3.8550007,5.861998,1.3,7.7350016,3.0170007,7.2,1
0.0,7.16,1.83,9.393,0.97,9.11,5.337,7.2,1
0.0,1.2049994,1.3650005,1.7820005,1.2150005,4.6949983,3.1910007,7.2,1
0.0,1.33,0.5949999,8.0440035,0.0,0.074999996,6.1800017,7.2,1
0.0,2.1250007,0.68499994,3.7219994,0.074999996,0.074999996,6.0029984,7.2,1
0.0,6.9250016,32.715004,41.968,0.31500006,16.414997,6.0409985,7.2,1
0.0,0.47000003,0.33499992,3.1140006,0.06,0.03,6.092002,7.2,1
0.0,0.80500007,0.9549999,1.2010006,0.7049999,2.8350008,5.1819983,7.2,1
0.0,0.54499996,1.3749995,2.6490006,0.074999996,0.0,2.0070004,7.2,1
0.0,0.645,0.62,2.035,0.015,0.074999996,3.417,7.2,1
0.0,1.1650006,2.4550006,8.288003,0.7750001,7.185002,3.3809993,7.2,1
0.0,1.1549995,0.39499992,3.7540007,0.0,0.044999998,3.1879992,7.2,1
0.0,0.6650001,0.81499994,0.23799993,1.0250001,2.1850007,3.1360006,7.2,1
0.0,0.13,0.115,0.36100003,0.074999996,0.029999997,3.1979992,7.2,1
0.0,0.39499992,0.39499992,5.0039983,0.074999996,0.074999996,5.6750016,7.2,1
0.0,1.5450006,3.6750007,4.9320016,1.0650004,4.8850017,3.2290006,7.2,1
0.0,0.7150001,0.86499995,1.3800005,0.29499993,0.95499986,5.8529983,7.2,1
0.0,2.72,0.8,16.087,0.0,0.0,5.914,7.2,1
0.0,1.85,1.85,41.91,0.0,0.0,3.267,7.2,1
0.0,0.62,0.62,26.561,0.0,0.0,5.884,7.2,1
0.0,0.79499996,2.0050006,2.3100004,1.1650006,2.5050006,3.2170007,7.2,1
0.0,2.1949992,2.6549993,21.186003,0.074999996,0.0,3.2229993,7.2,1
0.0,9.0,2.73,4.318,0.63,2.72,1.972,7.2,1
0.0,2.1150007,1.0650004,6.012998,1.3,7.8050017,2.8549993,7.2,1
0.0,7.2,1.78,10.517,0.0,0.0,5.942,7.2,1
0.0,13.76,3.6,11.182,1.27,14.2,3.106,7.2,1
0.0,3.36,4.0,36.357,1.15,10.49,2.716,7.2,1
0.0,1.09,1.09,48.258,0.0,0.0,5.518,7.2,1
0.0,1.9550005,8.725003,9.049003,0.51500005,5.3049984,4.928002,7.2,1
0.0,3.07,0.72,2.607,0.0,0.0,3.672,7.2,1
0.0,1.39,1.39,20.762,0.0,0.0,5.946,7.2,1
0.0,5.58,2.1,6.393,0.0,0.0,3.119,7.2,1
0.0,1.62,0.47,9.953,0.47,4.68,6.144,7.2,1
0.0,0.5350001,2.5749993,0.51899993,0.014999997,0.0,4.137998,7.2,1
0.0,0.86499995,1.7849995,6.0669985,0.074999996,0.0,3.4499993,7.2,1
1.0,4.395002,4.4850016,41.962,0.074999996,0.0,1.5900005,2.8,1
0.0,3.3050008,3.4649994,7.467002,0.074999996,0.074999996,6.1989985,7.2,1
0.0,1.9950005,2.1449993,5.9100018,0.074999996,0.074999996,5.8649983,7.2,1
0.0,3.55,0.73,4.372,0.0,0.0,6.072,7.2,1
0.0,1.4049995,1.5550005,0.072,0.074999996,0.0,3.7180007,7.2,1
0.0,2.69,0.56,3.304,0.12,0.4,6.007,7.2,1
0.0,1.1449995,5.935002,7.4230003,0.63499993,4.0749984,5.9969983,7.2,1
0.0,1.86,1.86,66.958,0.0,0.0,6.038,7.2,1
0.0,2.6949992,8.505003,16.017998,1.2350005,18.564997,6.0099983,7.2,1
0.0,2.99,3.0,126.223,0.81,13.38,5.524,7.2,1
0.0,1.7249994,8.299997,11.430997,0.074999996,0.0,6.2339983,7.2,1
0.0,1.4750005,3.2150006,4.466998,0.06,0.029999997,3.2739997,7.2,1
0.0,1.9650005,4.4249983,11.565997,0.074999996,0.074999996,6.004998,7.2,1
0.0,0.48500007,0.25499994,0.6689999,0.5849999,0.22500008,3.2250006,7.2,1
0.0,9.69,9.69,478.873,0.0,0.0,6.042,7.2,1
0.0,0.81499994,1.965,5.5089984,0.074999996,0.0,2.8259993,7.2,1
0.0,8.63,1.88,5.613,0.72,4.04,3.189,7.2,1
0.0,2.11,0.86,11.7,0.36,4.21,5.545,7.2,1
0.0,0.0,0.01,-0.28700006,0.0,0.0,5.1080017,7.2,1
0.0,0.9849996,1.1450006,0.76799995,0.074999996,0.0,3.2740006,7.2,1
0.0,3.0150006,1.6350005,9.726003,0.97499967,10.364997,3.2469993,7.2,1
0.0,1.1149995,1.2650006,1.2520006,0.015,0.0,5.3439984,7.2,1
0.0,2.4349992,11.625003,13.8270035,0.14500007,2.9850006,5.8759995,7.2,1
0.0,0.8950001,0.9500001,2.8879993,0.074999996,0.0,5.8789983,7.2,1
0.0,3.4850006,2.3649993,5.052002,1.1450006,5.4050016,2.9050007,7.2,1
0.0,2.6949992,10.635003,10.797003,0.37500006,4.814998,4.0749984,7.2,1
0.0,0.6449999,1.4649994,4.8769984,0.074999996,0.0,3.3119993,7.2,1
0.0,2.2649994,6.004998,7.092002,0.7749999,4.834998,3.1290007,7.2,1
0.0,7.65,4.81,16.34,0.0,0.0,5.483,7.2,1
0.0,2.0450006,0.8249999,7.767998,0.5149999,3.5249994,3.7749994,7.2,1
0.0,1.3950006,4.3449984,4.1399984,0.23500004,1.2550005,3.2379997,7.2,1
0.0,1.1749995,1.3250005,1.0610005,0.074999996,0.0,3.1530006,7.2,1
0.0,0.73499995,1.6249995,5.0889983,0.37499994,1.4749994,3.1129994,7.2,1
0.0,0.74499995,1.9950005,11.4190035,0.074999996,0.074999996,6.093002,7.2,1
0.0,1.6099998,0.7749999,9.984003,0.38500008,4.705002,6.2090015,7.2,1
0.0,3.7550006,2.3849993,12.469003,0.074999996,0.0,3.3499994,7.2,1
0.0,0.63499993,1.5649995,5.164998,0.20499992,0.6050001,3.2699993,7.2,1
0.0,4.05,0.92,5.439,0.0,0.0,5.912,7.2,1
0.0,2.09,3.31,50.701,0.0,0.0,5.746,7.2,1
1.0,5.2,1.5,5.98,0.85,5.08,1.15,2.8,1
0.0,3.36,3.41,120.295,0.91,18.92,6.187,7.2,1
0.0,1.7950006,6.7649984,5.8330016,0.41500008,2.8949993,3.2730007,7.2,1
0.0,0.63499993,2.1649995,6.761998,0.9649999,6.1550016,3.3149993,7.2,1
0.0,1.1450006,3.4150007,3.4800007,0.0,0.074999996,3.3969994,7.2,1
0.0,0.10500006,0.26499993,-0.17400007,0.0,0.0,6.2360015,7.2,1
0.0,1.1550006,3.2749994,13.319003,0.074999996,0.074999996,5.390002,7.2,1
0.0,2.46,2.46,79.466,0.0,0.0,5.176,7.2,1
0.0,1.83,0.47,7.358,0.0,0.0,4.021,7.2,1
0.0,0.6750001,0.8249999,1.5840005,0.9049999,3.6750007,5.9499984,7.2,1
0.0,1.6749995,5.1750016,3.2659993,0.074999996,0.074999996,4.5799985,7.2,1
0.0,2.1649992,9.1950035,11.889003,0.06,0.0,5.6489983,7.2,1
0.0,14.18,2.98,13.534,1.25,16.92,4.542,7.2,1
0.0,4.72,1.62,5.187,0.84,4.36,5.46,7.2,1
0.0,4.3850017,19.105003,24.776997,0.074999996,0.0,5.655998,7.2,1
0.0,1.15,1.16,53.831,0.0,0.0,5.843,7.2,1
0.0,0.0,0.01,-0.29100007,0.0,0.0,2.8250008,7.2,1
0.0,0.29999998,0.57500005,0.9229999,0.074999996,0.037499998,3.0660007,7.2,1
0.0,1.3550005,2.4749994,14.516003,0.074999996,0.0,6.1550016,7.2,1
0.0,1.9950005,5.7149982,6.2990017,0.30500007,2.2950006,3.1670008,7.2,1
0.0,3.0749993,12.545003,18.316998,1.0149995,19.954996,6.005998,7.2,1
0.0,3.36,0.96,5.759,0.68,3.92,6.062,7.2,1
0.0,1.33,3.3,23.862,0.73,5.01,5.162,7.2,1
0.0,1.7350005,3.4049993,19.123003,0.19499993,2.2250006,6.131002,7.2,1
0.0,2.03,2.04,48.903,0.63,4.3,3.36,7.2,1
0.0,6.76,2.38,7.211,0.79,5.7,3.191,7.2,1
0.0,3.9150007,4.0750017,4.9710016,0.074999996,0.074999996,2.9710007,7.2,1
0.0,2.26,2.39,81.923,0.0,0.0,5.813,7.2,1
0.0,2.1949992,7.0350018,31.314003,0.0,0.074999996,4.585002,7.2,1
0.0,3.61,1.01,11.396,0.0,0.0,3.157,7.2,1
0.0,2.9450006,3.1049993,1.6960006,0.074999996,0.0,2.9250007,7.2,1
0.0,9.67,3.05,18.399,0.64,11.78,6.032,7.2,1
0.0,14.16,2.91,17.305,0.4,6.92,5.967,7.2,1
0.0,0.50499994,1.3,2.7620006,0.0,0.074999996,3.3739994,7.2,1
0.0,2.4449992,8.765003,13.059003,0.074999996,0.0,5.466998,7.2,1
0.0,2.0849993,3.0750008,14.178003,0.66999996,8.764997,4.600002,7.2,1
0.0,3.51,0.73,2.432,0.2,0.49,3.332,7.2,1
0.0,0.29000002,1.4550005,1.0069999,0.03,0.0075,3.2089999,7.2,1
0.0,1.015,3.0050006,5.966998,0.50999993,2.6450007,2.037,7.2,1
0.0,1.9050006,5.754998,7.0490017,0.70500004,5.515002,3.7360008,7.2,1
0.0,1.66,1.81,28.503,0.13,0.65,3.004,7.2,1
0.0,2.3150008,3.0349994,2.7089994,0.074999996,0.074999996,5.7609982,7.2,1
0.0,4.97,1.24,3.699,1.12,4.14,2.983,7.2,1
0.0,2.2649994,5.414998,7.1760015,1.0550004,7.0350018,3.1670008,7.2,1
0.0,0.39,0.39,10.524,0.54,0.67,3.203,7.2,1
0.0,0.80499995,0.8249999,9.221003,1.2950006,3.3849993,3.7889993,7.2,1
0.0,0.5949999,0.87499994,8.957003,1.2950006,1.8349994,3.0789993,7.2,1
0.0,0.95499986,4.9050016,6.3389983,0.074999996,0.0,6.1519985,7.2,1
0.0,2.06,2.07,111.91,0.4,4.9,5.947,7.2,1
0.0,1.2849995,5.8850017,8.263997,0.074999996,0.0,5.945998,7.2,1
0.0,0.55499995,1.3450005,7.4109983,0.074999996,0.074999996,6.0160017,7.2,1
0.0,0.48500007,0.62999994,1.0340002,0.074999996,0.0,5.7049985,7.2,1
0.0,0.5250001,0.595,1.7860005,0.074999996,0.0,5.854998,7.2,1
0.0,0.93999994,0.36499992,5.392998,0.29500008,2.0949993,6.289002,7.2,1
0.0,1.3750005,4.9949985,3.8070006,0.0,0.074999996,3.0609994,7.2,1
0.0,1.7150005,2.9650006,8.985003,0.0,0.074999996,3.0749993,7.2,1
0.0,1.2050005,2.5849993,15.571003,0.94499993,16.034998,6.3080015,7.2,1
0.0,7.02,2.98,5.529,1.18,6.52,3.311,7.2,1
0.0,3.0350006,3.1949992,4.7480016,0.61499995,9.755003,5.7779984,7.2,1
0.0,0.62499994,1.4550005,8.250003,0.074999996,0.074999996,6.2420015,7.2,1
0.0,0.38499993,0.44499993,0.55099994,0.23499992,0.15499997,1.6100005,7.2,1
0.0,6.52,2.75,16.702,1.1,18.37,6.073,7.2,1
0.0,1.6349995,0.53499997,5.3959985,0.45499992,2.0050006,3.2739992,7.2,1
0.0,1.5150006,3.8949993,22.553003,0.0,0.074999996,6.014002,7.2,1
0.0,1.7149994,1.8750005,2.9039993,0.19499993,0.72499996,3.2430007,7.2,1
0.0,9.084997,39.705,54.528996,0.73499995,35.865,5.9689984,7.2,1
0.0,5.26,2.1,31.071,0.0,0.0,5.907,7.2,1
0.0,1.06,1.06,32.769,0.0,0.0,3.39,7.2,1
0.0,0.9,0.47499993,5.256998,0.28499994,1.1950005,5.9990015,7.2,1
0.0,0.68,0.68,19.506,0.45,1.84,6.01,7.2,1
0.0,0.14500001,0.12,0.87000006,1.1950005,0.9749999,5.764001,7.2,1
0.0,4.24,0.96,5.655,0.0,0.0,5.953,7.2,1
0.0,2.5250006,1.2350005,3.9029994,1.2750006,4.5149984,3.2250006,7.2,1
0.0,5.34,5.34,282.08,0.76,24.2,5.964,7.2,1
0.0,0.56499994,1.6950005,9.505003,0.074999996,0.074999996,5.9890018,7.2,1
0.0,0.86500007,1.015,-0.11700006,0.074999996,0.0,5.8459983,7.2,1
0.0,1.5049995,0.69499993,2.2029994,0.074999996,0.0075,3.3570006,7.2,1
0.0,1.6649995,0.80499995,5.381998,0.074999996,0.0,3.2109993,7.2,1
0.0,0.87,0.31499994,4.749998,0.074999996,0.0,5.6210017,7.2,1
0.0,0.015000001,0.015000001,-0.15600008,0.0,0.0,5.875002,7.2,1
0.0,2.4949994,3.0050006,13.817997,1.0549995,15.604997,5.603998,7.2,1
0.0,2.23,0.64,13.662,0.9,12.3,6.126,7.2,1
0.0,1.7,1.71,36.701,0.7,7.04,5.919,7.2,1
0.0,0.62500006,0.53499997,2.2220006,1.015,2.0850008,3.3559992,7.2,1
0.0,2.7050006,3.0949993,2.8319993,0.074999996,0.074999996,3.7320006,7.2,1
0.0,1.6250005,6.104998,9.349,1.2150005,10.734997,5.9569983,7.2,1
0.0,7.7,2.11,12.835,0.0,0.0,6.083,7.2,1
0.0,0.39,0.39,13.912,1.18,1.71,3.708,7.2,1
0.0,1.2849998,3.0850008,7.717002,0.074999996,0.059999995,5.802998,7.2,1
0.0,11.1,2.97,17.98,0.38,6.83,6.074,7.2,1
0.0,0.68499994,1.3050005,7.0499983,0.074999996,0.074999996,5.915002,7.2,1
0.0,2.46,0.94,14.614,0.42,6.14,5.941,7.2,1
0.0,1.2149994,0.36499992,1.7410005,0.21499993,0.30499995,5.669998,7.2,1
0.0,0.36500007,0.19499993,1.3839995,0.5249999,0.5850001,3.3909993,7.2,1
0.0,1.56,1.57,31.148,0.41,3.86,6.042,7.2,1
0.0,0.24499993,0.7649999,3.7630007,0.0,0.074999996,5.803002,7.2,1
0.0,0.25499994,0.42499992,1.9459996,0.0,0.074999996,6.0190015,7.2,1
0.0,1.2049994,1.3750005,-0.09000004,0.074999996,0.0,5.8919983,7.2,1
0.0,1.3049995,6.875002,8.148002,0.029999997,0.0,5.8509984,7.2,1
0.0,0.61499995,1.5249995,4.571998,0.30500007,1.8450005,5.5420017,7.2,1
0.0,4.18,0.96,2.792,0.0,0.0,2.939,7.2,1
0.0,0.39499992,0.39499992,4.813998,0.074999996,0.074999996,6.0810018,7.2,1
0.0,6.48,2.2,13.251,0.0,0.0,6.051,7.2,1
0.0,0.27499995,0.4650001,1.4959995,0.8549999,1.1549995,3.0389993,7.2,1
0.0,0.41499993,1.0550004,5.8499985,0.22499993,0.9649999,6.1830015,7.2,1
0.0,1.6850005,5.254998,5.4780016,0.9749999,4.955002,3.2900007,7.2,1
0.0,1.0350002,2.22,8.064003,0.074999996,0.0,3.7409992,7.2,1
0.0,1.3749995,1.5350006,3.5539994,0.074999996,0.074999996,6.0269985,7.2,1
0.0,0.7250001,0.32499993,2.2800007,0.074999996,0.0,3.0189993,7.2,1
0.0,0.34000003,0.21499993,2.1700006,0.0525,0.044999998,6.1430016,7.2,1
0.0,3.8850007,5.504998,1.0570004,0.074999996,0.0,3.0880008,7.2,1
0.0,1.1149995,0.42499992,6.506998,0.53499997,3.1049993,5.606002,7.2,1
0.0,1.9350005,8.415003,6.980002,1.0850005,6.894998,3.7869992,7.2,1
0.0,0.76500005,0.9149999,0.6129999,0.86499995,3.7850006,5.7399983,7.2,1
0.0,2.3350008,2.7549994,1.4220005,0.074999996,0.074999996,5.7269983,7.2,1
0.0,0.32500008,0.47499993,0.15899996,0.50499994,0.8950001,5.5469985,7.2,1
0.0,0.80499995,3.0449994,14.104003,0.35500008,6.1300006,5.9830017,7.2,1
0.0,3.0650008,3.0750008,7.0640016,1.3,24.565002,6.1029983,7.2,1
0.0,3.0149994,5.9449983,16.370996,0.074999996,0.074999996,5.4679985,7.2,1
0.0,2.2150006,14.184997,6.1989985,0.35500008,2.6250007,2.8149993,7.2,1
0.0,0.80499995,2.0849993,9.9450035,0.10500006,1.8750005,5.7680016,7.2,1
0.0,2.9149992,11.495003,16.732998,0.41499993,5.7350016,5.789998,7.2,1
0.0,0.21499993,0.87499994,1.7779995,0.57500005,0.6049999,5.9250016,7.2,1
0.0,2.48,9.49,54.33,0.0,0.0,5.725,7.2,1
0.0,0.975,10.084997,5.802998,0.6450001,4.1549983,6.0120015,7.2,1
0.0,6.1,2.23,36.494,0.11,4.01,5.983,7.2,1
0.0,2.73,3.54,101.676,0.72,8.0,4.068,7.2,1
0.0,6.33,1.35,7.842,1.19,9.33,5.852,7.2,1
0.0,1.4350005,2.6150007,7.366998,0.09500004,1.1949995,2.8419993,7.2,1
0.0,0.36499992,0.61499995,3.1640007,0.0,0.074999996,6.186002,7.2,1
0.0,0.19500008,1.2350005,0.059,0.6000001,0.44500005,2.8620007,7.2,1
0.0,3.5449994,14.275003,21.018997,0.074999996,0.0,5.960998,7.2,1
0.0,1.39,0.39,8.4,0.51,4.28,6.043,7.2,1
0.0,5.92,1.58,5.075,0.0,0.0,3.212,7.2,1
0.0,0.9150001,1.0750005,0.99999994,1.1950005,3.5350006,3.1790006,7.2,1
0.0,4.82,1.81,5.649,0.0,0.0,3.121,7.2,1
0.0,3.9050007,2.4549994,12.048003,0.074999996,0.0,3.1209993,7.2,1
0.0,2.4549994,5.984998,7.4200015,0.074999996,0.074999996,3.0110006,7.2,1
0.0,3.8649993,10.605003,12.492997,0.6049999,6.504998,3.2020006,7.2,1
0.0,2.3050008,2.9050007,3.0129993,0.49499992,2.8050008,2.8010006,7.2,1
0.0,2.1250007,0.9149999,8.492003,0.067499995,0.0,3.9689994,7.2,1
0.0,7.41,2.66,7.582,0.9,6.82,2.85,7.2,1
0.0,6.67,1.61,5.104,0.48,2.45,3.19,7.2,1
0.0,1.9249995,2.1949992,0.34299994,0.074999996,0.0,5.545998,7.2,1
0.0,3.7550006,2.3449993,12.474003,1.1749995,15.764997,3.3519993,7.2,1
0.0,1.6249995,1.7750006,2.1459994,0.33499992,1.3349994,3.1210008,7.2,1
0.0,2.6449993,8.905003,8.457997,0.0,0.0,3.1870008,7.2,1
0.0,1.1549995,1.4500004,2.3049994,0.56499994,3.1350007,5.2509985,7.2,1
0.0,0.8550001,0.98999995,2.1429994,0.56499994,2.6450007,5.8829985,7.2,1
0.0,2.1750007,0.86499995,7.6919985,0.98499995,7.145002,3.5269992,7.2,1
0.0,1.1150005,3.2149994,18.977003,1.1350005,20.125004,6.1430016,7.2,1
0.0,3.36,3.96,-0.492,1.21,16.04,3.945,7.2,1
0.0,0.19499993,0.26,0.70800006,0.99499995,0.79499996,3.0869994,7.2,1
0.0,6.61,2.26,7.321,0.69,5.05,3.254,7.2,1
0.0,3.35,3.35,108.084,0.75,15.17,6.039,7.2,1
0.0,8.005003,5.4450016,16.543997,1.0550004,16.214996,5.7649984,7.2,1
0.0,1.3949995,1.5550005,3.8249993,0.074999996,0.074999996,6.0169983,7.2,1
0.0,0.9949996,0.42499992,3.4790006,0.54499996,1.6850001,3.3959994,7.2,1
0.0,0.97499967,1.1250005,0.26199993,0.9549999,3.4650006,3.7570007,7.2,1
0.0,0.68499994,1.4249995,2.6720006,0.0,0.074999996,2.7159994,7.2,1
0.0,1.3549994,1.5150006,2.7189994,0.26499993,1.5249995,5.7979984,7.2,1
0.0,0.81499994,3.0349994,14.029003,1.1549995,17.424997,5.8080015,7.2,1
0.0,4.79,1.41,3.631,0.66,2.4,2.631,7.2,1
0.0,9.02,3.77,54.34,0.0,0.0,6.024,7.2,1
0.0,2.7049994,8.665003,15.312997,0.7149999,9.824997,5.7189984,7.2,1
0.0,1.8549994,2.3249993,3.6519992,0.074999996,0.074999996,5.5669985,7.2,1
0.0,2.8949993,8.495003,16.877996,0.59,9.984997,5.8839984,7.2,1
0.0,2.4849994,10.485003,8.044998,0.43500006,3.984999,3.2320006,7.2,1
0.0,0.17500007,0.33499992,-0.38600007,1.1500002,1.5849994,5.962001,7.2,1
0.0,0.9549999,2.1350007,6.458998,0.80499995,4.8450017,3.0449994,7.2,1
0.0,0.27000004,0.23499992,1.7449995,0.007499999,0.015,6.1420016,7.2,1
0.0,2.1349993,7.254998,6.085002,1.1850005,6.745002,2.8420007,7.2,1
0.0,1.9850005,5.374998,5.9400015,0.074999996,0.074999996,2.9960008,7.2,1
0.0,1.2649995,9.375003,2.5990007,0.0,0.0,2.0709994,7.2,1
0.0,2.0550008,2.2049994,2.0559995,1.3,8.625003,3.2180007,7.2,1
0.0,5.73,1.59,9.519,0.0,0.0,6.025,7.2,1
0.0,0.7350001,0.7849999,0.8529999,0.62499994,0.35500008,1.8699995,7.2,1
0.0,1.63,1.63,53.646,0.0,0.0,3.326,7.2,1
0.0,1.0149995,2.9550006,6.7390018,0.074999996,0.059999995,6.038998,7.2,1
0.0,0.485,0.37499994,3.1480007,0.074999996,0.0525,6.1560016,7.2,1
0.0,1.97,0.63,10.878,0.62,6.74,5.522,7.2,1
0.0,1.2550005,2.5049994,10.895003,0.015,0.074999996,6.0370016,7.2,1
0.0,4.3,1.99,11.834,0.0,0.0,5.947,7.2,1
0.0,0.38499993,1.6049994,2.7660007,0.074999996,0.0,1.4070005,7.2,1
0.0,0.035,0.01,0.14499998,1.1050005,0.009999998,3.5749993,7.2,1
0.0,0.20499992,0.45499992,2.1690006,0.0,0.074999996,5.980002,7.2,1
0.0,2.6550007,1.5450006,7.515999,0.50499994,3.3349993,5.948002,7.2,1
0.0,4.84,1.15,6.692,0.77,5.15,5.819,7.2,1
0.0,0.44499993,1.2449995,3.4630008,0.074999996,0.074999996,2.9989994,7.2,1
0.0,2.66,3.05,59.748,1.29,20.24,5.899,7.2,1
0.0,8.16,2.14,12.517,0.2,2.5,5.849,7.2,1
0.0,2.1750007,3.1250007,2.4419994,0.7649999,5.354998,3.4250007,7.2,1
0.0,2.15,2.15,36.538,0.99,11.61,5.453,7.2,1
0.0,5.995002,23.865004,35.69,1.3,43.885,5.940998,7.2,1
0.0,0.40499994,0.8549999,4.4909983,0.0,0.074999996,6.0050015,7.2,1
0.0,3.0699997,3.1650007,10.823001,0.49499992,4.6350017,3.5999997,7.2,1
0.0,1.1649995,1.3150005,3.1069994,0.074999996,0.0,5.8709984,7.2,1
0.0,1.4149995,0.87499994,4.532998,0.074999996,0.0,3.1679993,7.2,1
0.0,1.2050005,4.8249984,6.7020016,0.87499994,5.2249985,5.789998,7.2,1
0.0,0.8550001,0.98999995,2.2829993,0.30499995,1.1849995,5.8369985,7.2,1
0.0,0.48499992,1.4150006,7.762998,1.0549995,8.934997,5.9240017,7.2,1
0.0,2.1,2.21,43.602,0.69,4.86,3.355,7.2,1
0.0,1.9149995,0.8449999,5.748998,1.2350005,6.835002,3.0019994,7.2,1
0.0,3.74,1.32,12.051,0.0,0.0,3.222,7.2,1
0.0,2.83,0.74,6.78,0.83,5.63,2.396,7.2,1
0.0,2.8250008,2.9749994,3.5159993,0.074999996,0.074999996,3.0950007,7.2,1
0.0,2.7449994,6.2849984,14.839997,0.074999996,0.0,5.4549985,7.2,1
0.0,5.1150017,20.245003,16.318996,0.074999996,0.0,3.1480007,7.2,1
0.0,2.07,2.62,49.838,0.64,3.88,2.929,7.2,1
0.0,0.16500007,1.9250005,0.20399992,0.74499995,0.57500005,3.982999,7.2,1
0.0,0.6649999,1.1849995,1.8850002,1.1250005,1.8749995,3.0690007,7.2,1
0.0,1.0649995,0.69499993,3.7590008,0.074999996,0.0,3.4379992,7.2,1
0.0,2.6650007,2.8149993,0.5529999,0.21499993,2.1750007,5.794998,7.2,1
0.0,0.49499992,1.4250005,7.907998,0.074999996,0.074999996,5.988002,7.2,1
0.0,1.0299996,1.1650006,11.237003,1.005,3.2849994,3.2459993,7.2,1
0.0,1.38,1.38,25.247,0.0,0.0,2.899,7.2,1
0.0,0.37500006,1.2850006,0.70399994,0.029999997,0.0,2.9290006,7.2,1
0.0,1.2149994,1.3750005,-0.16300008,0.31499994,0.95499986,3.2540007,7.2,1
0.0,0.99499995,20.504997,2.7520006,0.0,0.0,3.1479993,7.2,1
0.0,0.42499992,4.2550015,3.3560007,0.57500005,2.3049994,3.1939993,7.2,1
0.0,0.19000006,0.16499996,0.7010001,0.044999998,0.0075,3.1789994,7.2,1
0.0,1.4849994,1.6350005,1.7780005,0.7249999,6.004998,5.9169984,7.2,1
0.0,7.21,2.86,8.686,0.14,1.22,3.048,7.2,1
0.0,0.9150001,1.0650004,0.139,0.074999996,0.0,3.2240007,7.2,1
0.0,5.36,1.26,7.441,0.0,0.0,5.906,7.2,1
0.0,1.5150006,3.0849993,18.238003,0.074999996,0.029999997,6.179002,7.2,1
0.0,2.27,2.3,87.191,0.0,0.0,5.674,7.2,1
0.0,7.76,7.77,12.154,1.04,49.0,6.072,7.2,1
0.0,6.81,3.03,12.837,1.22,15.66,5.606,7.2,1
0.0,10.9,4.01,9.564,0.0,0.0,3.209,7.2,1
0.0,1.1349995,1.2850006,2.2429993,0.074999996,0.0,6.012998,7.2,1
0.0,1.5049995,0.8549999,4.7509985,0.9549999,4.3250017,3.1289992,7.2,1
0.0,1.3650005,3.1550007,12.354003,1.0149995,13.624997,3.9959993,7.2,1
0.0,1.0550004,2.9599998,9.254004,0.0,0.0,3.2589993,7.2,1
0.0,2.6650007,2.8449993,1.7010006,0.074999996,0.0,2.7900007,7.2,1
0.0,2.9,1.21,17.23,0.0,0.0,5.941,7.2,1
0.0,0.7049999,1.6150005,5.940998,0.0,0.074999996,5.3060017,7.2,1
0.0,3.1849992,6.4349985,18.028,0.074999996,0.074999996,5.716998,7.2,1
0.0,0.88500005,1.4350005,-0.029999994,0.074999996,0.0,1.7989994,7.2,1
0.0,1.73,0.5,10.533,0.81,8.53,6.088,7.2,1
0.0,1.6250005,4.4749985,16.182003,0.27500007,5.6299987,5.6810017,7.2,1
0.0,0.49499992,2.1250007,4.078998,0.0,0.074999996,3.8169994,7.2,1
0.0,0.6450001,2.1450007,4.270002,0.074999996,0.0,5.7509985,7.2,1
0.0,0.0,0.01,-0.37500006,0.0,0.0,6.1750016,7.2,1
0.0,6.49,2.24,13.234,0.14,1.85,5.935,7.2,1
0.0,2.1250007,1.8750005,6.4289985,0.9649999,5.8650017,3.0309994,7.2,1
0.0,8.09,2.71,14.651,0.29,4.25,5.768,7.2,1
0.0,2.2749994,5.8649983,12.776,0.8349999,9.784997,5.7319984,7.2,1
0.0,0.5949999,1.0850005,5.8119984,0.55499995,2.9850001,5.962002,7.2,1
0.0,1.6149995,1.0650004,5.6599984,1.3,7.245002,3.4679992,7.2,1
0.0,3.5050006,3.6649992,3.4509993,0.074999996,0.074999996,5.907998,7.2,1
0.0,7.31,3.27,5.853,1.0,5.85,3.13,7.2,1
0.0,0.25500008,1.1149995,2.026,0.81499994,1.3649995,5.8369985,7.2,1
0.0,0.029999997,0.13500006,0.23299995,0.20500007,0.015,3.0580006,7.2,1
0.0,3.4,1.2,6.979,1.26,8.79,5.965,7.2,1
0.0,1.1450003,3.6950006,6.1750016,1.2850006,7.455002,5.4699984,7.2,1
0.0,1.3849995,1.5350006,2.1899993,0.074999996,0.0,3.0580006,7.2,1
0.0,0.115000054,0.115000054,0.5889999,0.022499999,0.0,5.813998,7.2,1
0.0,1.5149995,1.6650006,2.5669994,1.1950005,10.435003,5.8249984,7.2,1
0.0,0.76500005,0.91999996,1.9770005,0.074999996,0.0,5.9319983,7.2,1
0.0,1.2349994,0.8249999,3.4630008,0.32499993,0.80500007,2.7759993,7.2,1
0.0,1.2650006,6.3449984,3.9749994,0.0,0.0,3.4779994,7.2,1
0.0,1.87,3.8,49.435,0.74,8.08,5.842,7.2,1
0.0,0.48499995,1.2149994,1.5340005,0.029999997,0.0,3.2560005,7.2,1
0.0,0.92499995,1.7149994,5.139002,0.8349999,3.7750006,5.8829985,7.2,1
0.0,1.66,2.01,35.673,1.16,6.07,3.15,7.2,1
0.0,2.0050004,7.564998,6.2410016,0.94499993,6.3650017,3.1200006,7.2,1
0.0,8.98,3.3,10.686,0.0,0.0,3.248,7.2,1
0.0,1.28,1.29,56.733,1.02,7.31,5.598,7.2,1
0.0,0.33500007,0.20499992,1.2719995,0.81499994,0.9250001,3.3599994,7.2,1
0.0,1.1450006,2.0549996,10.979003,0.25499994,1.9299996,5.686002,7.2,1
0.0,7.48,2.76,14.215,0.16,2.27,5.778,7.2,1
0.0,1.965,1.1150005,6.249998,0.074999996,0.0,3.1749992,7.2,1
0.0,4.38,4.51,103.499,0.65,9.24,3.245,7.2,1
0.0,0.835,0.28499994,4.6489983,0.0,0.074999996,6.0550017,7.2,1
0.0,0.76,0.77,17.443,0.0,0.0,3.254,7.2,1
0.0,1.2999998,1.4050006,11.404003,0.074999996,0.0,3.1829994,7.2,1
0.0,1.7249994,2.0150003,2.1619992,1.2450005,11.655003,5.492998,7.2,1
0.0,0.97,0.5849999,5.7509985,0.074999996,0.0,5.901002,7.2,1
0.0,1.47,1.48,42.986,0.0,0.0,5.897,7.2,1
0.0,2.0950007,2.2549994,3.4179993,0.074999996,0.067499995,3.2540007,7.2,1
0.0,1.1050005,2.1049993,11.690003,0.074999996,0.074999996,5.8710017,7.2,1
0.0,1.9,1.9750005,11.310003,0.6449999,1.8350005,1.7030005,7.2,1
0.0,8.67,1.99,5.511,0.27,1.49,3.167,7.2,1
0.0,0.13999999,0.110000014,0.404,0.50499994,0.22999994,3.1829994,7.2,1
0.0,2.0950007,0.81499994,2.7799993,0.074999996,0.0,3.6300006,7.2,1
0.0,0.39499992,1.0750005,5.4709983,0.0,0.074999996,5.6210017,7.2,1
0.0,2.5850008,3.9949987,4.3980017,0.074999996,0.074999996,3.2050006,7.2,1
0.0,1.8449994,2.035,1.5610005,0.074999996,0.0,2.6840007,7.2,1
0.0,0.93499994,2.0750008,7.091998,0.074999996,0.0,3.4239993,7.2,1
0.0,0.94499993,2.6550007,5.9689984,0.074999996,0.0,2.8349993,7.2,1
0.0,1.9850005,9.115003,6.770002,0.41499993,2.2050006,3.5799994,7.2,1
0.0,2.51,2.52,55.931,0.0,0.0,5.806,7.2,1
0.0,2.2350006,2.9549994,0.35399994,1.0650004,12.685003,5.5029984,7.2,1
0.0,1.28,1.28,14.833,0.43,1.85,3.36,7.2,1
0.0,2.5949993,3.1650007,14.582003,0.074999996,0.074999996,5.7409983,7.2,1
0.0,0.99499995,2.0150006,6.8099985,0.9050001,6.8250017,3.3689992,7.2,1
0.0,1.4949995,1.6450006,0.122,0.074999996,0.0,1.1329994,7.2,1
0.0,0.53499997,1.4550005,7.8559985,0.73499995,5.3050017,5.8640018,7.2,1
0.0,1.73,0.48,10.605,0.94,9.97,6.13,7.2,1
0.0,3.82,1.88,23.014,0.0,0.0,6.025,7.2,1
0.0,0.8350001,2.8349993,-0.069000006,0.074999996,0.0,3.0810006,7.2,1
0.0,1.1349995,1.4350005,1.0680004,0.074999996,0.0,3.0500007,7.2,1
0.0,1.95,1.95,40.885,0.18,1.15,3.281,7.2,1
0.0,9.52,3.0,9.773,0.75,7.33,3.258,7.2,1
0.0,0.19500008,0.19500008,0.6999999,0.074999996,0.0,5.8059983,7.2,1
0.0,3.19,1.31,7.931,0.0,0.0,6.054,7.2,1
0.0,1.9049995,2.0549996,4.8450017,0.32499993,2.9000003,5.8369985,7.2,1
0.0,1.1550006,3.9649994,3.3010006,0.42500007,1.7650006,3.2009993,7.2,1
0.0,2.2449994,8.235003,10.7870035,0.36499992,3.0750008,4.9309983,7.2,1
0.0,0.57,0.58,26.686,0.0,0.0,5.837,7.2,1
0.0,1.72,1.74,23.838,0.0,0.0,5.985,7.2,1
0.0,0.37499994,4.1950016,2.6780007,0.18500006,0.79499996,3.0669994,7.2,1
0.0,0.35000002,1.8750005,1.155,0.0,0.0,2.9640007,7.2,1
0.0,4.605002,23.405003,26.336996,0.0,0.0,5.721998,7.2,1
0.0,5.75,1.55,9.163,0.94,8.61,5.95,7.2,1
0.0,2.0250006,2.395,1.3740005,0.6549999,3.3250008,2.7200007,7.2,1
0.0,2.66,0.89,15.666,1.26,19.74,5.889,7.2,1
0.0,2.23,2.24,23.734,1.29,13.07,4.544,7.2,1
0.0,3.4149992,8.005001,45.131004,0.0,0.0,5.9840016,7.2,1
0.0,1.9049995,2.2049994,1.8190005,0.074999996,0.0,2.7880006,7.2,1
0.0,3.11,0.85,17.623,0.0,0.0,5.667,7.2,1
0.0,3.15,3.15,106.337,1.02,19.3,6.006,7.2,1
0.0,7.52,2.68,16.27,0.28,4.56,6.071,7.2,1
0.0,10.88,2.53,15.856,0.0,0.0,6.267,7.2,1
0.0,5.69,5.69,139.482,1.29,23.98,3.267,7.2,1
0.0,1.1550006,1.8949995,6.373998,1.1149995,7.745002,3.3489993,7.2,1
0.0,1.1649995,0.5849999,3.7170007,0.0,0.074999996,3.1329994,7.2,1
0.0,0.95,3.25,21.931,0.0,0.0,5.025,7.2,1
0.0,0.36499992,1.1450006,6.2659984,0.074999996,0.074999996,6.001002,7.2,1
0.0,7.86,1.73,7.665,0.45,3.45,4.431,7.2,1
0.0,2.8450007,2.9949994,1.1390005,0.074999996,0.0,5.3589983,7.2,1
0.0,1.11,1.11,34.512,0.57,2.03,3.201,7.2,1
0.0,0.98499995,2.9849994,16.991003,0.074999996,0.074999996,5.9400015,7.2,1
0.0,3.0449994,15.215003,16.026997,0.0,0.0,5.295998,7.2,1
0.0,5.8850017,28.855003,34.264004,0.0,0.0,5.834998,7.2,1
0.0,2.1949992,7.2149982,6.2730017,0.0,0.0,2.8490007,7.2,1
0.0,5.36,1.65,5.411,1.04,5.63,3.279,7.2,1
0.0,0.74500006,0.9049999,1.1220006,0.074999996,0.0,3.0400007,7.2,1
0.0,0.6649999,1.8149995,1.9339997,0.074999996,0.0,3.4139996,7.2,1
0.0,1.53,1.53,22.36,0.0,0.0,5.747,7.2,1
0.0,3.48,3.48,89.982,0.74,15.84,6.151,7.2,1
0.0,0.13500006,0.29499993,-0.5030001,0.37500006,0.49500006,6.1420016,7.2,1
0.0,5.22,1.5,8.756,0.37,3.24,5.877,7.2,1
0.0,0.48,0.48,26.214,0.55,1.61,6.098,7.2,1
0.0,0.92499995,2.0350006,6.2209983,1.0649995,7.2550015,3.2549994,7.2,1
0.0,2.5749993,8.155003,7.6090016,0.40500003,3.3150008,2.9390006,7.2,1
0.0,1.28,1.28,39.106,0.15,1.16,6.05,7.2,1
0.0,0.5149999,2.2650006,4.7909985,0.51500005,2.9449992,5.422002,7.2,1
0.0,2.9950006,3.1449993,1.6910006,0.074999996,0.0,3.0190008,7.2,1
0.0,3.2249994,13.775003,18.824003,0.0,0.0,5.9249983,7.2,1
0.0,0.74499995,1.3350005,7.1809983,1.0850005,7.4050016,5.8340015,7.2,1
0.0,1.4450005,5.2449985,3.9629996,0.0,0.074999996,3.0219994,7.2,1
0.0,1.1450006,6.064998,1.9429996,0.0,0.074999996,1.9610006,7.2,1
0.0,0.30499995,3.0449994,1.3629994,0.0,0.074999996,2.3579993,7.2,1
0.0,0.40500006,0.49,1.0850005,0.45499992,0.9849996,5.7519984,7.2,1
0.0,2.2150006,1.3650005,7.577998,1.2550005,9.104997,3.4169993,7.2,1
0.0,6.83,3.69,12.382,0.12,1.49,5.786,7.2,1
0.0,8.11,3.18,14.669,0.0,0.0,5.753,7.2,1
0.0,1.9549999,1.2450005,11.616003,0.034999996,1.3650005,5.8340015,7.2,1
0.0,2.4,2.96,115.283,0.57,7.97,5.827,7.2,1
0.0,6.24,3.08,9.553,0.44,4.2,3.102,7.2,1
0.0,1.45,1.45,44.974,0.16,1.37,5.899,7.2,1
0.0,0.50499994,1.4850005,8.477003,1.0649995,9.824997,6.140002,7.2,1
0.0,3.4149992,13.525003,10.891997,1.3,13.775003,3.1640007,7.2,1
0.0,0.17000003,0.19499993,0.46900004,0.96,0.43500003,2.5699992,7.2,1
0.0,1.1849995,0.61499995,7.4029984,0.92499995,6.435002,6.0100017,7.2,1
0.0,0.18500006,0.33499992,-0.23300007,0.0,0.0,5.783002,7.2,1
0.0,1.2150005,5.2550015,21.800003,1.05,23.044996,5.955002,7.2,1
0.0,1.71,1.71,74.955,0.0,0.0,5.718,7.2,1
0.0,0.62499994,2.2949994,11.592003,0.21499993,1.7050005,5.7660017,7.2,1
0.0,2.15,0.6,12.752,0.0,0.0,5.931,7.2,1
0.0,2.8,0.83,1.825,0.0,0.0,2.226,7.2,1
0.0,0.40499994,1.6250005,6.1869984,0.0,0.074999996,5.6170015,7.2,1
0.0,1.1149995,1.2750006,3.4199994,0.28499994,1.4249995,5.927998,7.2,1
0.0,0.9649999,1.8149995,6.1259985,0.074999996,0.0,3.3559992,7.2,1
0.0,1.2050005,2.6150007,3.3620007,0.9649999,3.1049995,2.9820006,7.2,1
0.0,1.4050006,1.8650005,13.811003,0.074999996,0.0,2.043,7.2,1
0.0,9.48,3.37,19.96,0.0,0.0,5.923,7.2,1
0.0,1.76,0.53,10.512,1.17,12.3,5.973,7.2,1
0.0,1.3849995,4.4249983,9.037997,0.074999996,0.074999996,6.063998,7.2,1
0.0,1.6049994,1.7550005,4.1670017,0.074999996,0.074999996,6.2399983,7.2,1
0.0,8.4,2.33,13.753,0.0,0.0,5.928,7.2,1
0.0,0.9250001,2.1149993,0.7099999,0.074999996,0.0,3.3390007,7.2,1
0.0,1.6349995,1.2150005,5.2849984,0.5949999,2.8649993,3.2099993,7.2,1
0.0,0.14499998,0.14499998,1.9640001,0.074999996,0.074999996,3.0889993,7.2,1
0.0,5.53,1.33,7.99,0.0,0.0,6.008,7.2,1
0.0,0.14500007,0.30499995,-0.45500004,1.0149995,1.3349994,5.9570017,7.2,1
0.0,0.33499992,1.1150005,6.473998,0.074999996,0.074999996,6.4330015,7.2,1
0.0,1.08,0.41499993,6.335998,0.4649999,2.5749993,6.0110016,7.2,1
0.0,1.1750005,1.3149995,3.1880002,1.3,4.0650015,2.9399998,7.2,1
0.0,0.5849999,1.2450005,6.879998,0.074999996,0.074999996,6.0190015,7.2,1
0.0,7.04,3.46,2.73,0.0,0.0,1.739,7.2,1
0.0,1.9850005,4.604998,6.4980016,0.074999996,0.044999998,3.2880006,7.2,1
0.0,0.35499993,0.36499992,2.6160007,0.074999996,0.074999996,3.1639993,7.2,1
0.0,4.62,1.03,5.999,1.04,6.24,5.999,7.2,1
0.0,0.82,0.82,43.122,0.0,0.0,5.839,7.2,1
0.0,8.57,13.0,413.464,0.96,49.36,6.0,7.2,1
0.0,0.115000054,0.17000003,-0.31900007,0.7149999,0.23500007,2.4880006,7.2,1
0.0,2.0650008,2.1849997,3.2989993,1.3,8.715003,3.1350007,7.2,1
0.0,1.54,1.54,28.976,0.0,0.0,5.905,7.2,1
0.0,0.9849996,0.39499992,3.1430006,0.29500008,1.1149995,3.1109993,7.2,1
0.0,2.8549993,10.065003,16.649004,0.074999996,0.0,5.940998,7.2,1
0.0,2.1,2.6,57.333,0.27,1.78,3.14,7.2,1
0.0,10.37,3.07,18.718,0.32,5.99,6.097,7.2,1
0.0,2.21,0.63,9.022,0.64,5.77,4.082,7.2,1
0.0,1.9950005,0.80499995,6.2199984,0.074999996,0.0,3.1159992,7.2,1
0.0,4.1949983,4.3450017,4.672002,0.074999996,0.074999996,3.0710006,7.2,1
0.0,1.14,1.15,48.492,1.1,7.68,6.121,7.2,1
0.0,0.8349999,2.0050006,2.3130007,0.48499992,1.0550004,3.0670006,7.2,1
0.0,0.74999994,2.8250008,2.1450007,0.074999996,0.014999997,3.2919993,7.2,1
0.0,2.13,0.75,12.862,0.99,12.73,6.038,7.2,1
0.0,3.1,3.1,172.232,0.32,6.04,6.085,7.2,1
0.0,1.1149995,0.5949999,3.6560006,0.99499995,3.5049994,3.2099993,7.2,1
0.0,2.57,0.66,1.895,0.0,0.0,2.915,7.2,1
0.0,9.25,1.97,11.543,0.76,8.77,5.859,7.2,1
0.0,0.8,0.43499994,4.563998,0.074999996,0.0,5.664002,7.2,1
0.0,8.28,3.48,17.283,0.0,0.0,4.966,7.2,1
0.0,1.8599998,1.9750005,13.652003,0.074999996,0.037499998,3.3439994,7.2,1
0.0,0.32499993,0.33499992,3.5660007,0.014999997,0.0,3.2389994,7.2,1
0.0,1.5649997,1.6850005,12.984003,0.074999996,0.044999998,3.1819994,7.2,1
0.0,0.27499995,0.80499995,4.1069984,0.0,0.074999996,5.804002,7.2,1
0.0,0.33499992,0.98499995,2.9650006,0.074999996,0.074999996,3.4159994,7.2,1
0.0,4.41,1.85,5.698,0.0,0.0,3.08,7.2,1
0.0,2.3349993,8.395003,13.418997,0.7849999,9.544997,5.828998,7.2,1
0.0,1.28,0.62499994,7.479998,0.17500007,1.9650005,5.9770017,7.2,1
0.0,0.065,0.044999998,0.16199997,0.074999996,0.074999996,2.5749993,7.2,1
0.0,2.46,1.18,14.634,0.0,0.0,5.949,7.2,1
0.0,1.76,0.73,10.523,0.0,0.0,5.979,7.2,1
0.0,0.44500005,0.35499993,1.6529995,1.0650004,1.6349995,3.3979993,7.2,1
0.0,1.0549995,1.2150005,1.0880005,0.074999996,0.0,2.2940006,7.2,1
0.0,0.5350001,0.5950001,0.32299992,0.074999996,0.0,1.6819994,7.2,1
0.0,2.41,2.42,59.411,1.11,15.03,5.619,7.2,1
0.0,3.83,1.2,7.456,0.0,0.0,6.213,7.2,1
0.0,0.28499994,0.80499995,4.333998,0.48500007,2.5449994,6.199002,7.2,1
0.0,1.03,1.03,36.173,0.0,0.0,5.776,7.2,1
0.0,3.97,1.27,4.219,0.6,2.53,3.375,7.2,1
0.0,0.38499993,1.2850006,7.063998,0.074999996,0.074999996,5.975002,7.2,1
0.0,1.29,1.3,17.57,0.0,0.0,3.231,7.2,1
0.0,0.015,0.01,0.18999994,1.2349997,0.075000025,5.6749983,7.2,1
0.0,2.04,2.05,99.345,0.0,0.0,5.96,7.2,1
0.0,0.74,0.74,16.879,0.44,1.94,5.972,7.2,1
0.0,2.45,2.46,50.347,0.0,0.0,5.809,7.2,1
0.0,0.4,0.4,19.941,0.0,0.0,6.06,7.2,1
0.0,1.6149995,2.3349993,0.44699994,0.074999996,0.0,5.6529984,7.2,1
0.0,1.48,1.49,48.93,0.0,0.0,6.085,7.2,1
0.0,1.71,0.59,10.25,0.0,0.0,5.994,7.2,1
0.0,0.0,0.01,-0.48700005,0.0,0.0,5.855002,7.2,1
0.0,1.1750005,2.3450007,6.0629983,0.29500008,2.3449993,3.1909993,7.2,1
0.0,3.46,1.4,7.795,1.13,8.81,5.649,7.2,1
0.0,2.7950006,9.394997,0.081,0.8249999,6.8249984,3.1330006,7.2,1
0.0,0.6549999,1.1849995,3.4769993,0.074999996,0.0,5.7909985,7.2,1
0.0,0.8,0.8,30.252,0.0,0.0,5.575,7.2,1
0.0,0.72,0.74,15.158,0.0,0.0,2.239,7.2,1
0.0,0.114999995,0.35500008,0.41099998,0.0,0.03,2.9710007,7.2,1
0.0,1.3999997,0.7749999,8.535003,0.0,0.074999996,6.0960016,7.2,1
0.0,0.6050001,2.6450007,4.0350003,0.88499993,3.1350007,5.748998,7.2,1
0.0,1.3349994,1.4950005,0.94499993,0.03,0.0,5.8119984,7.2,1
0.0,1.8149995,0.86499995,5.1139984,1.0550004,5.165002,2.8209994,7.2,1
0.0,1.2049994,0.67499995,4.1199985,0.074999996,0.0,3.3519993,7.2,1
0.0,1.0950001,0.45499992,6.4169984,0.074999996,0.074999996,6.086002,7.2,1
0.0,1.0049995,0.38499993,1.8860005,0.49499992,0.8349999,5.7669983,7.2,1
0.0,1.005,3.6650007,6.013002,0.074999996,0.059999995,5.9229984,7.2,1
0.0,1.9150006,7.4049983,5.1300015,0.0,0.0,2.6720006,7.2,1
0.0,1.2050005,2.5149994,13.140003,0.074999996,0.074999996,5.975002,7.2,1
0.0,1.9750001,11.374997,6.091998,0.0,0.0,3.0829992,7.2,1
0.0,3.9350007,3.9350007,5.902002,1.005,12.075003,3.1830006,7.2,1
0.0,0.9049999,2.8849993,14.7870035,1.2049994,19.094997,5.835002,7.2,1
0.0,3.2549994,3.2649994,24.011003,0.9149999,8.534997,3.2419994,7.2,1
0.0,2.7750006,1.9250005,17.325003,0.74499995,11.734997,6.1800017,7.2,1
0.0,7.92,3.25,7.671,1.23,9.44,2.779,7.2,1
0.0,2.77,2.78,59.074,1.29,11.05,3.093,7.2,1
0.0,1.6550006,2.9849994,17.608004,0.23499992,2.7550006,6.152002,7.2,1
0.0,2.0850008,1.0550004,2.8369994,0.53499997,1.1949995,4.946998,7.2,1
0.0,1.2349994,1.3850005,3.2829993,0.69499993,4.774998,5.8979983,7.2,1
0.0,0.50500005,1.0850005,0.32899994,0.074999996,0.0,4.183998,7.2,1
0.0,2.1949992,9.055003,6.4520016,0.115000054,1.1349995,2.9330006,7.2,1
0.0,4.5550017,13.715003,24.894997,0.074999996,0.0,5.4649982,7.2,1
0.0,1.1050005,2.7450001,8.902003,0.0,0.0,3.3279994,7.2,1
0.0,0.1,0.089999996,0.28699994,0.52,0.1,3.0889995,7.2,1
0.0,0.41499993,0.9549999,3.0190008,0.9949996,3.3849993,5.232002,7.2,1
0.0,0.87,0.88,36.085,0.11,0.57,5.989,7.2,1
0.0,0.37499994,1.1550006,6.7579985,0.074999996,0.074999996,6.402002,7.2,1
0.0,1.4549994,1.015,4.538998,0.37500003,2.0150003,3.0909994,7.2,1
0.0,5.2449985,6.085002,10.978997,0.074999996,0.074999996,5.7519984,7.2,1
0.0,1.2949995,0.9049999,4.380998,0.074999996,0.0,3.3279994,7.2,1
0.0,1.4449995,2.1150007,2.0509996,0.074999996,0.0,2.7260008,7.2,1
0.0,3.8949993,12.845003,14.314997,1.0750005,14.165003,3.6530006,7.2,1
0.0,2.1349993,4.1749983,12.367,0.5949999,6.5050015,5.927998,7.2,1
0.0,0.87499994,2.6949992,15.894003,0.074999996,0.074999996,6.1700015,7.2,1
0.0,2.44,0.93,14.685,1.21,17.77,6.018,7.2,1
0.0,14.19,4.93,18.802,0.0,0.0,4.052,7.2,1
0.0,3.53,0.89,11.614,0.74,8.59,3.29,7.2,1
0.0,3.0949993,14.295003,18.614002,0.0,0.0,6.1129985,7.2,1
0.0,8.28,1.96,8.121,0.0,0.0,4.165,7.2,1
0.0,1.39,1.4,20.218,0.0,0.0,3.332,7.2,1
0.0,2.1150007,2.2649994,3.2609994,0.074999996,0.074999996,5.787998,7.2,1
0.0,2.1350007,2.5949993,1.0059999,0.074999996,0.0,3.1200006,7.2,1
0.0,3.96,0.88,5.158,0.8,4.13,5.861,7.2,1
0.0,8.84,2.01,12.263,0.75,9.2,6.131,7.2,1
0.0,1.5349995,0.41499993,2.0170002,1.0350002,1.7849995,5.8099985,7.2,1
0.0,3.7450006,8.724997,0.17699996,0.94499993,10.205003,3.0190008,7.2,1
0.0,7.55,3.52,6.153,0.0,0.0,2.772,7.2,1
0.0,3.4649994,11.915003,20.673998,0.074999996,0.0,6.0009985,7.2,1
0.0,5.1549983,3.8949993,12.529997,0.14500007,2.8149993,5.827998,7.2,1
0.0,3.0350006,15.774997,11.170997,0.0,0.0,3.4930007,7.2,1
0.0,7.68,2.06,6.452,0.96,6.19,3.132,7.2,1
0.0,0.8550001,0.955,2.5779994,0.074999996,0.0,5.8979983,7.2,1
0.0,5.23,1.67,4.05,0.75,3.04,2.935,7.2,1
0.0,2.5949993,11.205003,9.298997,0.0,0.0,3.7349994,7.2,1
0.0,2.2450006,0.93499994,4.5819983,0.074999996,0.044999998,5.3399982,7.2,1
0.0,0.665,0.35499993,4.044998,0.98499995,3.8249993,6.1340017,7.2,1
0.0,1.9249995,2.4149992,2.3399994,0.044999998,0.074999996,5.6999984,7.2,1
0.0,1.8549994,1.1050005,11.408003,0.35500008,5.015002,6.0250015,7.2,1
0.0,1.3650005,2.4850006,6.215998,0.0,0.074999996,3.0149994,7.2,1
0.0,2.63,2.64,67.542,0.96,8.06,3.191,7.2,1
0.0,1.2049994,5.774998,7.6810017,0.26499993,1.3749995,5.866998,7.2,1
0.0,4.18,1.08,12.208,1.11,13.55,2.921,7.2,1
0.0,1.26,1.26,57.03,0.0,0.0,5.978,7.2,1
0.0,0.6549999,1.6950005,9.588003,0.36499992,2.8749993,6.040002,7.2,1
0.0,1.5349995,1.7050005,2.0499997,0.074999996,0.074999996,5.583998,7.2,1
0.0,2.34,2.35,42.628,0.34,2.63,3.302,7.2,1
0.0,1.02,1.02,41.8,0.0,0.0,6.027,7.2,1
0.0,1.2449995,1.6750005,0.51399994,0.074999996,0.0,4.9649982,7.2,1
0.0,1.7449995,0.5749999,4.899998,0.074999996,0.0,2.8089993,7.2,1
0.0,2.0650008,12.074997,6.618998,0.18500006,1.6649995,3.2029994,7.2,1
0.0,1.2350005,5.4349985,1.8719995,0.044999994,0.30499995,1.7530005,7.2,1
0.0,1.0550004,2.1250007,7.190998,0.074999996,0.0,3.3929994,7.2,1
0.0,2.57,2.57,103.796,0.11,1.76,6.229,7.2,1
0.0,0.45499992,1.0149995,3.3870006,1.0950005,3.6049993,3.2809994,7.2,1
0.0,2.4,2.41,54.921,0.0,0.0,5.856,7.2,1
0.0,0.74,0.75,37.562,1.19,5.18,5.888,7.2,1
0.0,1.1749995,1.3350005,0.8989999,0.29499993,1.5749995,5.9229984,7.2,1
0.0,0.26500005,0.21499993,1.7799995,0.0075,0.0,6.059002,7.2,1
0.0,0.9849996,0.6649999,3.3020008,0.7649999,2.3599997,3.2609994,7.2,1
0.0,1.6449995,1.1050005,10.344003,0.0,0.074999996,6.133002,7.2,1
0.0,0.125,0.059999995,0.50699997,0.074999996,0.007499997,5.9469995,7.2,1
0.0,1.4350005,4.814998,5.0039983,0.5149999,2.1550007,3.8099992,7.2,1
0.0,2.1250007,1.4150006,1.6690005,0.074999996,0.0,2.6270006,7.2,1
0.0,0.80500007,0.40499994,1.8589995,1.0550004,1.8249995,2.2729993,7.2,1
0.0,0.87499994,1.8949995,6.4229984,0.56499994,3.1050007,3.3899994,7.2,1
0.0,3.9749994,2.6149993,6.9310017,0.074999996,0.074999996,5.4099984,7.2,1
0.0,0.78,0.79,37.993,0.73,3.53,6.191,7.2,1
0.0,2.9850006,36.714996,11.034003,0.0,0.0,3.5550008,7.2,1
0.0,1.5050005,5.9449983,8.729997,1.3,11.324997,5.9769983,7.2,1
0.0,0.18499994,0.36499992,1.6449995,0.49500006,1.0550004,6.218002,7.2,1
0.0,1.2950006,2.3249993,10.641003,0.0,0.074999996,5.8990016,7.2,1
0.0,1.2550005,2.6149993,9.707003,0.074999996,0.0,4.0680017,7.2,1
0.0,0.30500007,1.2450005,-0.33600008,1.2250005,2.4350007,5.677998,7.2,1
0.0,1.8350005,5.9449983,10.306003,1.3,12.844997,5.822998,7.2,1
0.0,5.13,2.28,13.604,0.97,13.2,5.993,7.2,1
0.0,3.0350006,1.3250005,4.9639983,0.6549999,2.8450007,3.9559999,7.2,1
0.0,1.2450005,4.765002,15.243003,0.27499995,2.9850006,3.3409994,7.2,1
0.0,1.0650004,3.0550008,7.006998,0.074999996,0.0,2.5859993,7.2,1
0.0,6.47,3.06,9.663,0.69,6.67,5.522,7.2,1
0.0,1.98,2.47,59.823,0.0,0.0,3.13,7.2,1
0.0,1.9550005,8.475003,5.9110017,0.0,0.0,3.1789994,7.2,1
0.0,0.35500005,1.88,2.3540006,0.074999996,0.0,6.0119987,7.2,1
0.0,1.3749995,1.5250006,1.9240005,1.3,5.4749985,2.9900007,7.2,1
0.0,0.8450001,0.53499997,2.7839994,0.5249999,1.2950006,5.9449983,7.2,1
0.0,1.4649994,0.7249999,4.289998,0.074999996,0.0,2.9089994,7.2,1
0.0,2.35,0.58,1.849,0.0,0.0,3.244,7.2,1
0.0,5.96,1.77,10.675,0.0,0.0,6.031,7.2,1
0.0,2.0650008,1.1150005,6.663998,1.2850006,8.224997,3.2239993,7.2,1
0.0,1.7549995,2.1349993,0.9229999,1.2750006,11.905003,5.380998,7.2,1
0.0,11.28,3.8,21.116,0.89,18.79,5.898,7.2,1
0.0,3.6,4.09,140.102,0.0,0.0,5.751,7.2,1
0.0,1.16,1.16,14.523,0.27,1.83,5.839,7.2,1
0.0,2.62,2.63,50.647,0.0,0.0,5.852,7.2,1
0.0,0.13499999,0.10500003,0.813,1.0650004,0.8899999,6.021,7.2,1
0.0,3.3150008,3.4749994,3.3729994,0.50499994,4.4649982,3.0400007,7.2,1
0.0,0.9049999,4.8649983,4.412998,0.9049999,3.6550007,5.482002,7.2,1
0.0,0.50499994,2.6250007,5.631998,0.0,0.074999996,5.480002,7.2,1
0.0,0.075,0.19500008,0.32799998,0.0,0.03,3.2360008,7.2,1
0.0,2.1949992,9.065003,11.722003,0.074999996,0.0,5.4899983,7.2,1
0.0,1.6749995,0.67499995,1.9770005,0.32499993,0.40500006,3.0950007,7.2,1
0.0,1.51,1.51,58.365,0.81,7.62,6.228,7.2,1
0.0,0.55499995,1.3749995,4.5299983,0.23499992,0.6650001,3.2729993,7.2,1
0.0,1.965,2.1249993,2.1709993,0.6549999,7.2049985,6.076998,7.2,1
0.0,2.65,1.07,16.083,0.0,0.0,6.069,7.2,1
0.0,1.2049999,0.42499992,7.130998,0.074999996,0.074999996,5.982002,7.2,1
0.0,0.44000003,0.22499993,2.7860007,0.0,0.03,6.1620016,7.2,1
0.0,1.5149995,0.61499995,5.209998,0.074999996,0.0,3.3989992,7.2,1
0.0,0.61499995,2.1249993,12.024003,0.074999996,0.074999996,6.006002,7.2,1
0.0,0.62500006,0.40499994,1.7590005,0.067499995,0.0,5.1869984,7.2,1
0.0,1.4149995,1.5650005,1.7670006,0.074999996,0.014999997,3.1180007,7.2,1
0.0,0.21499993,0.62499994,3.2030008,0.18500006,0.92499995,6.145002,7.2,1
0.0,1.9049995,0.6449999,3.5959992,1.3,4.585002,6.1019983,7.2,1
0.0,2.62,3.03,132.381,0.0,0.0,5.977,7.2,1
0.0,1.8549994,2.3650007,0.35399994,0.074999996,0.0,3.1450007,7.2,1
0.0,3.0449994,10.675003,10.019997,0.21500006,2.8050008,3.2730007,7.2,1
0.0,0.88500005,4.7850018,5.7459984,0.074999996,0.0,5.9889984,7.2,1
0.0,0.44499993,1.1450006,6.4629984,0.5949999,3.4749994,6.185002,7.2,1
0.0,0.87,0.40499994,4.695998,0.074999996,0.0,5.376002,7.2,1
0.0,2.0649996,5.6849985,6.3430004,0.9749999,5.7750015,3.1050007,7.2,1
0.0,1.9449997,0.75499994,4.134001,0.6449999,2.4149992,6.0499983,7.2,1
0.0,1.12,1.12,52.695,0.0,0.0,5.809,7.2,1
0.0,3.0,1.12,7.505,0.24,1.8,2.502,7.2,1
0.0,1.1449995,1.2950006,2.4669993,0.074999996,0.0,5.9619985,7.2,1
0.0,0.56499994,0.56499994,8.105003,0.8549999,2.3149993,5.928002,7.2,1
0.0,1.5149995,1.6650006,4.140002,0.4649999,3.5150006,5.709998,7.2,1
0.0,0.62500006,0.785,0.8959999,0.074999996,0.0,3.1080008,7.2,1
0.0,1.9049995,2.3349993,0.9639999,0.074999996,0.074999996,5.848998,7.2,1
0.0,1.53,1.54,34.691,0.87,8.01,6.016,7.2,1
0.0,0.38499993,0.7849999,4.157998,0.0,0.074999996,6.1220016,7.2,1
0.0,0.44500005,0.5949999,0.94899994,0.074999996,0.0,5.9619985,7.2,1
0.0,0.4649999,1.5050005,6.1879983,0.074999996,0.074999996,4.4860015,7.2,1
0.0,0.63499993,1.9850004,6.2929983,0.074999996,0.074999996,3.1809993,7.2,1
0.0,0.37499994,1.0550004,5.1329985,0.074999996,0.074999996,5.389002,7.2,1
0.0,1.04,1.04,28.044,0.0,0.0,3.144,7.2,1
0.0,1.0349995,1.1850005,2.2689993,0.074999996,0.0,6.0889983,7.2,1
0.0,1.9750003,6.1949983,11.116999,0.074999996,0.0,5.669998,7.2,1
0.0,0.38500008,0.47500002,0.9049999,0.074999996,0.0,5.7729983,7.2,1
0.0,5.19,1.27,4.087,0.0,0.0,3.244,7.2,1
0.0,1.1850005,6.374998,16.204002,0.0,0.074999996,4.6100016,7.2,1
0.0,3.3749993,9.645003,19.242996,1.2050005,21.734997,5.7329984,7.2,1
0.0,0.0075,0.024999999,0.121,0.47500002,0.0,4.524998,7.2,1
0.0,0.18499994,0.5949999,1.2469995,0.39999995,0.5249999,3.4649994,7.2,1
0.0,0.49500006,0.6449999,0.54399997,0.8249999,1.2949995,3.1290007,7.2,1
0.0,1.7550005,4.814998,10.105003,0.92499995,8.724997,5.984998,7.2,1
0.0,1.6150005,5.2149982,5.0820017,0.9049999,4.084998,3.1760006,7.2,1
0.0,1.5749995,0.73499995,9.0770035,0.0,0.074999996,5.6220016,7.2,1
0.0,2.4550006,2.6149993,4.791002,0.50499994,6.6950016,6.0099983,7.2,1
0.0,0.44499993,1.4050006,7.2589984,0.8950001,7.185002,5.5890017,7.2,1
0.0,1.8349994,1.9850005,0.9699999,1.0250001,10.085003,5.5219984,7.2,1
0.0,1.8149995,0.6049999,5.723998,0.32499993,1.3749995,3.1429994,7.2,1
0.0,3.7050006,2.6149993,11.589003,0.074999996,0.0,3.1609993,7.2,1
0.0,3.14,3.15,99.481,0.0,0.0,3.276,7.2,1
0.0,3.38,3.38,61.691,0.0,0.0,6.107,7.2,1
0.0,0.7649999,2.8349993,11.550003,0.074999996,0.074999996,5.482002,7.2,1
0.0,1.1249995,1.2850006,1.1680006,0.074999996,0.0,3.2380006,7.2,1
0.0,2.53,2.79,37.991,1.13,7.65,2.677,7.2,1
0.0,0.16500007,0.13999999,0.6229999,0.75499994,0.29500008,5.4049983,7.2,1
0.0,2.28,2.29,38.667,0.0,0.0,6.076,7.2,1
0.0,1.8649995,0.9049999,4.829002,0.074999996,0.074999996,5.722998,7.2,1
0.0,1.45,3.01,25.493,0.77,3.55,3.178,7.2,1
0.0,2.24,0.98,13.218,0.72,9.52,5.901,7.2,1
0.0,4.61,1.19,27.089,1.18,31.97,5.876,7.2,1
0.0,1.18,1.19,14.141,0.0,0.0,5.219,7.2,1
0.0,2.4349992,3.2249994,20.020002,0.76500005,6.9050016,3.5199993,7.2,1
0.0,15.49,6.46,10.016,0.0,0.0,3.2,7.2,1
0.0,1.0950005,1.9250005,10.718003,0.18499994,1.2050002,5.909002,7.2,1
0.0,2.19,0.71,10.811,0.31,3.35,4.937,7.2,1
0.0,2.5250006,2.6749992,3.5239992,0.7649999,5.794998,3.1990006,7.2,1
0.0,2.4950006,3.0049994,3.4989994,0.074999996,0.074999996,4.814998,7.2,1
0.0,4.234998,21.034996,12.805997,0.0,0.0,2.8790007,7.2,1
0.0,1.8650005,4.914998,5.666002,0.074999996,0.074999996,3.0480006,7.2,1
0.0,1.2350005,2.2250006,6.374998,0.0,0.0,2.9939992,7.2,1
0.0,2.3,2.73,91.008,0.55,7.15,5.65,7.2,1
0.0,5.44,2.27,6.701,0.72,4.82,3.35,7.2,1
0.0,2.0650008,0.8349999,4.574002,0.074999996,0.074999996,5.8449984,7.2,1
0.0,0.28499994,0.7749999,4.0349984,0.8450001,3.8549993,6.2090015,7.2,1
0.0,1.8950006,6.2449985,6.317002,0.92499995,5.3850017,3.3550007,7.2,1
0.0,15.88,7.81,16.773,1.26,21.13,4.792,7.2,1
0.0,2.7250006,3.6050007,5.6690016,1.3,19.045004,5.4769983,7.2,1
0.0,2.4650006,2.6249993,2.0629995,0.074999996,0.074999996,3.2550006,7.2,1
0.0,0.86499995,2.9250007,2.0860007,0.074999996,0.0,2.7050002,7.2,1
0.0,3.0150006,3.1649992,4.9910016,0.074999996,0.074999996,5.077998,7.2,1
0.0,1.6349995,1.7950006,1.7910005,1.1250005,6.8849983,3.7990007,7.2,1
0.0,1.3050005,2.8349993,14.181003,0.074999996,0.0,5.823002,7.2,1
0.0,0.31499994,0.8949999,4.603998,0.50500005,2.7849994,5.8520017,7.2,1
0.0,4.36,5.32,82.801,0.65,16.81,5.93,7.2,1
0.0,1.5200002,3.3050008,9.155997,0.45499992,3.3750007,6.019998,7.2,1
0.0,2.6050007,2.7549994,4.8070016,0.56499994,6.3450017,4.696998,7.2,1
0.0,0.93,0.94,39.754,0.64,3.66,6.151,7.2,1
0.0,8.91,2.37,12.836,0.2,2.57,5.439,7.2,1
0.0,2.23,2.35,66.117,0.0,0.0,3.222,7.2,1
0.0,0.31499994,0.625,1.7009995,0.074999996,0.074999996,3.0349994,7.2,1
0.0,1.9950005,9.355003,11.626003,0.8950001,11.424997,6.018998,7.2,1
0.0,0.80499995,1.4649994,4.6659985,0.074999996,0.0,3.1739993,7.2,1
0.0,0.39499992,1.1750005,6.341998,0.074999996,0.074999996,5.909002,7.2,1
0.0,0.5849999,1.8349994,6.122998,0.43499994,2.1550007,3.3199992,7.2,1
0.0,0.70500004,0.86499995,0.31799993,0.074999996,0.0,1.8099995,7.2,1
0.0,1.0649995,1.2150005,0.6549999,1.0450003,6.3649983,5.7459984,7.2,1
0.0,9.11,2.01,11.919,1.29,15.38,5.96,7.2,1
0.0,0.34499994,1.3350005,5.486998,0.0,0.074999996,5.869002,7.2,1
0.0,0.6649999,1.1049994,3.7980006,0.55499995,1.7999996,3.3849993,7.2,1
0.0,6.48,3.28,7.206,0.97,6.99,3.174,7.2,1
0.0,0.47500008,1.4949995,3.3549993,0.6649999,1.8649995,5.8889985,7.2,1
0.0,2.0449998,4.3849983,11.360003,1.2049994,14.714997,3.1489992,7.2,1
0.0,2.8549993,8.665003,16.559004,0.5749999,8.394997,5.907998,7.2,1
0.0,1.5250006,1.9249995,9.225003,1.1949995,5.5650015,3.0559993,7.2,1
0.0,0.29499993,0.92499995,3.0710006,1.1849995,4.0350003,3.8199992,7.2,1
0.0,0.45499992,1.4149995,4.7129984,0.074999996,0.074999996,3.3099992,7.2,1
0.0,1.93,0.57,11.568,0.0,0.0,5.994,7.2,1
0.0,5.46,1.71,4.757,0.0,0.0,2.866,7.2,1
0.0,4.0,1.53,21.445,0.27,5.79,5.361,7.2,1
0.0,2.11,2.54,44.769,0.13,0.8,2.918,7.2,1
0.0,1.4649994,1.7749995,2.023,0.074999996,0.0,2.7590008,7.2,1
0.0,8.49,2.76,16.563,1.15,19.05,6.001,7.2,1
0.0,1.8750005,8.415003,9.697003,0.20500007,2.6650007,5.5040016,7.2,1
0.0,2.3450007,2.3450007,6.0810018,1.0350002,14.485003,6.1939983,7.2,1
0.0,0.13,0.089999996,0.549,0.074999996,0.007499999,5.564998,7.2,1
0.0,2.95,1.1,11.252,0.59,6.64,3.814,7.2,1
0.0,2.1150007,2.2749994,3.4829993,1.3,16.525003,5.7989984,7.2,1
0.0,1.2449995,1.3950006,3.5259993,0.074999996,0.0,5.6159983,7.2,1
0.0,1.5449995,0.6549999,1.3800005,0.21499993,0.10500006,2.1750007,7.2,1
0.0,0.115000054,0.12500007,-0.08500002,0.0,0.0,2.5040007,7.2,1
0.0,10.26,2.15,6.653,1.22,8.12,3.109,7.2,1
0.0,1.72,1.73,78.576,0.0,0.0,5.413,7.2,1
0.0,0.39499992,1.2750006,7.0559983,0.9049999,5.995002,6.0180016,7.2,1
0.0,1.5050005,3.7850006,11.939003,0.49499992,5.125002,3.1959994,7.2,1
0.0,5.32,3.06,14.449,0.59,8.52,5.78,7.2,1
0.0,2.3649993,13.114997,12.757003,0.42500007,6.3449984,5.678002,7.2,1
0.0,3.5350006,19.334997,17.598003,0.115000054,3.2850006,4.820998,7.2,1
0.0,1.02,1.02,21.782,0.0,0.0,5.881,7.2,1
0.0,2.1150007,2.2949994,1.6840005,0.61499995,3.8650007,3.2530007,7.2,1
0.0,0.8449999,2.1750007,6.084998,0.074999996,0.0,3.2019994,7.2,1
0.0,5.79,2.68,35.294,0.0,0.0,6.096,7.2,1
0.0,10.04,2.05,12.028,1.04,12.51,5.896,7.2,1
0.0,3.0150006,3.1749992,0.8819999,0.074999996,0.0,6.0409985,7.2,1
0.0,2.2850006,1.6450006,13.828003,0.074999996,0.074999996,5.9660015,7.2,1
0.0,0.93499994,0.96499974,5.159002,0.074999996,0.074999996,5.8369985,7.2,1
0.0,2.7350006,2.2849994,16.730003,0.074999996,0.074999996,6.0550017,7.2,1
0.0,2.9850006,3.1349993,2.8859994,0.074999996,0.074999996,3.2270007,7.2,1
0.0,0.4650001,0.62499994,0.27399993,0.6049999,0.5950001,2.2770007,7.2,1
0.0,0.8450001,0.99499995,0.82799995,0.7049999,1.8649995,3.2770007,7.2,1
0.0,1.86,0.72,11.372,0.0,0.0,6.114,7.2,1
0.0,0.25499994,0.80499995,4.2979984,0.34500006,1.9150006,6.0650015,7.2,1
0.0,0.19000003,0.68499994,0.747,0.27500007,0.19000006,3.259,7.2,1
0.0,1.8949995,1.3350005,6.110998,0.0,0.074999996,3.2149994,7.2,1
0.0,1.6150005,8.854997,12.199003,0.0,0.0,3.1669993,7.2,1
0.0,0.9849996,1.3350005,0.051,1.0350002,5.414998,5.3239985,7.2,1
0.0,3.77,1.54,21.726,1.04,22.6,5.763,7.2,1
0.0,1.4800004,4.604998,7.927002,0.074999996,0.074999996,5.4549985,7.2,1
0.0,2.2149994,6.9949985,12.193,0.074999996,0.0,5.622998,7.2,1
0.0,3.29,1.26,19.17,0.0,0.0,5.827,7.2,1
0.0,4.99,1.77,16.226,0.0,0.0,3.252,7.2,1
0.0,1.3149995,1.4650005,2.0449998,1.2350005,9.705003,5.9879985,7.2,1
0.0,1.02,1.04,30.129,0.0,0.0,5.933,7.2,1
0.0,1.2650006,3.2549994,14.273003,0.074999996,0.074999996,5.724002,7.2,1
0.0,2.9650006,3.1149993,4.5350018,0.074999996,0.074999996,6.0009985,7.2,1
0.0,1.1850005,3.8450007,3.6060007,0.0,0.074999996,3.3909993,7.2,1
0.0,4.5,1.13,3.35,1.07,3.58,2.991,7.2,1
0.0,0.94499993,1.1050005,0.9269999,0.074999996,0.0,2.3420007,7.2,1
0.0,2.3349993,8.765003,7.651002,1.2249994,9.924997,3.2770007,7.2,1
0.0,2.2449994,5.1949983,6.383002,0.074999996,0.074999996,2.8320007,7.2,1
0.0,2.28,0.47,1.434,0.81,1.16,3.117,7.2,1
0.0,0.30500007,0.45499992,-0.38200006,0.53499997,0.96499974,5.874998,7.2,1
0.0,1.1450006,4.584998,3.2510006,0.0,0.074999996,3.1829994,7.2,1
0.0,1.2549995,0.49499992,7.525998,0.75499994,5.245002,5.790002,7.2,1
0.0,0.49499992,1.2950006,7.110998,0.34499994,2.0150003,6.014002,7.2,1
0.0,0.25000003,0.16499996,1.5589994,0.0,0.0,5.9110017,7.2,1
0.0,10.31,11.99,344.788,0.0,0.0,6.032,7.2,1
0.0,0.40500006,0.56499994,0.71199995,0.93499994,2.5250006,6.2209983,7.2,1
0.0,2.5950007,3.4950006,0.64699996,0.074999996,0.0,3.4590006,7.2,1
0.0,3.3250008,9.474997,4.1210017,0.074999996,0.0,3.1530006,7.2,1
0.0,6.45,1.71,8.68,0.0,0.0,5.711,7.2,1
0.0,1.4849994,1.0450003,5.0929985,0.037499998,0.022499999,3.3879993,7.2,1
0.0,0.5949999,1.3750005,7.5229983,0.6049999,3.9550002,6.0580015,7.2,1
0.0,8.72,2.09,6.555,0.0,0.0,3.151,7.2,1
0.0,0.9050001,0.8549999,2.9700007,0.87499994,2.5149994,3.1819994,7.2,1
0.0,0.20500004,0.75499994,1.4520003,0.074999996,0.0,5.552998,7.2,1
0.0,7.65,1.97,11.932,1.18,14.08,6.057,7.2,1
0.0,0.40500006,0.32499993,2.6250007,0.5849999,1.3199996,5.7000017,7.2,1
0.0,0.14500007,0.54499996,-0.13800007,0.20499992,0.0,2.5110006,7.2,1
0.0,3.7550006,6.104998,2.7999992,0.074999996,0.0,3.0090008,7.2,1
0.0,0.6550001,0.81499994,-0.38600007,0.0,0.0,5.912998,7.2,1
0.0,0.80500007,0.9649999,-0.33200008,0.074999996,0.0,3.0330007,7.2,1
0.0,0.19000006,0.755,1.5370005,0.5749999,0.6550001,5.7729983,7.2,1
0.0,11.7,4.37,20.343,0.0,0.0,4.666,7.2,1
0.0,0.54499996,1.5550005,7.2939982,0.8349999,5.6300006,5.3390017,7.2,1
0.0,3.0650008,2.025,18.343002,0.34499994,5.0450015,5.941002,7.2,1
0.0,0.98499995,2.0750008,3.8300006,0.0,0.074999996,2.8449993,7.2,1
0.0,0.69000006,0.47499993,4.308998,1.0350002,4.2700014,5.9200015,7.2,1
0.0,1.68,1.69,50.173,0.47,4.76,6.027,7.2,1
0.0,2.6250007,2.7949994,2.4569993,0.074999996,0.074999996,3.4790006,7.2,1
0.0,3.9349997,19.734997,11.918997,0.5450001,7.2649984,3.1049995,7.2,1
0.0,2.1650007,1.2650006,13.504004,0.88499993,11.484997,6.1370015,7.2,1
0.0,1.39,1.39,64.997,0.0,0.0,5.847,7.2,1
0.0,0.35500008,0.50499994,-0.3220001,0.0,0.0,2.9690006,7.2,1
0.0,0.55499995,1.0750005,4.155998,0.6649999,2.4400005,4.349002,7.2,1
0.0,3.14,3.14,64.05,0.0,0.0,6.023,7.2,1
0.0,0.38500008,0.38500008,0.75399995,0.39499992,0.42500007,3.3080006,7.2,1
0.0,1.6,1.6,43.208,1.0,5.4,3.372,7.2,1
0.0,4.33,1.22,4.043,0.0,0.0,3.314,7.2,1
0.0,1.4050006,4.584998,14.515003,1.1149995,17.434998,4.5230017,7.2,1
0.0,2.5150006,1.3650005,3.9799993,0.44499993,1.3649995,2.9520006,7.2,1
0.0,0.08,0.0325,0.34399995,1.3,0.39,4.9229984,7.2,1
0.0,0.9549999,0.9649999,10.710003,0.074999996,0.074999996,5.9990015,7.2,1
0.0,0.42,0.43,12.265,0.0,0.0,3.098,7.2,1
0.0,1.64,1.64,46.483,0.0,0.0,3.108,7.2,1
0.0,0.715,0.26499993,3.8910007,0.0,0.0,5.7410016,7.2,1
0.0,0.55500007,0.7149999,-0.35200006,0.074999996,0.0,3.0470006,7.2,1
0.0,1.9049995,9.495003,6.2339983,1.0149995,6.955002,3.2609994,7.2,1
0.0,1.2299995,1.2150005,7.697998,0.044999998,0.074999996,6.1010017,7.2,1
0.0,12.51,3.38,18.501,1.29,23.87,5.474,7.2,1
0.0,2.91,0.89,8.958,0.0,0.0,3.078,7.2,1
0.0,1.1550006,2.1250007,7.1719985,0.35500008,3.0600004,3.4459994,7.2,1
0.0,1.6550006,3.3450007,10.633003,0.23500007,3.3949993,3.2059994,7.2,1
0.0,2.2050006,2.3549993,3.6519992,0.074999996,0.074999996,6.058998,7.2,1
0.0,1.5250006,3.8950007,8.028003,0.81499994,6.0650015,5.5029984,7.2,1
0.0,2.4149992,6.4349985,7.508002,1.3,9.664997,3.1010008,7.2,1
0.0,3.67,2.07,21.357,0.0,0.0,5.819,7.2,1
0.0,2.4349992,8.985003,7.843002,0.70500004,6.1350017,3.2170007,7.2,1
0.0,2.5250006,4.7150016,0.96699995,0.47499993,5.9649982,5.7339983,7.2,1
0.0,2.35,2.57,32.494,0.58,7.53,5.527,7.2,1
0.0,12.46,5.25,28.613,0.28,8.01,5.556,7.2,1
0.0,0.5149999,1.6250005,8.822003,0.074999996,0.074999996,5.8150015,7.2,1
0.0,1.0249995,1.1850005,1.3710005,0.074999996,0.0,2.8540006,7.2,1
0.0,1.0149995,1.1750005,2.4519994,0.7049999,3.7850006,5.5439982,7.2,1
0.0,2.7649994,11.015003,16.328997,1.005,15.194997,5.966998,7.2,1
0.0,7.53,7.53,242.686,0.0,0.0,6.05,7.2,1
0.0,2.09,2.76,35.594,0.41,2.52,2.943,7.2,1
0.0,1.5550005,4.9949985,4.2280016,1.2550005,4.975002,2.7310007,7.2,1
0.0,1.99,3.25,56.666,0.0,0.0,3.221,7.2,1
0.0,5.75,1.2,7.162,0.97,6.95,5.968,7.2,1
0.0,2.2250006,5.3250017,0.19299993,1.1150005,6.3049984,2.5940006,7.2,1
0.0,3.1050007,3.2849994,0.94899994,0.074999996,0.0,3.4070008,7.2,1
0.0,3.19,3.42,142.178,0.0,0.0,5.792,7.2,1
0.0,2.4450006,1.5850005,7.794998,0.5249999,3.6149993,3.1979992,7.2,1
0.0,4.62,1.2,7.107,0.0,0.0,5.923,7.2,1
0.0,3.61,1.13,11.834,0.64,7.57,3.278,7.2,1
0.0,3.98,3.99,88.567,1.05,12.89,3.083,7.2,1
0.0,2.46,0.68,14.307,0.34,4.86,5.816,7.2,1
0.0,1.17,1.18,23.404,0.0,0.0,3.355,7.2,1
0.0,1.2650006,3.1949992,16.253002,0.074999996,0.074999996,5.3250017,7.2,1
0.0,1.0550004,2.5399997,8.279003,0.044999998,0.0,3.4029994,7.2,1
0.0,6.84,2.88,15.491,0.21,3.25,5.379,7.2,1
0.0,0.86499995,2.2849994,12.071003,0.074999996,0.074999996,5.751002,7.2,1
0.0,5.53,5.54,0.749,0.0,0.0,5.448,7.2,1
0.0,3.4250007,2.0549996,11.364003,0.074999996,0.0,3.3429992,7.2,1
0.0,2.1050007,1.0550004,6.6999984,1.3,8.614997,3.1829994,7.2,1
0.0,1.4049995,1.5650005,-0.13200007,0.21499993,1.1449995,5.827998,7.2,1
0.0,3.75,3.75,2.346,1.18,25.43,5.748,7.2,1
0.0,3.75,1.53,22.346,0.0,0.0,5.959,7.2,1
0.0,0.53499997,1.5950005,6.0499983,0.074999996,0.074999996,4.131002,7.2,1
0.0,1.9149995,1.0350002,6.030998,0.074999996,0.0,3.1429994,7.2,1
0.0,1.3549994,1.6500002,0.516,0.074999996,0.0,2.0050006,7.2,1
0.0,2.81,3.36,77.624,0.0,0.0,3.814,7.2,1
0.0,2.5850008,1.5950005,15.953003,0.63499993,9.0549965,6.1010017,7.2,1
0.0,3.1,3.11,100.489,0.0,0.0,4.02,7.2,1
0.0,8.72,2.45,6.245,0.71,4.43,2.96,7.2,1
0.0,0.39499995,5.7149982,0.54200006,0.51500005,0.43499994,1.8380005,7.2,1
0.0,1.99,2.0,51.636,0.96,11.4,5.968,7.2,1
0.0,10.52,2.68,14.925,0.24,3.58,5.59,7.2,1
0.0,4.21,2.02,4.462,0.54,2.41,3.142,7.2,1
0.0,1.2850001,0.48499992,7.6679983,0.0,0.074999996,6.172002,7.2,1
0.0,0.044999994,0.054999992,0.22299993,0.0,0.0,5.6919985,7.2,1
0.0,1.01,1.01,28.432,0.0,0.0,5.839,7.2,1
0.0,0.6650001,2.6050007,4.3940015,0.074999996,0.0,5.7609982,7.2,1
0.0,0.98499995,1.7750006,7.6529984,0.19499993,0.29500008,3.4709992,7.2,1
0.0,1.8750005,3.9749994,10.968997,0.7849999,7.8050017,5.9769983,7.2,1
0.0,1.6049994,2.2149994,-0.14400007,0.39499992,1.6349995,3.1050007,7.2,1
0.0,0.9150001,1.0750005,1.5500005,0.75499994,2.1050007,3.1660006,7.2,1
0.0,2.14,0.61,6.217,0.0,0.0,2.905,7.2,1
0.0,2.72,3.14,75.219,0.77,6.76,3.225,7.2,1
0.0,1.88,1.89,56.032,0.0,0.0,6.095,7.2,1
0.0,0.86499995,2.2849994,12.840003,0.7149999,8.344997,5.9190016,7.2,1
0.0,1.9549999,1.0650004,6.6859984,0.23999998,1.3449994,3.4059994,7.2,1
0.0,1.3349994,8.624997,8.224003,0.0,0.0,5.8109984,7.2,1
0.0,1.0999995,0.45499992,6.7119985,1.2050005,7.745002,5.9260015,7.2,1
0.0,5.024998,6.294998,3.0599992,0.074999996,0.0,3.1310008,7.2,1
0.0,2.62,2.62,62.654,0.0,0.0,5.99,7.2,1
0.0,4.3449984,5.414998,12.412997,0.074999996,0.074999996,5.7469983,7.2,1
0.0,0.80500007,0.35499993,0.9429999,0.074999996,0.0,3.1400006,7.2,1
0.0,1.4450005,3.3249993,19.453003,0.8449999,15.114997,6.1020017,7.2,1
0.0,2.3250008,2.7849994,0.32999992,0.074999996,0.0,3.2920008,7.2,1
0.0,1.3950006,3.4750006,3.9500003,1.25,5.0650015,3.027,7.2,1
0.0,14.16,2.91,16.855,0.0,0.0,5.792,7.2,1
0.0,1.0550004,4.8250017,15.539003,1.1549995,19.284996,4.6140018,7.2,1
0.0,0.7950001,1.3749995,1.9450005,0.36499992,1.2749995,5.256998,7.2,1
0.0,6.92,2.86,14.138,0.7,9.9,5.866,7.2,1
0.0,1.1,2.13,42.849,0.0,0.0,4.564,7.2,1
0.0,7.7,3.04,11.213,0.0,0.0,5.606,7.2,1
0.0,0.62499994,1.5749995,5.195998,0.074999996,0.0,3.2889993,7.2,1
0.0,4.2849984,4.435002,0.99399996,0.074999996,0.0,3.1920006,7.2,1
0.0,1.5550005,3.9050007,7.997,1.1250005,8.484997,5.3389983,7.2,1
0.0,0.9150001,3.0549994,0.72299993,0.37499994,0.7250001,2.6050007,7.2,1
0.0,0.23499992,0.24499993,1.8219994,1.1050005,0.4650001,3.3249993,7.2,1
0.0,2.1549993,2.5049994,15.217003,0.42500007,3.4049993,3.2769992,7.2,1
0.0,2.0549996,6.4249983,5.8850017,0.28000006,2.0549996,2.8590007,7.2,1
0.0,2.3049994,9.055003,12.833002,0.067499995,0.0,5.7069983,7.2,1
0.0,3.9049993,12.885003,22.749996,0.31499994,5.3649983,5.8449984,7.2,1
0.0,0.79499996,1.6749995,4.356002,1.2750006,5.064998,5.8709984,7.2,1
0.0,2.65,2.66,77.1,0.0,0.0,5.511,7.2,1
0.0,0.6049999,1.8650005,10.391003,0.074999996,0.074999996,6.0220017,7.2,1
0.0,7.58,1.85,5.807,0.0,0.0,3.156,7.2,1
0.0,0.55499995,1.8050005,10.188003,0.074999996,0.074999996,6.0420017,7.2,1
0.0,1.06,1.07,29.087,0.31,1.97,6.008,7.2,1
0.0,2.4050007,2.5549994,0.30499995,0.074999996,0.0,5.5019984,7.2,1
0.0,2.1649992,9.075003,12.588003,0.0,0.0,5.9839983,7.2,1
0.0,1.6049994,1.8850003,2.5219994,0.074999996,0.0,3.1000006,7.2,1
0.0,1.4550005,4.6799984,9.789003,0.22500008,3.0349994,3.1769993,7.2,1
0.0,3.83,1.16,6.849,0.0,0.0,5.956,7.2,1
0.0,21.55,4.85,14.887,0.0,0.0,3.294,7.2,1
0.0,0.41500008,1.5050005,0.037,0.0,0.0,2.8640006,7.2,1
0.0,2.05,0.77,12.139,0.0,0.0,5.921,7.2,1
0.0,7.01,3.21,19.557,0.0,0.0,6.093,7.2,1
0.0,14.34,3.88,16.497,0.0,0.0,4.895,7.2,1
0.0,3.0750008,3.4649994,-0.37200007,0.074999996,0.0,3.9550002,7.2,1
0.0,2.1150007,2.7950006,5.2000017,0.074999996,0.074999996,5.4359984,7.2,1
0.0,0.024999999,0.034999996,-0.13700007,0.5950001,0.14500007,3.2750006,7.2,1
0.0,9.17,3.02,17.794,1.21,21.53,5.912,7.2,1
0.0,0.70500004,0.8549999,-0.4700001,1.2550005,5.5349984,6.0169983,7.2,1
0.0,0.7150001,0.5849999,1.6050005,0.015,0.074999996,4.295998,7.2,1
0.0,0.2850001,1.3650005,2.2009993,0.9549999,1.7949995,5.8309984,7.2,1
0.0,1.24,1.25,48.397,0.0,0.0,6.018,7.2,1
0.0,4.3,1.03,2.738,0.0,0.0,2.684,7.2,1
0.0,0.97499967,4.6549983,6.0349984,0.074999996,0.0,5.743998,7.2,1
0.0,2.94,2.94,161.169,0.43,7.73,6.115,7.2,1
0.0,1.1449995,1.3050005,1.2570006,0.074999996,0.0,3.2230008,7.2,1
0.0,1.1149995,0.5149999,4.261998,0.074999996,0.0,3.7199993,7.2,1
0.0,1.7549995,7.5149984,11.227997,0.074999996,0.0,6.019998,7.2,1
0.0,2.0250006,0.99499995,6.136998,0.33499992,1.5449995,3.0329993,7.2,1
0.0,2.5749993,9.005003,8.156997,0.06500001,1.0549995,3.1580007,7.2,1
0.0,7.17,2.5,8.247,0.0,0.0,3.312,7.2,1
0.0,1.3849995,0.7849999,4.590998,0.7049999,3.0149994,3.2709994,7.2,1
0.0,0.88499993,1.4850005,7.7669983,0.074999996,0.074999996,5.6760015,7.2,1
0.0,0.9149999,2.7949994,12.911003,0.80499995,9.5549965,4.849002,7.2,1
0.0,4.8850017,13.975003,29.232998,1.0950005,29.814997,5.986998,7.2,1
0.0,9.45,1.89,6.2,0.0,0.0,3.28,7.2,1
0.0,2.0550008,2.2049994,-0.004000001,0.074999996,0.0,5.486998,7.2,1
0.0,3.45,0.85,2.799,0.0,0.0,3.293,7.2,1
0.0,0.86500007,1.0250001,-0.47600007,0.24500006,1.7649995,6.0539985,7.2,1
0.0,1.5749995,0.6449999,5.2449985,0.074999996,0.0,3.2989993,7.2,1
0.0,2.8599997,2.9049993,22.841003,0.074999996,0.074999996,3.3349993,7.2,1
0.0,1.04,1.05,60.041,0.0,0.0,5.964,7.2,1
0.0,1.0,4.144998,5.8470016,1.3,7.4650016,5.8759985,7.2,1
0.0,1.98,0.63,12.121,0.92,11.15,6.122,7.2,1
0.0,0.51,0.52,13.404,0.19,0.55,5.675,7.2,1
0.0,2.0650008,0.7649999,4.0149984,0.18499994,0.37500006,5.939998,7.2,1
0.0,0.6550001,0.81499994,0.7419999,1.1350005,2.4050007,3.1300006,7.2,1
0.0,0.935,2.7050006,5.9980016,0.4649999,2.2350006,5.788998,7.2,1
0.0,9.09,3.39,16.119,0.0,0.0,5.819,7.2,1
0.0,2.1350007,1.1250005,12.436003,1.0550004,12.334997,5.7360015,7.2,1
0.0,0.24499993,0.55499995,2.6270006,0.0,0.074999996,5.949002,7.2,1
0.0,1.1799998,3.0050006,7.4240017,1.3,9.484997,5.998998,7.2,1
0.0,2.7749994,10.565003,16.947996,0.074999996,0.0,6.1739984,7.2,1
0.0,1.2250005,3.2099998,10.523003,0.23500001,2.7249994,3.4179993,7.2,1
0.0,2.3050008,2.9249992,2.5379994,0.99499995,12.895003,5.848998,7.2,1
0.0,0.29499993,0.47499993,2.1600006,0.0,0.074999996,5.6620016,7.2,1
0.0,2.89,0.75,17.217,0.19,3.27,5.957,7.2,1
0.0,0.39499992,1.1650006,5.801998,0.0,0.074999996,5.467002,7.2,1
0.0,3.02,3.02,149.697,1.2,22.05,6.085,7.2,1
0.0,0.9549999,2.2849994,13.115003,0.18499994,1.5250006,6.0430017,7.2,1
0.0,1.3650005,4.294998,2.4870007,0.47499993,0.9899999,1.9109994,7.2,1
0.0,0.39499992,1.3550005,7.419998,0.8950001,7.3450017,5.9770017,7.2,1
0.0,1.6049994,0.8549999,4.493998,0.074999996,0.0,2.7949994,7.2,1
0.0,5.29,2.31,6.358,0.78,4.96,3.179,7.2,1
0.0,2.0150003,4.7649984,14.765003,1.0349995,16.544996,3.1469994,7.2,1
0.0,1.0449995,1.4749994,1.1890005,1.3,4.4249983,3.0370007,7.2,1
0.0,2.0650008,2.4250007,2.6359994,0.074999996,0.0,3.0660007,7.2,1
0.0,2.9550006,3.1049993,6.4460015,0.30999997,5.2350016,6.005998,7.2,1
0.0,3.1049993,9.385003,18.218996,0.55499995,8.784997,5.912998,7.2,1
0.0,0.9149999,3.4249992,10.915003,0.074999996,0.074999996,3.3649993,7.2,1
0.0,2.54,3.36,106.162,0.75,11.17,5.863,7.2,1
0.0,1.1649995,0.62499994,7.2049985,1.1350005,7.7950015,5.9460015,7.2,1
0.0,2.5149994,6.3249984,8.075997,0.074999996,0.0075,3.2040007,7.2,1
0.0,4.1750016,17.255003,24.456997,0.074999996,0.0,5.8719983,7.2,1
0.0,14.78,3.31,10.598,0.0,0.0,3.202,7.2,1
0.0,2.4350007,2.5849993,6.219002,0.074999996,0.074999996,5.267998,7.2,1
0.0,8.72,1.79,6.455,0.0,0.0,3.689,7.2,1
0.0,2.68,2.95,-0.519,0.98,13.97,5.32,7.2,1
0.0,1.7550004,1.8450005,15.693003,1.1350005,5.5750017,3.1089993,7.2,1
0.0,2.1449993,5.0949984,6.1550016,1.1150005,6.395002,2.8620007,7.2,1
0.0,2.89,3.09,76.906,0.97,16.01,5.711,7.2,1
0.0,3.19,0.68,3.746,0.0,0.0,5.853,7.2,1
0.0,1.3149995,1.4750005,1.6440005,0.074999996,0.074999996,5.7799983,7.2,1
0.0,0.7950001,1.3050005,0.19499993,0.074999996,0.0,1.7349994,7.2,1
0.0,6.53,1.47,8.839,1.03,9.1,6.054,7.2,1
0.0,2.47,3.07,139.356,0.17,2.45,5.824,7.2,1
0.0,10.9,3.03,7.654,0.11,0.84,2.967,7.2,1
0.0,1.12,1.26,21.182,0.1,0.35,3.082,7.2,1
0.0,3.8350008,4.1549983,12.136997,0.7849999,8.634997,3.0100007,7.2,1
0.0,2.26,3.02,30.581,0.64,4.63,3.202,7.2,1
0.0,0.47499993,1.005,5.348998,0.0,0.074999996,5.9070015,7.2,1
0.0,1.9950005,3.5549994,20.539003,0.074999996,0.0,6.0160017,7.2,1
0.0,3.25,3.25,0.559,1.26,15.46,3.776,7.2,1
0.0,0.81999993,0.8449999,5.8769984,0.074999996,0.0,3.4339993,7.2,1
0.0,11.56,3.2,17.444,0.0,0.0,5.451,7.2,1
0.0,8.46,3.18,7.141,0.0,0.0,3.433,7.2,1
0.0,5.5749984,8.095003,6.4250016,0.17499995,3.4849994,5.960998,7.2,1
0.0,3.01,3.3,31.31,0.47,5.09,3.6,7.2,1
0.0,0.47000003,0.26499993,2.9640007,0.0,0.037499998,6.153002,7.2,1
0.0,1.0949994,1.2550005,1.1140006,0.26,1.6949995,5.7509985,7.2,1
0.0,1.8,1.81,58.589,0.0,0.0,5.888,7.2,1
0.0,2.4449992,6.394998,13.299997,0.074999996,0.0,5.504998,7.2,1
0.0,0.085,0.065,0.24799995,0.985,0.21499999,2.9749994,7.2,1
0.0,2.58,2.58,148.589,0.0,0.0,6.245,7.2,1
0.0,1.85,2.81,70.31,0.0,0.0,4.279,7.2,1
0.0,10.34,2.8,16.614,0.0,0.0,5.934,7.2,1
0.0,1.5250003,4.164998,8.601997,0.074999996,0.074999996,5.6859984,7.2,1
0.0,0.27000004,0.17499995,1.6689994,0.28499994,0.44499993,5.888002,7.2,1
0.0,0.37500006,0.5249999,-0.50100005,0.49499992,0.50500005,3.0070007,7.2,1
0.0,1.0700002,0.34499994,6.1989985,0.32499993,1.6450006,6.1080017,7.2,1
0.0,0.76,0.29499993,4.3389983,0.14000003,0.8249999,6.1220016,7.2,1
0.0,2.3550007,13.464997,7.2340016,0.9949996,7.7350016,3.0209994,7.2,1
0.0,2.67,3.0,52.515,0.0,0.0,5.901,7.2,1
0.0,1.8849995,2.035,0.39899993,0.8249999,4.7249985,3.1930006,7.2,1
0.0,2.5249994,5.0349984,14.772997,0.87499994,11.834997,5.9239984,7.2,1
0.0,8.92,2.5,6.305,0.0,0.0,3.152,7.2,1
0.0,1.2550005,4.624998,7.1100016,0.9749999,6.254998,5.886998,7.2,1
0.0,2.05,0.55,12.475,1.08,13.47,6.085,7.2,1
0.0,0.15500008,0.16500007,0.16899996,0.0,0.0,5.7599983,7.2,1
0.0,5.13,1.49,8.86,0.0,0.0,5.986,7.2,1
0.0,0.5149999,1.3850005,4.8039985,0.074999996,0.074999996,3.7989993,7.2,1
0.0,0.7149999,2.1050007,3.4510007,0.5250001,2.1949992,2.8299994,7.2,1
0.0,0.0,2.4050007,0.03,0.9150001,0.085,0.765,7.2,1
0.0,1.4749994,1.6550006,0.16299996,0.074999996,0.0,3.1170006,7.2,1
0.0,2.0,2.01,23.487,0.22,2.04,4.639,7.2,1
0.0,1.9350005,4.8850017,26.298002,0.0,0.059999995,5.5580015,7.2,1
0.0,0.74499995,1.3450005,7.380998,0.074999996,0.074999996,5.9920015,7.2,1
0.0,0.27500004,1.1750005,1.0339998,0.0075,0.0075,3.3549998,7.2,1
0.0,2.61,3.07,30.274,0.51,5.28,3.966,7.2,1
0.0,6.96,3.07,12.309,0.0,0.0,4.319,7.2,1
0.0,1.33,1.62,25.93,0.0,0.0,1.96,7.2,1
0.0,10.19,2.42,14.762,0.0,0.0,6.1,7.2,1
0.0,0.25499994,0.74499995,3.9320006,1.0049995,4.4050016,6.0560017,7.2,1
0.0,4.394998,3.3349993,10.901997,0.53999996,5.5950017,6.3699985,7.2,1
0.0,1.0249995,5.4250016,6.412998,0.6549999,3.6850007,5.822998,7.2,1
0.0,0.7649999,2.1850007,2.0230002,0.074999996,0.0,2.8790007,7.2,1
0.0,2.7950006,3.2150006,7.4070015,0.99499995,15.225003,5.7209983,7.2,1
0.0,3.08,1.14,4.103,0.0,0.0,5.779,7.2,1
0.0,3.2050006,1.5050005,7.372998,0.074999996,0.067499995,5.3444986,7.2,1
0.0,0.18500006,2.5049994,0.15899996,0.0075,0.0,4.4790015,7.2,1
0.0,0.7250001,0.39499992,2.2710006,0.67499995,1.3349994,3.0079994,7.2,1
0.0,0.9250001,0.7049999,5.710998,0.87500006,5.5750017,5.8610015,7.2,1
0.0,0.99499995,1.8049995,5.600002,0.074999996,0.0,5.9299984,7.2,1
0.0,3.2050006,3.6750007,3.8629994,0.7649999,7.1349983,3.1110008,7.2,1
0.0,1.9249995,2.5450006,4.7670016,0.074999996,0.074999996,5.484998,7.2,1
0.0,0.5,0.51,11.712,0.47,1.41,5.99,7.2,1
0.0,2.5250006,1.2950006,7.322998,0.94499993,6.515002,6.1890016,7.2,1
0.0,1.3849995,1.5350006,-0.036,1.0350002,4.4549985,3.1540008,7.2,1
0.0,1.7049994,1.8550005,1.4900005,0.9649999,4.4449983,2.7810006,7.2,1
0.0,1.4550005,2.8550007,8.474003,0.15500008,2.0449998,3.0849993,7.2,1
0.0,3.32,3.33,160.832,0.0,0.0,5.858,7.2,1
0.0,2.9550006,3.0449998,4.8120017,1.0650004,9.375003,3.0770006,7.2,1
0.0,2.55,0.8,14.953,0.62,9.27,5.864,7.2,1
0.0,2.9650006,3.6249993,4.5810018,0.074999996,0.074999996,5.7449985,7.2,1
0.0,0.14500007,0.14500007,0.21299993,0.0,0.0,5.7519984,7.2,1
0.0,2.0649996,8.075003,11.726997,0.27499995,2.2550006,5.7799983,7.2,1
0.0,2.2050006,2.3549993,0.92099994,0.99499995,6.8449984,3.2220006,7.2,1
0.0,2.3749993,7.5949984,7.743002,1.3,9.584997,3.2590008,7.2,1
0.0,2.1950006,1.1150005,5.9699984,1.1450006,6.5450015,5.9440017,7.2,1
0.0,2.39,0.75,14.456,0.0,0.0,6.049,7.2,1
0.0,0.37499994,1.2750006,7.0299983,0.074999996,0.074999996,5.9960017,7.2,1
0.0,1.1150005,3.5849993,21.240004,0.074999996,0.074999996,6.1480017,7.2,1
0.0,1.75,1.76,43.314,1.08,11.54,6.107,7.2,1
0.0,0.18499996,0.13499999,0.758,0.18499994,0.075,5.445998,7.2,1
0.0,1.2499998,0.79499996,7.677998,0.0,0.074999996,6.132002,7.2,1
0.0,1.3249995,1.4850005,3.5749993,0.074999996,0.059999995,6.0159984,7.2,1
0.0,1.4550005,6.624998,4.532998,0.16500007,1.1850005,3.4139993,7.2,1
0.0,0.79499996,2.0449998,11.837003,0.27499995,2.4549994,6.153002,7.2,1
0.0,1.2,2.42,30.938,0.34,2.45,6.013,7.2,1
0.0,0.49499992,1.2250005,6.590998,1.0950005,6.875002,5.922002,7.2,1
0.0,0.13499999,0.13499999,1.1449995,0.0,0.074999996,5.7080016,7.2,1
0.0,1.7849995,0.61499995,6.071998,0.074999996,0.0,3.3799994,7.2,1
0.0,0.6450001,3.3749993,4.404,1.1450006,4.6349983,6.0419984,7.2,1
0.0,2.3750007,2.5249994,3.6759994,0.074999996,0.074999996,4.4959984,7.2,1
0.0,1.3250005,3.7650006,10.594003,0.0,0.0,3.2979994,7.2,1
0.0,1.8950006,3.8750007,12.040003,0.0,0.0,3.1499994,7.2,1
0.0,0.94499993,3.4149992,18.142002,1.1249995,5.855002,5.6090016,7.2,1
0.0,2.45,3.03,30.916,0.82,7.74,3.854,7.2,1
0.0,7.0250015,16.735003,41.059002,0.074999996,0.0,5.8439984,7.2,1
0.0,1.2899998,0.6049999,7.7649984,0.0,0.074999996,6.014002,7.2,1
0.0,1.03,1.04,16.295,0.0,0.0,6.115,7.2,1
0.0,1.1450006,4.4549985,6.433999,0.45499992,2.3850007,5.979998,7.2,1
0.0,2.1750007,2.3349993,4.357002,0.074999996,0.074999996,5.6019983,7.2,1
0.0,21.62,4.79,29.258,0.41,12.0,6.108,7.2,1
0.0,1.1749995,0.8249999,7.2199984,0.067499995,0.074999996,5.9110017,7.2,1
0.0,3.4550006,1.3550005,2.7089994,0.22499993,0.32500008,1.9990004,7.2,1
0.0,3.6450007,4.0549984,5.632002,0.32499993,5.4649982,5.8859982,7.2,1
0.0,0.40500006,1.6349995,3.0399992,1.2250005,3.3350008,6.1019983,7.2,1
0.0,0.7250001,3.0549994,1.7590005,0.074999996,0.074999996,5.6879983,7.2,1
0.0,1.2599996,2.9650006,8.045999,0.074999996,0.074999996,5.9639983,7.2,1
0.0,4.5,1.53,9.072,0.0,0.0,5.929,7.2,1
0.0,0.67499995,3.7250006,12.314003,0.0,0.074999996,5.9190016,7.2,1
0.0,0.14000003,0.79499996,0.911,0.074999996,0.0,5.447,7.2,1
0.0,1.4550005,2.8250008,7.960002,0.074999996,0.074999996,5.6389985,7.2,1
0.0,1.0650004,2.1350007,5.0999985,0.0,0.044999998,2.8569994,7.2,1
0.0,0.6450001,0.79499996,0.75399995,1.2750006,2.7750006,3.2220006,7.2,1
0.0,0.22499993,0.4649999,2.2520006,0.0,0.074999996,6.0420017,7.2,1
0.0,1.6949995,2.0949993,0.31299993,0.074999996,0.0,3.0330007,7.2,1
0.0,1.4849994,0.4649999,4.9019985,0.074999996,0.0,3.2649994,7.2,1
0.0,0.30500007,0.39,0.84699994,0.7849999,1.4849994,5.7009983,7.2,1
0.0,1.3649995,0.5849999,7.7249985,1.0149995,8.574997,5.4920015,7.2,1
0.0,0.53499997,1.5949994,4.8709984,0.6049999,2.5450006,3.0549994,7.2,1
0.0,0.22500008,0.37499994,-0.35600007,1.1600004,1.8349994,5.697998,7.2,1
0.0,0.99499995,3.4050007,2.8450007,0.28999996,0.74499995,3.2489994,7.2,1
0.0,0.37499994,1.1350005,5.9899983,1.0650004,6.0750017,5.797002,7.2,1
0.0,5.79,1.48,35.204,0.0,0.0,6.08,7.2,1
0.0,0.7850001,0.93499994,0.22899993,0.074999996,0.0,6.1259985,7.2,1
0.0,0.6649999,2.0849993,10.001003,0.074999996,0.074999996,2.7549994,7.2,1
0.0,1.03,3.6350007,6.2470016,1.0550004,5.9749985,5.9169984,7.2,1
0.0,9.68,2.08,6.717,0.13,0.87,3.229,7.2,1
0.0,1.4249995,1.5850005,0.43299994,0.8949999,7.024998,5.6949983,7.2,1
0.0,1.2,1.21,49.755,0.29,2.02,5.817,7.2,1
0.0,1.4049995,1.7049994,1.1440005,0.36499992,1.2549995,3.0340006,7.2,1
0.0,0.8549999,2.5249994,14.530003,0.074999996,0.074999996,6.0360017,7.2,1
0.0,0.70500004,0.79499996,2.2769992,0.074999996,0.0,5.938998,7.2,1
0.0,5.58,1.71,10.372,0.0,0.0,6.101,7.2,1
0.0,2.0749993,8.645003,6.1610017,0.0,0.0,2.9680007,7.2,1
0.0,0.23499992,0.45499992,2.1640007,0.0,0.074999996,6.126002,7.2,1
0.0,0.7750001,3.4850006,5.2290015,0.94499993,4.4049983,5.9889984,7.2,1
0.0,0.76500005,0.6049999,1.8209995,0.074999996,0.0,2.3319993,7.2,1
0.0,2.56,0.89,7.537,0.96,7.24,2.944,7.2,1
0.0,1.4950005,5.6749983,4.6779995,0.037499998,0.015,3.3899994,7.2,1
0.0,1.79,1.8,93.061,0.26,2.76,5.937,7.2,1
0.0,0.82500005,0.6549999,2.9480007,0.074999996,0.014999997,3.4339993,7.2,1
0.0,0.22499993,0.36999995,1.6419995,0.0,0.074999996,5.9960017,7.2,1
0.0,0.34000003,0.36499992,0.6,0.074999996,0.03,1.7780005,7.2,1
0.0,0.6600001,0.4649999,4.1949983,0.074999996,0.0,6.006002,7.2,1
0.0,0.5850001,1.5949994,4.1550016,1.2450005,4.6949983,6.1069984,7.2,1
0.0,0.7249999,1.8549994,2.0460007,0.0,0.06,3.1880007,7.2,1
0.0,5.76,2.48,14.757,0.87,12.84,5.974,7.2,1
0.0,1.6250005,6.1349983,4.2210016,0.0,0.0,2.6000006,7.2,1
0.0,1.0249995,0.38499993,1.0370002,0.074999996,0.0,3.0280006,7.2,1
0.0,0.69499993,2.5449994,14.833003,0.074999996,0.074999996,6.1350017,7.2,1
0.0,2.18,0.92,12.949,0.0,0.0,5.94,7.2,1
0.0,1.3649995,0.45499992,1.3240005,0.98499995,1.0649995,3.2120006,7.2,1
0.0,1.04,1.05,19.381,0.52,1.77,3.282,7.2,1
0.0,16.97,3.82,11.903,0.74,8.81,3.124,7.2,1
0.0,1.3749995,1.5250006,1.1560005,0.074999996,0.0,3.2580006,7.2,1
0.0,0.9849996,0.6049999,1.6320006,0.074999996,0.074999996,2.9190006,7.2,1
0.0,16.4,3.55,11.457,0.0,0.0,3.246,7.2,1
0.0,0.5950001,0.27499995,2.1400006,0.074999996,0.074999996,3.3809993,7.2,1
0.0,0.29500008,0.30500007,0.27699995,0.074999996,0.0,2.7470007,7.2,1
0.0,0.5950001,0.32499993,2.1720006,0.074999996,0.044999998,3.4289994,7.2,1
0.0,0.97499967,1.1350005,-0.16300008,0.80499995,2.4250007,3.1890006,7.2,1
0.0,0.56,0.57,10.044,0.97,1.57,2.884,7.2,1
0.0,0.66,0.66,23.437,0.0,0.0,6.176,7.2,1
0.0,1.0649995,1.2250005,2.6309993,0.56499994,3.2350006,5.853998,7.2,1
0.0,1.8849995,1.7750006,6.2249985,1.3,8.134997,3.2889993,7.2,1
0.0,1.89,2.06,20.818,0.0,0.0,2.752,7.2,1
0.0,2.5,0.67,7.658,0.0,0.0,3.063,7.2,1
0.0,0.8249999,1.7449995,5.2309985,0.074999996,0.0,3.2519994,7.2,1
0.0,5.27,2.1,7.061,0.0,0.0,3.716,7.2,1
0.0,2.37,0.94,14.368,1.0,14.37,6.062,7.2,1
0.0,1.7049994,0.7249999,5.807998,1.1450006,6.3650017,3.3799994,7.2,1
0.0,1.3949995,0.7749999,8.825003,1.0450003,8.704997,6.1290016,7.2,1
0.0,0.88500005,2.5750008,5.855002,0.074999996,0.0,5.945998,7.2,1
0.0,8.11,1.97,11.74,1.2,14.09,5.99,7.2,1
0.0,20.98,7.33,43.887,0.83,36.43,5.987,7.2,1
0.0,0.5849999,1.2749995,1.5929995,0.0,0.074999996,1.9280006,7.2,1
0.0,0.25,0.26,8.744,1.05,1.58,6.004,7.2,1
0.0,2.73,2.76,44.833,0.33,5.26,5.837,7.2,1
0.0,4.15,1.58,5.043,0.79,3.98,3.212,7.2,1
0.0,4.62,1.65,2.583,0.0,0.0,2.636,7.2,1
0.0,0.93499994,3.3549993,19.531004,0.074999996,0.074999996,6.052002,7.2,1
0.0,4.68,7.09,150.713,1.21,28.29,4.996,7.2,1
0.0,3.2949994,15.545003,15.536003,0.074999996,0.0,4.7729983,7.2,1
0.0,6.665002,18.485003,39.866997,0.63499993,22.205004,5.9629984,7.2,1
0.0,3.96,3.96,54.344,0.65,8.0,3.109,7.2,1
0.0,1.3250005,6.3649983,3.9370005,0.08500002,0.655,3.2849994,7.2,1
0.0,0.8449999,1.4849994,5.6589985,1.1049994,6.8450017,3.7739992,7.2,1
0.0,2.4950006,3.0249994,4.3970017,0.03,0.074999996,5.6459985,7.2,1
0.0,2.9750006,3.1349993,3.4749994,0.074999996,0.074999996,6.0489984,7.2,1
0.0,3.12,1.22,7.19,0.24,1.73,5.893,7.2,1
0.0,0.7350001,3.0749993,1.0600004,0.03,0.0,3.0920007,7.2,1
0.0,8.03,2.95,7.28,1.12,8.15,3.124,7.2,1
0.0,1.01,2.17,48.905,0.12,0.71,5.887,7.2,1
0.0,1.8949999,1.9950005,12.485003,0.5949999,2.7949994,2.8139994,7.2,1
0.0,3.9549994,3.9849994,27.852003,0.074999996,0.074999996,3.1239994,7.2,1
0.0,0.97499967,1.1350005,2.2669992,0.61499995,3.4050007,6.0549984,7.2,1
0.0,3.0649993,13.245003,7.876002,0.0,0.0,2.5340006,7.2,1
0.0,0.69499993,2.4849994,13.093003,1.0150001,12.844997,5.5620017,7.2,1
0.0,0.50499994,1.6350005,9.014003,0.074999996,0.074999996,5.901002,7.2,1
0.0,7.85,3.12,14.868,1.26,18.73,4.781,7.2,1
0.0,4.664998,2.7949994,12.894003,1.3,16.154997,5.8910017,7.2,1
0.0,2.6250007,2.9149992,3.8259993,0.074999996,0.074999996,4.4019985,7.2,1
0.0,1.5050005,4.025,23.130003,0.0,0.074999996,5.980002,7.2,1
0.0,3.7750006,3.9249992,1.9650005,0.074999996,0.0,3.2180007,7.2,1
0.0,0.41499993,0.7250001,2.4040008,1.3,3.1449995,3.2129993,7.2,1
0.0,0.6049999,1.9750005,11.256003,0.5950001,7.665002,6.0700016,7.2,1
0.0,0.6750001,0.26499993,2.3390007,0.28499994,0.43500006,3.2939994,7.2,1
0.0,0.44500005,0.31499994,0.31599993,0.074999996,0.0,1.2639995,7.2,1
0.0,0.24499993,0.24499993,5.025998,0.074999996,0.0,4.416002,7.2,1
0.0,2.1,2.11,80.413,1.0,11.9,5.665,7.2,1
0.0,1.62,1.97,20.59,0.0,0.0,2.949,7.2,1
0.0,1.68,3.18,22.595,0.96,4.62,2.866,7.2,1
0.0,1.3349994,1.4950005,1.8380005,0.074999996,0.074999996,3.2090006,7.2,1
0.0,0.45499992,1.6349995,3.4300008,0.0,0.074999996,5.3060017,7.2,1
0.0,3.92,1.16,6.934,0.0,0.0,5.978,7.2,1
0.0,1.3850005,6.234998,4.2709985,0.0,0.0,3.3929994,7.2,1
0.0,0.115,0.14499998,0.56500006,0.044999998,0.074999996,5.4390006,7.2,1
0.0,0.7049999,1.4350005,7.8429985,1.0149995,8.704997,5.9400015,7.2,1
0.0,2.0150006,2.3349993,-0.098000035,0.074999996,0.0,3.1220007,7.2,1
0.0,3.61,1.43,4.433,0.0,0.0,3.1,7.2,1
0.0,2.2149994,8.885003,6.013002,0.43500006,2.9550006,2.7000008,7.2,1
0.0,1.5150006,5.2149982,15.617003,1.0149995,17.174997,3.2969992,7.2,1
0.0,15.94,7.51,39.19,0.0,0.0,5.849,7.2,1
0.0,1.3849995,0.62499994,8.479003,1.0349995,9.564997,5.934002,7.2,1
0.0,1.0749995,1.1650001,2.7819993,1.0650004,6.4549985,5.657998,7.2,1
0.0,6.64,2.38,10.489,0.65,6.82,5.732,7.2,1
0.0,10.11,3.0,12.587,0.0,0.0,4.528,7.2,1
0.0,0.51500005,0.67499995,-0.24600008,0.7049999,2.1150007,5.8109984,7.2,1
0.0,3.07,3.08,36.799,0.0,0.0,5.874,7.2,1
0.0,2.17,2.2449994,19.126003,0.074999996,0.0,3.1899993,7.2,1
0.0,0.8549999,2.5449994,13.529003,0.08500002,2.2549994,5.605002,7.2,1
0.0,3.7349994,18.015003,17.225996,0.9150001,17.054996,4.610998,7.2,1
0.0,1.63,0.63,9.937,0.1,0.99,6.096,7.2,1
0.0,4.435002,11.315003,26.089003,0.074999996,0.0,5.925998,7.2,1
0.0,1.1149995,5.2449985,6.961002,0.5149999,2.9550006,5.7119985,7.2,1
0.0,8.61,2.28,7.479,0.0,0.0,3.309,7.2,1
0.0,2.19,2.19,88.305,0.0,0.0,5.982,7.2,1
0.0,3.85,3.85,128.726,0.61,11.44,4.871,7.2,1
0.0,2.0650008,0.9149999,1.6000005,0.074999996,0.0,3.1020007,7.2,1
0.0,0.93499994,2.5749993,13.4520035,0.8449999,10.494997,5.508002,7.2,1
0.0,1.1749995,1.3250005,2.0609994,1.2350005,4.5749984,3.1310008,7.2,1
0.0,1.9149995,2.0749993,3.0409994,0.22499993,0.965,3.1070006,7.2,1
0.0,1.4849994,0.75499994,4.0099998,0.074999996,0.074999996,5.7979984,7.2,1
0.0,3.72,11.59,124.075,0.0,0.0,5.67,7.2,1
0.0,3.2950006,1.4550005,4.4830017,1.1950005,4.8649983,3.1660006,7.2,1
0.0,0.49499992,1.4150006,7.942999,0.7749999,5.685002,6.059002,7.2,1
0.0,1.7350005,4.894998,6.2470016,0.067499995,0.074999996,3.6430006,7.2,1
0.0,1.2050005,3.8249993,22.583004,0.029999997,0.074999996,6.133002,7.2,1
0.0,3.43,3.43,156.996,0.41,8.39,5.964,7.2,1
0.0,3.3449993,7.414998,19.562998,0.31499994,4.7550015,5.8849983,7.2,1
0.0,3.76,3.76,134.522,0.0,0.0,5.903,7.2,1
0.0,2.3849993,7.124998,7.7530017,1.2850006,9.215003,3.2490005,7.2,1
0.0,2.3050008,2.8250008,2.9459994,0.074999996,0.0,2.6080008,7.2,1
0.0,1.2349994,1.3950006,0.059,1.1350005,5.084998,3.6420007,7.2,1
0.0,1.99,2.84,54.48,1.13,6.59,2.929,7.2,1
0.0,0.69499993,0.7049999,9.406003,0.074999996,0.074999996,6.0430017,7.2,1
0.0,0.0,0.01,-0.19100007,0.69500005,0.17500007,5.3920016,7.2,1
0.0,3.1249993,8.495003,18.346996,0.074999996,0.0,5.9159985,7.2,1
0.0,0.43499994,0.69500005,1.6469995,1.3,2.2449994,2.3109994,7.2,1
0.0,3.0249994,12.095003,17.452997,0.015,0.0,5.815998,7.2,1
0.0,0.40499994,1.9750001,5.644998,1.1350005,1.4850005,4.0960016,7.2,1
0.0,0.8449999,4.995002,8.933003,0.7350001,7.375002,3.4999993,7.2,1
0.0,1.0450003,2.0750008,5.9179983,0.60499996,3.4650006,2.9839993,7.2,1
0.0,0.63500005,2.6249993,0.8039999,0.35999995,0.14500007,4.2129984,7.2,1
0.0,0.6650001,0.81499994,1.6290005,0.074999996,0.0,5.940998,7.2,1
0.0,1.5350006,5.084998,6.920998,0.61499995,3.7050006,4.716998,7.2,1
0.0,0.47499993,0.63000005,2.1790006,0.0,0.074999996,3.3419993,7.2,1
0.0,1.9249995,10.1950035,11.097003,0.059999995,0.0,5.5109982,7.2,1
0.0,1.4249995,9.614997,8.821003,0.0,0.0,5.8559985,7.2,1
0.0,3.85,4.27,46.275,0.0,0.0,3.086,7.2,1
0.0,3.79,1.07,6.521,0.61,3.98,6.094,7.2,1
0.0,4.61,1.05,3.843,0.79,3.04,3.695,7.2,1
0.0,3.07,0.97,9.221,0.95,8.76,3.004,7.2,1
0.0,2.1950006,2.4149992,2.5739994,1.0550004,12.055003,5.379998,7.2,1
0.0,3.5549994,13.225003,18.977997,0.6549999,11.034997,5.3569984,7.2,1
0.0,0.69499993,1.1450006,6.2199984,0.17999998,1.015,6.0700016,7.2,1
0.0,2.1549993,9.915003,5.9969983,0.0,0.0,2.9939992,7.2,1
0.0,9.1,2.31,12.525,0.97,12.15,5.422,7.2,1
0.0,0.19499993,0.49499992,2.1300006,0.0,0.074999996,5.4530015,7.2,1
0.0,1.9950005,5.7550015,20.324003,0.48500007,2.5850008,2.5519993,7.2,1
0.0,0.5250001,0.66999996,1.1460005,0.074999996,0.0,5.841998,7.2,1
0.0,1.5450006,4.6549983,4.735998,0.10500006,0.94499993,3.2879999,7.2,1
0.0,0.16500004,0.15499997,0.6090001,1.1950005,0.74,3.3319993,7.2,1
0.0,0.27499995,0.55499995,2.5630007,0.0,0.074999996,5.5710015,7.2,1
0.0,1.8649995,1.1050005,5.9779983,0.0,0.06,3.1949992,7.2,1
0.0,2.6149993,7.624998,15.334997,0.074999996,0.0,5.932998,7.2,1
0.0,1.96,1.97,114.804,1.2,14.4,6.122,7.2,1
0.0,0.79499996,0.35499993,4.5689983,1.005,4.395002,6.0290017,7.2,1
0.0,1.21,0.53499997,7.1279984,0.0,0.074999996,6.028002,7.2,1
0.0,3.1550007,1.3850005,7.879998,1.1250005,8.424997,6.1480017,7.2,1
0.0,2.5350006,1.015,8.334003,1.1550006,9.154997,3.2894993,7.2,1
0.0,2.58,2.59,50.121,0.36,5.4,5.817,7.2,1
0.0,0.88500005,2.6050007,5.6090016,1.1850005,6.2150016,5.689998,7.2,1
0.0,1.2349994,0.5949999,5.5819983,0.074999996,0.074999996,4.3930016,7.2,1
0.0,1.4,2.85,71.947,1.13,8.81,5.569,7.2,1
0.0,0.74499995,2.1299996,6.1999984,0.82500005,5.725002,3.5039992,7.2,1
0.0,2.1649992,7.524998,6.3380017,0.0,0.0,2.9220006,7.2,1
0.0,2.4,2.41,73.851,0.53,8.02,6.303,7.2,1
0.0,0.32499993,0.87499994,2.3860006,0.074999996,0.074999996,3.1509993,7.2,1
0.0,0.80999994,0.32499993,4.6209984,1.2650006,5.665002,6.0960016,7.2,1
0.0,0.81499994,1.3449994,4.1489983,0.074999996,0.0,3.0709994,7.2,1
0.0,1.3349994,0.48499992,2.4299994,0.074999996,0.074999996,5.8119984,7.2,1
0.0,1.1549995,11.664997,6.768998,0.0,0.0,5.4889984,7.2,1
0.0,10.35,2.41,10.1,0.0,0.0,4.28,7.2,1
0.0,2.1450007,2.8949993,0.42199993,0.75499994,4.6749983,3.0740006,7.2,1
0.0,0.39499992,1.2050005,6.6399984,0.074999996,0.074999996,6.0710015,7.2,1
0.0,2.8450007,3.0049994,2.1939993,0.074999996,0.074999996,5.9679985,7.2,1
0.0,16.15,3.47,20.678,0.0,0.0,5.994,7.2,1
0.0,0.87500006,1.0250001,0.27199993,0.23499992,0.82500005,5.8169985,7.2,1
0.0,2.3750007,1.2650006,14.226003,0.92499995,12.234997,5.9120016,7.2,1
0.0,3.12,0.76,4.604,0.35,1.61,6.139,7.2,1
0.0,0.70500004,0.29499993,2.4000006,0.044999998,0.074999996,3.2479994,7.2,1
0.0,0.52,0.52,10.011,0.0,0.0,3.292,7.2,1
0.0,0.96,0.96,30.128,0.0,0.0,5.925,7.2,1
0.0,0.22500008,0.9150001,1.8440006,0.93499994,1.4749997,5.821998,7.2,1
0.0,1.3249995,0.7049999,8.288003,0.6649999,5.0050015,6.0490017,7.2,1
0.0,0.90999997,0.29499993,5.156998,0.24499993,0.9649999,6.020002,7.2,1
0.0,0.21499993,0.61499995,3.2520006,1.1149995,4.0350003,6.2360015,7.2,1
0.0,1.1449995,1.2950006,1.2750006,0.074999996,0.044999998,5.9429984,7.2,1
0.0,0.19499993,0.45500004,0.51400006,0.8449999,0.5249999,1.4140005,7.2,1
0.0,1.3750005,6.064998,4.1939983,0.0,0.0,3.3589993,7.2,1
0.0,9.76,9.76,580.023,0.0,0.0,6.004,7.2,1
0.0,0.52,0.52,13.09,0.64,1.97,5.908,7.2,1
0.0,0.77,0.78,20.563,0.0,0.0,3.081,7.2,1
0.0,0.24499993,0.56499994,1.5849994,0.6549999,1.0350002,3.4629993,7.2,1
0.0,6.6,2.26,38.533,0.0,0.0,5.838,7.2,1
0.0,0.0,0.01,-0.14700007,0.074999996,0.0,1.3249995,7.2,1
0.0,0.7049999,2.4349992,8.892003,0.074999996,0.074999996,3.8909993,7.2,1
0.0,17.28,5.96,35.663,0.96,34.24,5.984,7.2,1
0.0,0.33000004,0.18499994,2.0980008,0.0,0.044999998,6.1110015,7.2,1
0.0,2.1049993,9.965003,11.940003,0.0,0.0,5.8439984,7.2,1
0.0,0.48499992,0.86499995,4.5359983,0.2850001,1.7350005,5.9120016,7.2,1
0.0,0.63500005,3.2949994,4.321,0.86499995,3.3350008,6.0109982,7.2,1
0.0,0.80500007,4.085001,5.090998,0.074999996,0.0,5.794998,7.2,1
0.0,1.0550004,3.2550006,3.0530007,0.0,0.074999996,3.2669992,7.2,1
0.0,10.07,3.82,12.456,0.0,0.0,3.261,7.2,1
0.0,0.7849999,2.5050006,6.8969984,0.074999996,0.0,3.2009993,7.2,1
0.0,0.88499993,2.9749994,8.998003,0.074999996,0.0,3.2039993,7.2,1
0.0,2.1849992,9.185003,5.9060016,0.0,0.0,2.6890006,7.2,1
0.0,0.75499994,1.4550005,7.3389983,1.1649995,9.264997,5.487002,7.2,1
0.0,1.8150005,3.9649994,10.574997,1.3,13.094997,5.958998,7.2,1
0.0,0.92499995,3.1149993,14.557003,1.0349995,16.314997,5.9040017,7.2,1
0.0,3.56,1.82,21.185,0.0,0.0,5.951,7.2,1
0.0,15.34,4.69,12.878,0.32,4.12,3.244,7.2,1
0.0,8.19,1.95,6.297,0.0,0.0,3.246,7.2,1
0.0,2.01,0.65,11.078,0.0,0.0,5.511,7.2,1
0.0,2.2649994,10.605003,13.007003,0.0,0.0,5.8989983,7.2,1
0.0,0.46,0.47,12.703,0.68,1.05,3.37,7.2,1
0.0,0.67499995,3.2549996,11.094003,0.0,0.074999996,5.803002,7.2,1
0.0,3.9449992,4.745002,30.819002,0.074999996,0.074999996,3.8539994,7.2,1
0.0,1.7550005,3.9249992,23.135002,0.81499994,17.105003,6.1040015,7.2,1
0.0,0.33500007,0.48499992,-0.41300008,0.9749999,1.0049995,2.8620007,7.2,1
0.0,2.8150008,2.8150008,7.9460015,0.8350001,15.395003,5.8069983,7.2,1
0.0,1.7649995,1.0650004,11.222003,0.0,0.074999996,6.2150016,7.2,1
0.0,0.56500006,1.8450005,-0.45000005,0.0,0.0,2.7700007,7.2,1
0.0,0.22000003,1.2750006,0.817,0.35000002,0.22500008,3.208,7.2,1
0.0,0.935,0.35499993,5.4219985,0.074999996,0.074999996,5.8610015,7.2,1
0.0,1.8849995,0.6649999,6.5759983,0.074999996,0.0,3.4679992,7.2,1
0.0,0.125,0.17499998,0.37700006,0.42499992,0.23499992,2.8999994,7.2,1
0.0,1.22,1.23,32.817,0.0,0.0,5.925,7.2,1
0.0,0.74,0.75,11.437,0.44,1.02,3.126,7.2,1
0.0,8.22,2.97,17.349,0.0,0.0,5.841,7.2,1
0.0,2.5849993,6.644998,13.697997,1.3,16.834997,5.3519983,7.2,1
0.0,5.34,2.52,7.063,0.36,2.54,3.058,7.2,1
0.0,0.7049999,2.0550008,6.8579984,0.79499996,5.0650015,3.3449993,7.2,1
0.0,2.29,2.3,64.558,0.4,2.91,3.174,7.2,1
0.0,0.91499996,0.38499993,5.2469983,0.074999996,0.074999996,5.988002,7.2,1
0.0,1.32,1.6,22.645,0.0,0.0,2.002,7.2,1
0.0,0.5450001,0.7049999,0.15899996,0.56499994,1.7149994,5.8039985,7.2,1
0.0,1.965,2.1449993,0.18799993,0.074999996,0.0,5.9629984,7.2,1
0.0,0.9050001,1.5050005,-0.07300002,0.074999996,0.0,2.6050007,7.2,1
0.0,13.3,2.9,15.407,0.0,0.0,5.685,7.2,1
0.0,0.19499993,0.37499994,1.7249994,0.0,0.074999996,6.0750017,7.2,1
0.0,0.62499994,1.1650006,6.451998,1.3,8.424997,6.0630016,7.2,1
0.0,5.26,2.2,12.156,0.0,0.0,5.576,7.2,1
0.0,1.9950005,2.2150006,2.0180001,0.88499993,4.854998,2.8680007,7.2,1
0.0,0.70000005,0.81499994,10.2610035,1.0850005,4.435002,5.9850016,7.2,1
0.0,8.64,2.61,5.975,0.7,4.18,2.766,7.2,1
0.0,1.77,1.78,40.786,0.98,10.51,6.059,7.2,1
0.0,8.61,2.07,11.13,0.0,0.0,5.593,7.2,1
0.0,3.6,1.08,3.98,0.32,1.27,3.72,7.2,1
0.0,4.72,1.04,3.165,0.0,0.0,3.073,7.2,1
0.0,2.2849994,3.9150007,7.8059983,0.0,0.074999996,2.0549996,7.2,1
0.0,1.2399995,0.8449999,7.899998,1.005,7.495002,6.210002,7.2,1
0.0,3.5,3.51,163.478,0.55,10.15,5.275,7.2,1
0.0,0.7250001,0.4649999,1.2350005,0.037499998,0.0,2.9780006,7.2,1
0.0,17.33,3.79,12.409,0.61,7.57,3.283,7.2,1
0.0,0.4,0.41,8.714,0.42,1.0,5.965,7.2,1
0.0,2.2750006,2.8749993,1.6930006,0.074999996,0.074999996,5.4449983,7.2,1
0.0,0.9549999,4.124998,11.027003,0.0,0.074999996,3.6329994,7.2,1
0.0,1.1350005,1.8450005,8.980003,0.0,0.074999996,5.191002,7.2,1
0.0,2.72,2.72,86.162,0.0,0.0,5.913,7.2,1
0.0,1.5049995,1.6650006,1.6150005,1.1850005,10.235003,5.801998,7.2,1
0.0,0.67499995,1.2349994,4.2329984,0.074999996,0.0,3.3889992,7.2,1
0.0,0.58,2.16,14.724,0.39,1.03,4.538,7.2,1
0.0,0.9849996,0.53499997,2.3100007,0.074999996,0.0,2.3249993,7.2,1
0.0,10.11,4.12,17.849,0.9,16.06,4.734,7.2,1
0.0,0.9,0.91,16.595,0.0,0.0,3.383,7.2,1
0.0,1.9850004,0.7849999,6.005998,0.98499995,5.605002,3.0269992,7.2,1
0.0,1.58,0.42,9.32,0.96,8.95,5.899,7.2,1
0.0,6.77,1.81,8.518,0.12,1.02,5.495,7.2,1
0.0,2.5449994,11.305003,8.281997,0.0,0.0,3.3979993,7.2,1
0.0,0.8449999,2.9449992,10.747003,0.47499993,4.4050016,3.8459992,7.2,1
0.0,0.7150001,0.87499994,1.3040005,0.074999996,0.0,3.6360006,7.2,1
0.0,0.04,0.025,0.15199998,0.074999996,0.014999999,2.6300004,7.2,1
0.0,2.8450007,2.9949994,1.5220006,1.2150005,10.975003,3.2450006,7.2,1
0.0,1.0449995,2.9749994,1.0790005,0.074999996,0.0,2.6920006,7.2,1
0.0,2.0450006,1.1150005,12.284003,1.1850005,13.794997,5.9050016,7.2,1
0.0,2.7650006,1.6650006,16.692003,0.0,0.074999996,5.9790015,7.2,1
0.0,7.67,4.1,4.844,0.0,0.0,2.901,7.2,1
0.0,4.32,1.7,5.419,0.43,2.33,3.188,7.2,1
0.0,0.47499993,1.1650006,6.5409985,0.31499994,1.6650006,6.145002,7.2,1
0.0,1.3249995,10.454997,7.3499985,0.41500008,3.5650008,5.3790016,7.2,1
0.0,0.28499994,2.0100002,1.1389995,0.17499995,0.19499993,3.3559992,7.2,1
0.0,1.2649995,0.9749999,2.5830007,0.5849999,1.3449999,2.0589995,7.2,1
0.0,0.41499993,1.6549995,2.9370008,0.0,0.074999996,2.7889993,7.2,1
0.0,1.2150005,3.2350006,10.055003,0.0,0.0,3.1349993,7.2,1
0.0,0.14500001,0.125,0.42300007,0.074999996,0.074999996,3.1869993,7.2,1
0.0,1.3849995,1.5450006,1.4080005,0.074999996,0.044999998,5.9229984,7.2,1
0.0,1.9450005,4.334998,5.674001,0.074999996,0.0,2.9350007,7.2,1
0.0,0.87500006,1.1149995,1.2990005,0.5149999,1.2049994,2.9760008,7.2,1
0.0,0.10500006,0.17500001,-0.33900008,0.94499993,0.31500006,2.4420006,7.2,1
0.0,0.84,0.88,30.572,0.64,2.91,5.42,7.2,1
0.0,3.43,3.59,201.893,1.21,24.98,6.018,7.2,1
0.0,2.88,0.9,9.468,1.21,11.46,3.288,7.2,1
0.0,2.1250007,2.7050006,0.39899993,0.62499994,3.2850006,2.7000008,7.2,1
0.0,2.1150007,1.1550006,6.807998,0.8949999,5.7150016,3.2179992,7.2,1
0.0,6.71,3.14,12.732,0.0,0.0,4.216,7.2,1
0.0,1.3850005,2.4549994,10.131003,0.21499993,1.5050005,4.363002,7.2,1
0.0,3.05,3.91,96.836,0.0,0.0,3.589,7.2,1
0.0,0.9549999,1.5649995,5.537998,0.074999996,0.0,3.4979994,7.2,1
0.0,0.33,0.34,7.995,0.0,0.0,6.179,7.2,1
0.0,0.5849999,2.7050006,4.5349984,0.6050001,3.2049994,3.1479993,7.2,1
0.0,0.42500007,1.6050005,-0.041999996,1.3,1.2149994,1.9890003,7.2,1
0.0,2.4650006,1.0450003,5.473998,0.47499993,2.1450007,5.7049985,7.2,1
0.0,3.2550006,1.6750005,6.360998,1.2150005,7.415002,3.972999,7.2,1
0.0,0.61,0.62,13.742,0.0,0.0,5.921,7.2,1
0.0,1.97,1.98,83.412,0.54,6.34,5.96,7.2,1
0.0,3.0,3.0,97.547,0.0,0.0,5.866,7.2,1
0.0,12.11,4.47,18.564,0.75,13.92,5.1,7.2,1
0.0,1.1750005,1.6549995,5.486998,1.1249995,6.745002,3.3089993,7.2,1
0.0,1.1150005,1.9750005,11.208003,0.63500005,8.084997,6.013002,7.2,1
0.0,1.9149995,0.7849999,5.7269983,0.92499995,5.0050015,2.9909992,7.2,1
0.0,1.0450003,3.4849994,20.575003,0.074999996,0.074999996,6.131002,7.2,1
0.0,1.1649995,1.3450005,0.8819999,0.7149999,2.5450006,3.2300007,7.2,1
0.0,0.74499995,2.4249992,14.061003,0.074999996,0.074999996,6.1160016,7.2,1
0.0,3.17,1.26,6.66,0.0,0.0,5.328,7.2,1
0.0,0.13499999,0.23499995,0.43800008,0.022499999,0.074999996,2.9249992,7.2,1
0.0,0.8549999,3.3349993,13.084003,0.074999996,0.074999996,4.3340015,7.2,1
0.0,2.56,0.9,13.721,0.44,6.04,5.36,7.2,1
0.0,1.7049994,1.8650005,0.84699994,0.6049999,5.4649982,5.7939982,7.2,1
0.0,5.27,1.59,3.1,0.4,1.24,2.768,7.2,1
0.0,1.2049994,1.3650005,1.2370005,1.0350002,3.9550002,3.2080007,7.2,1
0.0,1.1,1.1,19.562,0.0,0.0,3.625,7.2,1
0.0,11.85,4.13,11.059,0.0,0.0,3.072,7.2,1
0.0,2.1850007,0.69499993,2.031,0.074999996,0.0,3.1320007,7.2,1
0.0,0.40499994,0.99499995,3.0750008,0.074999996,0.074999996,3.4259994,7.2,1
0.0,2.38,2.39,60.68,1.0,12.95,5.44,7.2,1
0.0,0.65,1.02,11.907,0.78,2.55,5.038,7.2,1
0.0,1.2050005,4.3049984,6.5440016,0.50499994,2.7050006,5.649998,7.2,1
0.0,0.9549999,3.0450006,9.562003,0.57500005,6.335002,3.1639993,7.2,1
0.0,1.3,1.31,17.154,0.3,1.21,3.112,7.2,1
0.0,6.72,1.77,6.499,0.7,4.55,3.693,7.2,1
0.0,0.015000001,0.065,0.123,0.022499999,0.0,2.3850002,7.2,1
0.0,0.30499995,0.32499993,5.031998,1.0950005,0.7749999,3.0399992,7.2,1
0.0,0.37499994,1.0850005,3.0010006,0.0075,0.074999996,6.2270017,7.2,1
0.0,1.7450005,8.705003,4.637998,0.0,0.0,2.8969994,7.2,1
0.0,5.05,1.47,8.893,0.53,4.71,6.091,7.2,1
0.0,1.38,1.38,25.86,0.74,5.59,5.476,7.2,1
0.0,0.53499997,1.1349995,3.8240006,0.074999996,0.0,3.3239994,7.2,1
0.0,4.73,1.22,7.244,0.73,5.29,5.987,7.2,1
0.0,1.1649995,0.40499994,4.150998,1.1950005,4.8050017,3.4829993,7.2,1
0.0,2.95,2.96,42.493,0.0,0.0,3.709,7.2,1
0.0,2.3650007,2.5249994,0.9839999,1.0450003,13.795003,5.7839985,7.2,1
0.0,0.905,0.39499992,5.1949983,0.0075,0.074999996,6.2030015,7.2,1
0.0,0.65,0.65,18.672,0.0,0.0,6.092,7.2,1
0.0,1.11,1.11,56.096,0.75,4.64,5.574,7.2,1
0.0,1.45,0.39,8.727,0.11,0.96,6.019,7.2,1
0.0,1.5549995,1.7150005,0.34299994,0.18499994,0.97499967,5.7649984,7.2,1
0.0,0.36499992,0.5849999,2.7860007,0.14500007,0.7049999,5.914002,7.2,1
0.0,0.9849996,7.0349984,3.3460007,0.0,0.0,3.3019993,7.2,1
0.0,1.5749995,0.5849999,5.326998,1.1750005,6.015002,3.3489993,7.2,1
0.0,1.0650004,2.5049994,14.454003,1.0999995,16.924997,6.079002,7.2,1
0.0,1.7649995,0.5949999,5.531998,1.3,7.0250015,3.1219993,7.2,1
0.0,0.39499998,0.39000002,1.3370005,1.0749997,1.3349994,3.2760005,7.2,1
0.0,1.3749995,1.5350006,0.35899994,0.074999996,0.0,5.9159985,7.2,1
0.0,0.43499994,1.0850005,2.0340006,0.88499993,1.6349995,2.9639993,7.2,1
0.0,0.53499997,1.2949995,2.6960006,0.47499993,1.0349995,2.1119993,7.2,1
0.0,0.7249999,2.6549993,13.597003,0.0,0.074999996,5.5220017,7.2,1
0.0,0.39500007,1.0349995,2.8429992,0.45499992,0.97499967,5.813998,7.2,1
0.0,0.27499995,0.28499994,2.5230007,1.1850005,0.67,3.2499993,7.2,1
0.0,8.325003,13.584997,14.037997,0.074999996,0.0,5.9489985,7.2,1
0.0,1.5449995,0.7649999,9.279003,0.0,0.074999996,5.849002,7.2,1
0.0,1.83,1.93,35.072,0.37,1.85,2.739,7.2,1
0.0,0.42499992,0.42499992,5.7909985,0.074999996,0.074999996,3.3579993,7.2,1
0.0,1.2749995,6.6750016,7.807999,0.014999997,0.0,5.7309985,7.2,1
0.0,4.9,1.2,6.479,0.9,5.83,5.399,7.2,1
0.0,2.1,2.76,52.484,0.0,0.0,3.154,7.2,1
0.0,1.5049995,1.6650006,2.0270002,0.074999996,0.0,3.0640006,7.2,1
0.0,3.21,3.21,-0.465,0.61,12.11,6.186,7.2,1
0.0,0.125,0.15,0.40600005,0.28999996,0.19499993,3.2509997,7.2,1
0.0,1.3150005,3.5750008,5.828998,1.0049995,6.455002,3.0119994,7.2,1
0.0,1.4550005,2.4750006,8.284003,0.0,0.074999996,3.3659992,7.2,1
0.0,8.03,1.7,10.06,1.13,11.37,5.918,7.2,1
0.0,3.29,1.17,19.636,0.0,0.0,5.968,7.2,1
0.0,1.2349994,1.0350002,2.5160007,0.074999996,0.074999996,2.0529997,7.2,1
0.0,0.90500003,0.44499993,4.9829984,0.69499993,3.2149994,5.573002,7.2,1
0.0,3.69,3.7,195.571,0.0,0.0,6.044,7.2,1
0.0,2.66,0.73,7.209,0.0,0.0,2.71,7.2,1
0.0,1.2250005,1.9550005,11.174003,0.40499994,1.2050005,3.0649993,7.2,1
0.0,2.4250007,1.3550005,13.028003,0.0,0.074999996,5.316002,7.2,1
0.0,4.5,0.92,3.349,0.35,1.17,3.64,7.2,1
0.0,0.23500007,0.39499992,0.018000001,0.044999998,0.0,6.076998,7.2,1
0.0,2.55,0.98,7.942,0.0,0.0,3.115,7.2,1
0.0,0.87499994,1.7349994,5.4899983,1.1249995,6.7550015,3.1669993,7.2,1
0.0,2.1949992,7.4249983,12.319003,0.074999996,0.0,5.7709985,7.2,1
0.0,1.9550005,3.2950006,11.025003,0.8550001,10.394997,3.3689992,7.2,1
0.0,2.9850006,1.9550005,18.416002,0.21499993,2.6649992,6.118002,7.2,1
0.0,10.23,2.76,14.26,0.24,3.42,5.797,7.2,1
0.0,2.51,2.51,91.015,0.0,0.0,6.037,7.2,1
0.0,2.0650008,2.2749994,1.0580003,0.074999996,0.0,3.1630006,7.2,1
0.0,0.79999995,0.27499995,4.5159984,0.0,0.074999996,6.0370016,7.2,1
0.0,2.2049994,8.025003,12.442997,0.56499994,5.984998,5.7319984,7.2,1
0.0,1.4549994,1.6050005,0.62099993,0.7749999,6.164998,5.7539983,7.2,1
0.0,0.7250001,0.87499994,1.1500006,0.074999996,0.0,3.0920007,7.2,1
0.0,0.2850001,0.20499992,0.7939999,0.0,0.0,5.9169984,7.2,1
0.0,3.0749993,14.385003,9.245996,0.39500007,4.234998,2.9820006,7.2,1
0.0,2.0150006,2.1749992,2.6699994,0.074999996,0.0,2.8390007,7.2,1
0.0,1.92,1.98,48.553,0.0,0.0,3.11,7.2,1
0.0,0.50499994,1.4850005,8.580003,1.2249994,11.324997,6.257002,7.2,1
0.0,3.4550006,3.4650006,8.994997,0.43499994,7.875002,6.0619984,7.2,1
0.0,2.3850007,1.6150005,14.227003,0.20499992,1.9350005,5.889002,7.2,1
0.0,3.9549994,3.9549994,27.067003,0.0,0.074999996,2.9799993,7.2,1
0.0,0.50499994,1.1350005,6.1679983,0.074999996,0.074999996,5.9650016,7.2,1
0.0,0.125,0.13499999,0.9789997,0.28000006,0.18499994,6.2750015,7.2,1
0.0,0.5749999,1.5649995,2.6690006,0.015,0.074999996,2.5029993,7.2,1
0.0,2.47,2.48,40.875,0.0,0.0,3.731,7.2,1
0.0,2.7449994,5.524998,15.814997,0.99499995,14.5549965,5.8199983,7.2,1
0.0,2.2450006,2.7050006,3.7729993,0.42499992,4.524998,5.590998,7.2,1
0.0,1.1850005,2.9549994,13.051003,0.074999996,0.074999996,5.6370015,7.2,1
0.0,3.5,0.87,4.578,0.6,2.75,5.323,7.2,1
0.0,1.3050005,4.8050017,22.292004,0.15000005,4.7750015,5.915002,7.2,1
0.0,5.74,1.44,4.763,0.0,0.0,3.308,7.2,1
0.0,1.7549995,1.9050006,-0.5110001,1.0450003,9.635003,5.3979983,7.2,1
0.0,2.1050007,2.5149994,0.4579999,0.074999996,0.0,3.1180007,7.2,1
0.0,1.0649995,0.50499994,1.4730005,0.074999996,0.074999996,3.1760006,7.2,1
0.0,1.1349995,1.2950006,-0.040999994,1.3,3.0550008,2.0120006,7.2,1
0.0,1.8449994,0.8949999,11.550003,1.0849994,13.5549965,6.1300015,7.2,1
0.0,0.30499995,1.1549995,1.4409995,0.75499994,0.95499986,1.9470005,7.2,1
0.0,1.8950006,3.9449992,16.122004,0.074999996,0.0,4.3710017,7.2,1
0.0,4.96,5.06,123.481,0.0,0.0,5.855,7.2,1
0.0,2.9,3.68,49.5,0.75,5.66,2.601,7.2,1
0.0,1.2950006,4.7149982,3.9040008,0.0,0.074999996,3.3359993,7.2,1
0.0,19.91,4.74,28.71,0.0,0.0,6.07,7.2,1
0.0,11.83,3.2,17.465,0.0,0.0,5.475,7.2,1
0.0,1.0950005,1.5749995,5.274998,1.1949995,6.8650017,3.3169994,7.2,1
0.0,2.2149994,10.095002,6.7290006,0.0,0.0,3.2049994,7.2,1
0.0,0.8350001,0.32499993,3.2810006,0.0,0.074999996,3.7629993,7.2,1
0.0,2.7149994,11.705003,14.079003,0.037499998,0.0,5.2859983,7.2,1
0.0,2.2249994,4.685002,23.311003,0.074999996,0.0,5.427002,7.2,1
0.0,1.7049994,1.8550005,0.18699995,1.2550005,6.644998,3.1220007,7.2,1
0.0,0.95,0.44499993,5.4029984,0.44499993,2.1049993,6.0290017,7.2,1
0.0,3.4550006,3.9249992,4.211002,0.074999996,0.074999996,3.5870006,7.2,1
0.0,6.15,2.84,15.484,0.0,0.0,5.491,7.2,1
0.0,1.4750005,5.814998,7.7729983,1.1650003,8.864997,5.530998,7.2,1
0.0,1.4149998,0.7049999,8.515003,0.115000054,1.7050005,6.0820017,7.2,1
0.0,1.0449995,0.73499995,6.2979984,0.81499994,4.7950015,5.765002,7.2,1
0.0,0.2850001,0.56499994,-0.47200006,0.074999996,0.0,1.6779995,7.2,1
0.0,1.6350005,2.6050007,8.687003,0.0,0.074999996,3.3439994,7.2,1
0.0,1.1650006,2.7249994,12.929003,0.074999996,0.074999996,5.855002,7.2,1
0.0,6.274998,4.665002,12.440997,0.074999996,0.0,4.504998,7.2,1
0.0,2.11,2.23,39.998,0.65,4.37,3.189,7.2,1
0.0,1.0949994,0.7049999,6.8119984,0.29499993,1.5950005,5.961002,7.2,1
0.0,0.78000003,0.39499992,4.288998,0.044999998,0.0,5.4630017,7.2,1
0.0,0.88499993,1.2050005,12.338003,0.6049999,2.29,5.4070015,7.2,1
0.0,2.92,0.72,4.299,0.0,0.0,5.971,7.2,1
0.0,11.93,2.51,14.717,0.0,0.0,5.863,7.2,1
0.0,1.7750006,8.924997,14.756003,0.63500005,10.604997,5.548002,7.2,1
0.0,1.8549994,0.5949999,2.9289994,0.074999996,0.0,5.5209985,7.2,1
0.0,2.8950007,3.0649993,6.849002,0.0,0.074999996,5.859998,7.2,1
0.0,9.95,2.24,7.105,0.31,2.2,3.186,7.2,1
0.0,2.025,5.0149984,11.559003,0.93499994,10.084997,5.8909984,7.2,1
0.0,2.48,2.48,24.078,0.0,0.0,3.039,7.2,1
0.0,3.0750008,3.2349994,5.506002,0.074999996,0.074999996,6.038998,7.2,1
0.0,0.4,0.4,22.64,0.23,0.55,5.947,7.2,1
0.0,2.27,0.82,12.753,0.87,11.1,5.618,7.2,1
0.0,0.69500005,0.8449999,1.4890006,0.074999996,0.0,5.9569983,7.2,1
0.0,4.3249984,2.7749994,3.4479992,0.074999996,0.0,2.6450007,7.2,1
0.0,2.8450007,3.0049994,5.1750016,0.074999996,0.074999996,5.3919983,7.2,1
0.0,1.7150005,7.374998,5.2940016,0.0,0.0,3.2569993,7.2,1
0.0,2.0050006,0.62499994,3.3709993,0.074999996,0.074999996,6.0289984,7.2,1
0.0,1.5,0.4,8.095,0.22,1.78,5.397,7.2,1
0.0,1.37,1.37,62.856,0.61,4.87,5.832,7.2,1
0.0,8.39,1.95,6.296,0.0,0.0,3.245,7.2,1
0.0,0.56499994,1.3250005,7.155998,0.21499993,1.0850005,5.9060016,7.2,1
0.0,0.695,3.3450007,3.1070006,0.074999996,0.0,4.7540016,7.2,1
0.0,1.6449995,0.7649999,5.7779984,1.3,7.5650015,3.4779994,7.2,1
0.0,2.37,2.37,45.899,0.0,0.0,3.111,7.2,1
0.0,1.6449995,1.8250005,2.8249993,1.1250005,7.934999,4.361998,7.2,1
0.0,0.40499994,3.3650007,5.9699984,0.06500001,0.29499993,4.9450016,7.2,1
0.0,1.2250005,6.774998,3.5560007,0.0,0.0,3.2319994,7.2,1
0.0,4.17,5.25,112.096,0.0,0.0,4.623,7.2,1
0.0,0.50499994,1.1349995,3.7550006,0.6449999,2.1050007,3.2669992,7.2,1
0.0,1.7,3.36,25.104,0.52,2.39,2.698,7.2,1
0.0,5.19,1.05,6.236,1.24,7.73,5.996,7.2,1
0.0,2.07,0.82,12.829,0.46,5.9,6.198,7.2,1
0.0,6.69,1.37,4.117,0.89,3.66,3.005,7.2,1
0.0,1.0950005,1.9150006,11.2280035,0.074999996,0.074999996,6.218002,7.2,1
0.0,11.49,4.05,25.003,0.0,0.0,6.189,7.2,1
0.0,1.8449994,0.9049999,5.1900005,0.074999996,0.074999996,6.1599984,7.2,1
0.0,3.4350007,2.8149993,9.642997,0.51500005,5.725002,5.723998,7.2,1
0.0,0.40499994,0.42499992,4.9109983,0.074999996,0.0,3.3139994,7.2,1
0.0,0.9049999,2.3250008,5.9309983,0.074999996,0.0,3.0049994,7.2,1
0.0,0.76500005,1.2150005,-0.34900007,0.0,0.0,4.6479983,7.2,1
0.0,2.0850008,4.605002,4.554002,0.8949999,3.5950007,4.7929983,7.2,1
0.0,1.3150005,4.274998,6.751002,0.86499995,5.1949983,5.308998,7.2,1
0.0,0.91,2.51,19.283,0.0,0.0,5.884,7.2,1
0.0,0.63499993,2.0949993,11.8270035,0.074999996,0.074999996,5.9960017,7.2,1
0.0,0.7249999,1.4150006,7.9389987,0.074999996,0.074999996,6.0560017,7.2,1
0.0,1.5049995,9.024997,9.420003,0.0,0.0,5.933998,7.2,1
0.0,0.9150001,2.8750007,5.9970016,0.074999996,0.0,5.906998,7.2,1
0.0,1.6500005,4.7649984,9.522997,0.074999996,0.074999996,5.866998,7.2,1
0.0,0.58,0.59,8.523,0.0,0.0,3.259,7.2,1
0.0,0.36500007,0.23499992,0.94399995,0.88499993,0.62500006,5.7179985,7.2,1
0.0,2.51,2.96,79.185,0.77,11.27,5.83,7.2,1
0.0,2.8049994,6.774998,15.248997,0.8949999,12.514997,5.4829984,7.2,1
0.0,1.2250003,3.7850006,7.0300016,0.8949999,5.624998,5.8189983,7.2,1
0.0,2.3950007,0.9049999,3.0349994,1.2950006,3.5350006,5.728998,7.2,1
0.0,2.82,2.82,162.686,0.21,3.52,5.947,7.2,1
0.0,1.02,1.02,60.351,0.0,0.0,6.19,7.2,1
0.0,1.2949995,1.8749995,0.5389999,0.50499994,1.0549995,1.8509995,7.2,1
0.0,0.36500007,1.6350001,2.5639994,1.1650006,2.6350007,5.5819983,7.2,1
0.0,3.19,3.19,161.554,0.0,0.0,5.92,7.2,1
0.0,3.8350008,4.504998,3.8299994,1.2550005,14.055003,2.9870007,7.2,1
0.0,1.0850005,2.2349994,12.942003,0.074999996,0.074999996,6.1290016,7.2,1
0.0,6.44,2.78,14.296,0.35,5.0,5.811,7.2,1
0.0,1.79,1.8,21.022,0.62,3.62,3.259,7.2,1
0.0,2.0950007,1.0750005,12.888003,0.5250001,7.855002,6.0490017,7.2,1
0.0,2.63,0.89,8.593,0.18,1.55,3.267,7.2,1
0.0,0.81,0.82,41.698,0.0,0.0,5.942,7.2,1
0.0,3.15,3.16,136.308,0.94,18.09,6.109,7.2,1
0.0,2.2,0.9,12.743,1.02,13.0,5.792,7.2,1
0.0,4.31,1.36,4.197,0.17,0.71,3.086,7.2,1
0.0,2.5550008,0.9749999,7.5829983,1.3,9.724997,2.9719994,7.2,1
0.0,3.0449994,12.245003,15.745996,1.0399998,16.844997,5.2009983,7.2,1
0.0,3.9,5.03,61.784,0.48,8.94,4.776,7.2,1
0.0,2.0850008,1.7450005,3.7149994,0.074999996,0.074999996,5.991998,7.2,1
0.0,2.8550007,3.0049994,3.2259994,0.074999996,0.074999996,5.414998,7.2,1
0.0,1.0849994,0.68499994,6.9769983,0.7649999,4.9450016,6.1540017,7.2,1
0.0,0.44499993,0.9800001,3.1190007,0.074999996,0.074999996,3.3339994,7.2,1
0.0,9.83,3.34,20.282,0.0,0.0,6.072,7.2,1
0.0,1.4650002,6.4649982,8.433997,0.54499996,3.8550007,5.689998,7.2,1
0.0,10.06,11.08,227.76,0.0,0.0,6.012,7.2,1
0.0,13.89,2.8,8.631,0.33,2.85,3.105,7.2,1
0.0,0.015,0.044999994,0.22799993,1.2750001,0.115000054,5.024998,7.2,1
0.0,4.48,1.49,8.64,0.0,0.0,5.799,7.2,1
0.0,3.47,1.27,11.399,0.0,0.0,3.285,7.2,1
0.0,2.4449992,7.814998,9.314997,1.1250005,9.625003,3.8240006,7.2,1
0.0,3.9250007,28.375004,12.153003,0.0,0.0,2.9820006,7.2,1
0.0,2.2949994,3.1049993,17.801003,0.6750001,5.3150015,3.2199993,7.2,1
0.0,2.9550006,3.1149993,1.1540005,0.074999996,0.0,3.0270007,7.2,1
0.0,1.4350005,2.9549994,17.196003,0.074999996,0.059999995,6.093002,7.2,1
0.0,1.4149995,0.53499997,4.9249983,0.074999996,0.0,3.4309993,7.2,1
0.0,1.7350005,8.094997,5.5949984,0.0,0.0,3.4909992,7.2,1
0.0,1.9049995,0.94499993,6.1819983,0.074999996,0.0,3.2349994,7.2,1
0.0,1.6050005,5.394998,8.547,0.87499994,6.915002,5.5109982,7.2,1
0.0,10.91,3.94,13.801,0.0,0.0,3.557,7.2,1
0.0,3.67,3.67,108.958,0.0,0.0,4.097,7.2,1
0.0,0.54499996,1.5650005,8.771003,0.26499993,1.7550005,6.093002,7.2,1
0.0,5.314998,4.9650016,3.3139994,0.7249999,2.0350006,1.5779995,7.2,1
0.0,2.4649994,2.4649994,16.079002,1.04,7.8250017,3.1929994,7.2,1
0.0,0.83,0.33499992,4.696998,0.022499999,0.074999996,6.040002,7.2,1
0.0,13.13,2.97,17.974,0.39,7.01,6.072,7.2,1
0.0,3.3,1.02,13.825,0.0,0.0,4.189,7.2,1
0.0,1.05,1.05,23.952,1.29,4.46,3.293,7.2,1
0.0,1.1349995,1.2950006,1.1860005,0.074999996,0.0,3.1450007,7.2,1
0.0,0.9849996,0.75499994,6.4549985,0.4649999,2.6249993,6.2350016,7.2,1
0.0,2.6350007,3.9450002,5.730002,0.21499993,2.1150007,5.7009983,7.2,1
0.0,0.29499993,0.74499995,3.9400003,0.7850001,3.5249994,6.0680017,7.2,1
0.0,0.6550001,0.34499994,1.6410005,0.074999996,0.074999996,5.947998,7.2,1
0.0,3.91,3.91,52.535,0.41,5.3,3.306,7.2,1
0.0,1.0350002,2.1250007,6.4019985,0.074999996,0.0,3.0189993,7.2,1
0.0,0.13500006,0.28499994,-0.16700007,0.0,0.0,5.994002,7.2,1
0.0,1.3399998,2.9950006,8.140997,0.074999996,0.059999995,5.8129983,7.2,1
0.0,1.8750005,5.734998,10.4190035,0.7249999,6.895002,5.754998,7.2,1
0.0,7.13,2.24,12.492,0.0,0.0,5.577,7.2,1
0.0,0.15500008,0.16500007,0.36099994,0.074999996,0.0,3.6770008,7.2,1
0.0,3.91,3.91,-0.422,1.2,15.29,3.259,7.2,1
0.0,0.61499995,2.0250006,6.1939983,0.5749999,3.0550008,3.3059993,7.2,1
0.0,2.5549994,6.914998,14.932997,0.69500005,11.514997,5.9159985,7.2,1
0.0,1.3849999,1.4850005,12.440003,0.074999996,0.0,3.3509994,7.2,1
0.0,2.0450006,1.0750005,6.5559983,0.5249999,3.0549994,3.2029994,7.2,1
0.0,0.24500006,0.40499994,-0.038999997,0.0,0.0,3.2190006,7.2,1
0.0,12.8,2.87,8.922,0.0,0.0,3.109,7.2,1
0.0,0.14999998,0.125,0.40999997,0.037499998,0.022499997,3.2419994,7.2,1
0.0,2.02,2.03,118.801,0.0,0.0,5.935,7.2,1
0.0,3.33,3.34,124.397,0.67,11.64,5.215,7.2,1
0.0,0.14500001,1.005,0.63,0.0,0.0,3.7949996,7.2,1
0.0,1.6750005,5.9749985,4.850002,0.0,0.0,2.9090006,7.2,1
0.0,1.3549994,6.414998,8.674997,0.34499994,2.2450006,5.938998,7.2,1
0.0,1.92,0.76,11.286,0.0,0.0,5.878,7.2,1
0.0,2.4750006,2.6349993,7.198002,0.074999996,0.074999996,5.565998,7.2,1
0.0,2.0150006,10.915003,5.8050017,0.9150001,5.745002,2.8169994,7.2,1
0.0,1.0650004,1.6950005,9.324003,0.074999996,0.074999996,5.877002,7.2,1
0.0,1.3050005,3.48,11.267003,0.9549999,10.0549965,3.3439994,7.2,1
0.0,1.2449995,0.5249999,4.1139984,0.044999998,0.0,3.2479994,7.2,1
0.0,1.4049997,0.55499995,8.698003,0.9949996,9.464997,6.125002,7.2,1
0.0,2.26,3.9,34.884,0.0,0.0,5.967,7.2,1
0.0,3.2049994,14.405003,18.765003,0.0,0.0,5.9439983,7.2,1
0.0,2.2250006,2.3849993,0.9319999,0.074999996,0.0,2.7280006,7.2,1
0.0,2.7349994,12.985003,15.5770035,0.0,0.0,5.808998,7.2,1
0.0,3.75,1.46,3.061,0.81,2.48,2.594,7.2,1
0.0,0.15500008,0.31499994,-0.24200007,0.29500008,0.43500006,6.1230016,7.2,1
0.0,0.5849999,1.5850005,8.870003,0.074999996,0.074999996,5.9990015,7.2,1
0.0,4.39,4.66,177.188,0.12,3.15,5.984,7.2,1
0.0,2.1149993,5.104998,6.744002,0.20499992,0.7950001,3.1940007,7.2,1
0.0,3.35,1.35,19.909,0.0,0.0,5.943,7.2,1
0.0,2.07,2.65,65.186,0.65,4.29,3.186,7.2,1
0.0,3.62,3.63,62.848,0.98,11.71,3.301,7.2,1
0.0,3.2550006,2.0150003,19.527002,0.88499993,15.954997,5.961002,7.2,1
0.0,4.7750015,19.325003,25.497004,0.074999996,0.0,5.3659983,7.2,1
0.0,1.9,2.18,50.885,0.0,0.0,3.134,7.2,1
0.0,13.49,3.04,17.556,1.27,22.3,5.794,7.2,1
0.0,1.8600004,5.064998,10.965997,0.074999996,0.074999996,5.9759984,7.2,1
0.0,3.3350008,3.4849994,4.566002,0.074999996,0.074999996,5.7979984,7.2,1
0.0,1.0450003,2.91,9.183003,0.029999997,0.0,3.2779994,7.2,1
0.0,5.3249984,5.4850016,5.302002,0.074999996,0.074999996,6.004998,7.2,1
0.0,1.8349994,0.8949999,5.425998,0.56499994,2.7749994,2.9549994,7.2,1
0.0,0.24500006,0.39499992,-0.09900004,0.0,0.0,3.1910007,7.2,1
0.0,1.09,1.09,50.236,0.0,0.0,5.875,7.2,1
0.0,1.2350005,3.2549994,16.993004,0.40499994,5.705002,5.442002,7.2,1
0.0,1.7049994,0.69499993,5.6659985,0.074999996,0.0,3.2999992,7.2,1
0.0,1.7750006,3.1449993,18.484003,0.48499992,7.685002,6.140002,7.2,1
0.0,2.4950006,2.9249992,5.4460015,0.03,0.074999996,5.6849985,7.2,1
0.0,0.68500006,2.1850007,4.7280016,1.3,5.644998,6.0469985,7.2,1
0.0,6.93,1.78,6.767,0.0,0.0,3.802,7.2,1
0.0,0.21499993,0.49499992,1.2319995,0.87499994,1.1250005,3.2629993,7.2,1
0.0,0.07,0.025,0.40299994,1.3,0.33500007,5.3919983,7.2,1
0.0,0.9049999,1.6550006,8.967003,0.074999996,0.074999996,5.798002,7.2,1
0.0,2.0749996,6.4449983,12.314999,0.074999996,0.0,5.9769983,7.2,1
0.0,1.3349994,2.2250006,1.7020005,1.1050005,4.044998,2.7630007,7.2,1
0.0,0.61500007,2.9649994,4.0579987,0.074999996,0.0,5.892998,7.2,1
0.0,1.1349995,1.2950006,1.4940006,0.5149999,3.0650008,5.822998,7.2,1
0.0,1.2350005,2.2850006,6.019998,0.6450001,4.4650016,3.2009993,7.2,1
0.0,1.1650006,3.7950006,7.144998,1.2149994,9.384997,2.7099993,7.2,1
0.0,2.24,2.25,66.302,0.54,7.29,6.029,7.2,1
0.0,2.57,2.57,99.767,0.0,0.0,5.573,7.2,1
0.0,0.9049999,2.0650008,5.7469983,0.074999996,0.0,2.8209994,7.2,1
0.0,0.47500008,7.144998,0.8230001,0.09500004,0.22499993,1.7080005,7.2,1
0.0,3.0450006,3.2049994,1.1600006,0.5949999,4.6149983,2.8140006,7.2,1
0.0,2.0550008,2.2149994,0.33899993,1.0950005,11.995003,5.478998,7.2,1
0.0,1.0549995,1.2150005,1.6280005,0.4649999,2.5450006,5.866998,7.2,1
0.0,0.22499993,0.6449999,1.7189995,0.074999996,0.074999996,3.2219994,7.2,1
0.0,0.335,0.9050001,1.1870005,1.0250001,0.9849996,3.1020007,7.2,1
0.0,0.6549999,1.6650006,9.038003,0.715,6.455002,5.843002,7.2,1
0.0,9.74,2.98,17.816,0.0,0.0,5.979,7.2,1
0.0,2.1,0.54,12.282,1.29,15.84,5.849,7.2,1
0.0,0.54499996,1.3750005,7.767998,0.074999996,0.074999996,6.1080017,7.2,1
0.0,3.76,4.82,79.129,1.05,12.51,3.169,7.2,1
0.0,0.94,0.94,26.72,0.58,3.2,5.864,7.2,1
0.0,1.7249994,2.5950007,1.5180005,0.074999996,0.0,2.2090006,7.2,1
0.0,15.63,3.56,17.367,0.0,0.0,4.892,7.2,1
0.0,0.23500007,0.47499993,0.11,1.3,2.2750006,5.8509984,7.2,1
0.0,0.5850001,0.73499995,0.6549999,0.074999996,0.0,5.7449985,7.2,1
0.0,2.1350007,1.2650006,12.725003,0.0,0.0075,5.8670015,7.2,1
0.0,0.44500005,2.5899994,3.1030002,0.5749999,1.4949995,5.9499984,7.2,1
0.0,1.1149995,1.3050005,1.3520005,0.074999996,0.074999996,5.9349985,7.2,1
0.0,0.8449999,1.4450005,8.003003,0.074999996,0.074999996,6.015002,7.2,1
0.0,1.2149994,1.3650005,1.6620005,1.3,5.294998,3.2280006,7.2,1
0.0,5.28,1.96,11.43,1.24,14.17,5.862,7.2,1
0.0,3.2050006,19.854998,14.839997,0.0,0.0,4.426998,7.2,1
0.0,2.34,2.34,71.719,0.89,12.56,6.033,7.2,1
0.0,3.69,3.93,174.35,1.16,24.83,5.8,7.2,1
0.0,0.16499996,0.17499995,0.62000006,0.12500007,0.13499999,3.2969992,7.2,1
0.0,2.3049994,5.7149982,8.720997,0.99499995,8.025,3.8020008,7.2,1
0.0,0.25000006,0.24499993,0.9469999,0.0,0.015,3.3719993,7.2,1
0.0,0.18499994,0.49499992,1.2439995,0.074999996,0.074999996,3.2149994,7.2,1
0.0,0.8350001,0.98499995,-0.30300006,0.0,0.0,4.0479984,7.2,1
0.0,1.96,1.96,105.351,0.27,3.05,5.758,7.2,1
0.0,1.4,2.15,33.758,0.0,0.0,2.962,7.2,1
0.0,0.45499992,0.4649999,4.4309983,0.0,0.074999996,5.9300017,7.2,1
0.0,0.55,0.21499993,3.2680006,0.022499999,0.074999996,6.153002,7.2,1
0.0,1.24,1.48,44.293,0.0,0.0,5.591,7.2,1
0.0,0.26499993,0.5749999,1.5629995,0.26499993,0.38499993,3.3509994,7.2,1
0.0,0.53,0.53,8.902,0.88,1.58,3.377,7.2,1
0.0,0.6549999,1.4850005,8.267003,0.87500006,7.995002,6.0760016,7.2,1
0.0,2.2750006,2.4349992,1.9970006,0.24499993,2.3350008,5.958998,7.2,1
0.0,0.16499996,0.43499994,2.0830007,0.44500005,1.1950005,6.0690017,7.2,1
0.0,1.1349995,0.54499996,2.8039994,0.28499994,0.6449999,5.8579984,7.2,1
0.0,0.49499992,1.2150005,8.106003,0.074999996,0.074999996,5.5650015,7.2,1
0.0,0.31499994,0.6449999,3.3880007,1.1249995,4.2350016,6.2590017,7.2,1
0.0,0.68499994,0.8549999,9.028003,0.067499995,0.074999996,3.0429995,7.2,1
0.0,1.14,0.49499992,6.7799983,0.074999996,0.074999996,6.0880017,7.2,1
0.0,0.57500005,0.4649999,3.8480008,0.6049999,2.0050006,6.1100016,7.2,1
0.0,8.96,10.92,503.333,0.0,0.0,6.043,7.2,1
0.0,0.63499993,2.5950007,6.2319984,0.41500008,3.0300004,2.9679992,7.2,1
0.0,4.27,1.31,7.757,0.0,0.0,5.921,7.2,1
0.0,1.7049994,0.45499992,2.4229994,0.074999996,0.074999996,6.103998,7.2,1
0.0,0.7849999,1.1750005,6.2339983,0.955,6.0050015,5.810002,7.2,1
0.0,1.5149995,1.6650006,1.3830005,0.074999996,0.0,3.2480006,7.2,1
0.0,2.43,2.44,36.098,0.0,0.0,5.652,7.2,1
0.0,1.0250001,2.8949993,14.521003,0.45499995,6.0550017,5.402002,7.2,1
0.0,1.6949995,0.53499997,1.5820005,0.43499994,0.4650001,3.2010007,7.2,1
0.0,3.55,1.61,9.714,0.0,0.0,6.034,7.2,1
0.0,21.89,5.69,30.616,0.87,26.64,6.015,7.2,1
0.0,1.72,1.72,36.138,0.0,0.0,3.23,7.2,1
0.0,0.74499995,1.7350005,9.656003,0.6549999,5.7150016,5.9730015,7.2,1
0.0,2.0449998,4.5749984,6.5970016,0.074999996,0.044999998,3.2360008,7.2,1
0.0,4.79,5.62,132.134,1.06,29.55,5.82,7.2,1
0.0,0.7950001,0.54499996,2.7880006,0.022499999,0.074999996,3.3659992,7.2,1
0.0,0.9549999,2.8499997,8.830003,0.47499996,3.9049993,3.2439992,7.2,1
0.0,2.86,2.95,45.945,0.49,8.64,6.163,7.2,1
0.0,2.1949992,7.955,7.1550016,0.0,0.0,3.2650006,7.2,1
0.0,0.42500007,0.37499994,1.0429995,0.074999996,0.0,2.3109994,7.2,1
0.0,0.80499995,1.4050006,7.775998,0.39499992,2.5849993,6.0230017,7.2,1
0.0,1.09,1.99,21.694,0.25,1.36,4.993,7.2,1
0.0,12.65,2.98,13.511,0.0,0.0,4.565,7.2,1
0.0,0.5749999,1.8450005,10.398003,1.0349995,11.704997,5.9920015,7.2,1
0.0,0.5149999,0.5149999,5.4359984,0.42499992,0.99499995,6.034002,7.2,1
0.0,1.0350002,1.0450003,11.380003,0.074999996,0.074999996,5.988002,7.2,1
0.0,0.9,1.98,42.423,0.0,0.0,5.491,7.2,1
0.0,1.7449995,1.9050006,0.25199994,0.5949999,2.5850008,2.7360008,7.2,1
0.0,0.525,3.2150006,0.6220001,0.41500008,0.26500008,1.5270005,7.2,1
0.0,2.04,2.06,29.643,0.0,0.0,6.013,7.2,1
0.0,0.32500008,0.7649999,0.31199995,0.63499993,0.34500006,1.7999995,7.2,1
0.0,2.16,2.45,52.041,0.48,3.25,3.132,7.2,1
0.0,1.58,1.59,29.929,0.39,2.07,3.36,7.2,1
0.0,1.3649995,0.56499994,4.6919985,0.5149999,2.1749992,3.3849993,7.2,1
0.0,0.45500004,0.27499995,1.6349995,0.074999996,0.0,3.3009994,7.2,1
0.0,2.02,0.54,11.04,0.0,0.0,5.465,7.2,1
0.0,3.0,1.13,17.993,0.72,12.95,5.998,7.2,1
0.0,1.4000005,6.8650017,6.675998,0.0,0.0,5.113002,7.2,1
0.0,0.56499994,2.3050008,1.0300001,0.125,0.034999996,1.7619995,7.2,1
0.0,2.6,3.86,92.253,0.74,7.47,3.88,7.2,1
0.0,1.3249995,0.6649999,4.216998,1.0650004,4.3250017,3.1409993,7.2,1
0.0,1.34,1.34,45.526,0.0,0.0,5.893,7.2,1
0.0,2.5750008,1.4450005,8.6620035,0.94499993,7.6750016,3.3719993,7.2,1
0.0,2.0850008,2.4850006,1.2240006,0.92499995,5.024998,2.7010007,7.2,1
0.0,0.69499993,2.5550008,7.216998,0.074999996,0.074999996,3.2049994,7.2,1
0.0,18.03,10.04,15.445,0.0,0.0,3.139,7.2,1
0.0,12.42,3.61,8.162,0.0,0.0,2.767,7.2,1
0.0,2.1,2.11,117.303,0.0,0.0,6.008,7.2,1
0.0,2.7150006,2.8649993,5.855002,0.0,0.074999996,5.8249984,7.2,1
0.0,1.98,1.98,53.645,0.44,5.16,5.923,7.2,1
0.0,2.55,2.55,33.387,0.0,0.0,3.246,7.2,1
0.0,2.5150006,2.7249994,-0.35100007,0.074999996,0.0,5.7789984,7.2,1
0.0,0.56499994,2.09,5.6939983,1.1999998,7.1750016,3.2619994,7.2,1
0.0,0.64,0.65,32.311,0.0,0.0,5.417,7.2,1
0.0,0.5849999,1.0850005,5.9019985,0.044999998,0.074999996,6.052002,7.2,1
0.0,0.19499993,0.20499992,3.4410007,0.22499993,0.0,3.3829994,7.2,1
0.0,1.1349995,0.5249999,6.945998,1.0950005,7.2350016,5.877002,7.2,1
0.0,0.7149999,2.3049994,11.931003,0.0,0.074999996,5.4590015,7.2,1
0.0,0.9649999,2.4850006,6.749998,0.074999996,0.0,3.2199993,7.2,1
0.0,1.1349995,1.2850006,0.32099995,0.88499993,5.854998,5.9769983,7.2,1
0.0,1.1350005,2.6049993,15.145003,0.074999996,0.074999996,6.1150017,7.2,1
0.0,0.95,0.96,46.399,0.68,3.78,5.851,7.2,1
0.0,3.6150007,1.7150005,5.336002,0.074999996,0.06,3.1530006,7.2,1
0.0,2.6150007,1.2450005,6.787998,1.0750005,6.935002,5.9910016,7.2,1
0.0,0.73499995,2.7049994,8.624003,0.74000007,7.0350018,3.3949993,7.2,1
0.0,4.0049996,17.975002,23.480997,0.9849996,24.884996,5.880998,7.2,1
0.0,2.1750007,0.61499995,3.2759995,1.0550004,3.0825007,6.0004983,7.2,1
0.0,14.3,3.25,10.19,0.8,8.15,3.135,7.2,1
0.0,3.11,0.96,13.711,1.22,16.73,4.409,7.2,1
0.0,2.6049993,9.785003,15.138,0.074999996,0.0,5.907998,7.2,1
0.0,2.35,2.36,1.339,1.29,18.22,6.011,7.2,1
0.0,1.9349996,1.5450006,6.2149982,0.6049999,3.4049993,3.2039993,7.2,1
0.0,1.2849995,1.4650005,3.2399993,0.074999996,0.0,5.051998,7.2,1
0.0,3.5349994,14.575003,19.049002,0.074999996,0.0,5.447998,7.2,1
0.0,1.3450005,3.7950006,11.251003,0.0,0.0,3.1869993,7.2,1
0.0,2.8049994,6.564998,11.407997,1.1950005,12.764997,4.0759983,7.2,1
0.0,0.43499994,1.2600005,3.8150008,0.63499993,2.1050007,3.3439994,7.2,1
0.0,2.51,0.66,8.208,0.88,7.22,3.27,7.2,1
0.0,3.43,3.43,111.321,0.67,7.47,3.25,7.2,1
0.0,1.9249995,13.274997,5.934002,0.0,0.0,3.0039992,7.2,1
0.0,2.98,0.8,2.663,0.0,0.0,3.329,7.2,1
0.0,0.18000005,0.8349999,1.4750003,0.074999996,0.0075,5.975999,7.2,1
0.0,0.5450001,0.25499994,1.9389995,0.074999996,0.029999997,3.3229992,7.2,1
0.0,3.0750008,3.2349994,-0.31300008,0.074999996,0.0,5.9439983,7.2,1
0.0,0.88499993,0.88499993,9.981003,0.074999996,0.074999996,5.855002,7.2,1
0.0,1.7550005,5.4349985,10.227003,1.0550004,10.174997,6.0569983,7.2,1
0.0,4.2049985,3.8649993,25.035004,0.5249999,11.374997,5.942002,7.2,1
0.0,1.1449995,3.7150006,7.527002,0.074999996,0.074999996,6.032998,7.2,1
0.0,1.31,1.31,76.822,0.0,0.0,5.89,7.2,1
0.0,1.9149995,2.0949993,1.0380002,0.074999996,0.067499995,5.9769983,7.2,1
0.0,2.69,5.75,107.464,0.51,5.49,4.005,7.2,1
0.0,3.2850006,3.4349992,3.3189993,0.074999996,0.074999996,5.8099985,7.2,1
0.0,4.73,0.99,5.844,0.77,4.5,5.963,7.2,1
0.0,5.41,2.47,31.589,0.0,0.0,5.839,7.2,1
0.0,0.7849999,1.6749995,2.2620006,1.0450003,2.1950006,3.2170007,7.2,1
0.0,1.1250005,2.1950006,6.501002,0.38499993,1.9149995,6.044998,7.2,1
0.0,0.12,0.12,6.29,1.08,0.75,5.825,7.2,1
0.0,3.03,3.09,149.246,0.0,0.0,5.816,7.2,1
0.0,2.1,2.1,110.876,0.0,0.0,5.807,7.2,1
0.0,1.2400002,5.6900005,6.131998,0.0,0.0,5.1450005,7.2,1
0.0,0.7,0.71,31.412,0.8,3.42,6.107,7.2,1
0.0,1.4549999,0.7249999,8.763003,0.17500007,2.2849994,6.087002,7.2,1
0.0,1.3749995,1.5250006,2.6979992,0.074999996,0.074999996,5.7389984,7.2,1
0.0,16.83,4.13,13.519,0.0,0.0,3.281,7.2,1
0.0,2.2450006,1.2250005,10.857003,0.49500006,6.3050017,4.7870016,7.2,1
0.0,1.71,1.71,32.591,0.0,0.0,3.104,7.2,1
0.0,1.7350005,8.264997,32.101,0.0,0.074999996,6.0560017,7.2,1
0.0,0.72,3.5,4.3099985,0.074999996,0.0,5.8169994,7.2,1
0.0,0.31499994,1.3250005,4.9689984,0.0,0.074999996,5.8070016,7.2,1
0.0,0.7749999,3.1150007,2.1020007,0.074999996,0.014999997,3.1849992,7.2,1
0.0,0.50000006,1.5149995,3.1359994,0.074999996,0.0,5.3909984,7.2,1
0.0,1.8050005,3.9649994,10.458999,0.32499993,2.6249998,5.952998,7.2,1
0.0,1.0949994,1.2550005,-0.39600006,0.074999996,0.0,3.2880006,7.2,1
0.0,0.86499995,2.5149994,14.816003,1.1499996,18.094997,6.178002,7.2,1
0.0,1.2949995,1.4450005,-0.022999994,0.19499993,0.45500004,3.1210008,7.2,1
0.0,0.19499993,0.45499995,1.4439995,0.105,0.25499994,5.9170017,7.2,1
0.0,11.12,2.86,17.175,0.0,0.0,6.005,7.2,1
0.0,1.3250005,2.6649992,15.224003,0.074999996,0.059999995,5.982002,7.2,1
0.0,0.22,0.22,11.818,0.0,0.0,5.427,7.2,1
0.0,0.9649999,2.0549996,10.901003,0.31499994,2.5550008,5.6470017,7.2,1
0.0,0.9049999,1.7450005,9.722003,0.074999996,0.074999996,5.9770017,7.2,1
0.0,1.3350005,5.4749985,4.1819983,0.87499994,3.3350008,3.4539993,7.2,1
0.0,1.7650006,2.8149993,14.413003,0.074999996,0.0,2.9359994,7.2,1
0.0,2.08,0.92,12.219,0.3,3.67,5.875,7.2,1
0.0,13.175003,13.775003,11.319997,1.2350005,12.965003,3.4390006,7.2,1
0.0,2.79,0.76,9.021,0.12,1.08,3.233,7.2,1
0.0,0.40499994,1.2450005,6.493998,0.06,0.074999996,5.738002,7.2,1
0.0,1.2649995,0.7049999,4.346998,0.074999996,0.0,3.3749993,7.2,1
0.0,0.80499995,0.81499994,8.543003,0.25499994,0.34500006,3.2629993,7.2,1
0.0,0.22499993,0.5849999,2.0750008,0.0,0.074999996,4.375002,7.2,1
0.0,0.68499994,2.0050006,6.4039984,0.53499997,2.9050007,3.4489994,7.2,1
0.0,1.53,1.54,27.184,0.96,8.69,5.917,7.2,1
0.0,2.7449994,8.975003,8.385997,0.0,0.0,3.0380006,7.2,1
0.0,4.36,1.49,8.751,0.57,4.99,5.953,7.2,1
0.0,1.5750005,5.6949983,7.8649983,0.7749999,5.6350017,5.2179985,7.2,1
0.0,0.17499995,0.40499994,1.8859994,0.0,0.074999996,6.0170016,7.2,1
0.0,1.3049995,0.92499995,7.157998,0.074999996,0.074999996,5.316002,7.2,1
0.0,0.45500004,0.5749999,1.014,0.074999996,0.0,5.815998,7.2,1
0.0,0.54499996,0.87499994,4.775998,0.7150001,3.9049993,6.139002,7.2,1
0.0,3.9949994,14.645003,12.917997,0.63499993,7.1149983,3.2010007,7.2,1
0.0,0.25499994,0.7849999,4.0829983,0.0,0.074999996,5.9310017,7.2,1
0.0,3.67,1.31,11.057,0.0,0.0,3.013,7.2,1
0.0,2.3050008,2.4649994,4.350002,0.19499993,1.8250005,6.0679984,7.2,1
0.0,2.0849993,5.9749985,11.989003,0.24499993,1.9750001,5.926998,7.2,1
0.0,0.90999997,0.32499993,5.019998,0.9549999,4.5550017,5.8650017,7.2,1
0.0,8.69,1.86,10.986,0.3,3.3,5.938,7.2,1
0.0,7.58,2.33,7.887,0.15,1.18,4.004,7.2,1
0.0,4.48,1.52,2.833,0.0,0.0,2.673,7.2,1
0.0,11.01,3.04,16.752,0.33,5.53,5.547,7.2,1
0.0,3.0949993,13.245003,18.521997,0.86499995,14.644997,6.032998,7.2,1
0.0,1.7949995,14.444997,8.498997,0.0,0.0,4.4299984,7.2,1
0.0,1.76,2.41,30.149,1.27,7.08,3.168,7.2,1
0.0,2.9149992,6.2249985,17.064997,0.28499994,3.4950006,5.906998,7.2,1
0.0,1.53,0.41,9.109,0.0,0.0,5.954,7.2,1
0.0,0.065,0.01,0.17899995,0.074999996,0.0,5.124998,7.2,1
0.0,6.3,2.19,38.266,0.0,0.0,6.074,7.2,1
0.0,21.62,5.68,34.165,0.0,0.0,6.026,7.2,1
0.0,0.9849996,0.50499994,5.8039985,1.1750005,6.5450015,5.6210017,7.2,1
0.0,3.1650007,2.0150003,18.153004,0.63499993,10.284997,5.7010016,7.2,1
0.0,0.855,3.6850007,5.147999,0.5149999,2.2050006,5.893998,7.2,1
0.0,2.0750008,0.86499995,4.921002,0.62499994,2.7449994,6.137998,7.2,1
0.0,7.24,2.4,6.453,0.0,0.0,3.195,7.2,1
0.0,3.9549994,12.335003,23.565996,0.7849999,16.605003,5.978998,7.2,1
0.0,0.6499999,1.965,1.9370003,1.0850005,1.8349994,3.1320007,7.2,1
0.0,0.5749999,0.5849999,5.4969983,0.43499994,1.0450003,5.4850016,7.2,1
0.0,0.40500006,1.9150006,1.0360003,0.8450001,0.80500007,4.1029983,7.2,1
0.0,1.9449997,2.1049993,3.0229993,0.074999996,0.0,3.0020006,7.2,1
0.0,0.30500007,1.4950005,-0.32300007,0.074999996,0.0,1.8989995,7.2,1
0.0,1.31,1.31,39.953,0.0,0.0,3.178,7.2,1
0.0,1.3749995,1.5350006,0.7379999,0.6649999,3.1650007,3.7110007,7.2,1
0.0,1.9599998,2.0749993,14.790003,0.074999996,0.074999996,3.0249994,7.2,1
0.0,2.9349992,13.715003,16.815002,0.0,0.0,5.8249984,7.2,1
0.0,1.965,2.4350007,1.7180005,0.074999996,0.0,2.8140006,7.2,1
0.0,8.76,11.08,3.615,0.0,0.0,6.0,7.2,1
0.0,0.37500006,0.5249999,0.22899993,0.015,0.0,5.8049984,7.2,1
0.0,2.82,3.18,106.619,0.39,4.47,4.066,7.2,1
0.0,1.5149995,0.5249999,5.3189983,1.0950005,5.5750017,3.4669993,7.2,1
0.0,10.47,2.19,6.887,1.04,7.16,3.233,7.2,1
0.0,3.85,1.28,4.294,0.0,0.0,3.355,7.2,1
0.0,3.9150007,1.7450005,2.4779994,0.074999996,0.0,1.8629994,7.2,1
0.0,0.8949999,1.5650005,6.3889985,0.08500002,1.1050005,4.4430017,7.2,1
0.0,0.95499986,1.1150005,-0.46100008,0.81499994,4.4049983,5.7979984,7.2,1
0.0,4.97,1.6,2.641,0.0,0.0,1.956,7.2,1
0.0,0.76500005,0.54499996,2.0280006,0.074999996,0.074999996,2.5789993,7.2,1
0.0,0.8950001,1.0450003,0.74599993,0.30499995,0.63500005,3.0860007,7.2,1
0.0,1.72,0.47,10.016,0.54,5.41,5.823,7.2,1
0.0,3.24,0.74,4.364,0.0,0.0,5.897,7.2,1
0.0,0.024999999,0.034999996,0.13499999,1.1050001,0.5250001,5.4349985,7.2,1
0.0,1.2549999,0.56499994,7.4379983,0.0,0.074999996,5.9910016,7.2,1
0.0,0.32499993,0.6049999,3.1460006,0.29500008,1.2650006,6.2690015,7.2,1
0.0,3.07,3.08,183.996,0.8,14.91,6.069,7.2,1
0.0,4.57,1.23,7.455,0.0,0.0,6.111,7.2,1
0.0,1.3650005,2.3250008,5.257002,0.074999996,0.074999996,3.9420004,7.2,1
0.0,5.08,1.27,7.63,0.27,2.06,6.008,7.2,1
0.0,3.4550006,3.6049993,2.2069993,1.015,10.615003,3.1470006,7.2,1
0.0,0.81500006,0.31499994,2.6950006,0.0,0.044999998,3.1869993,7.2,1
0.0,8.925003,9.184997,6.4730015,0.074999996,0.074999996,5.767998,7.2,1
0.0,0.645,2.3250003,1.845,0.0,0.0,3.0000007,7.2,1
0.0,1.0749995,5.274998,7.033002,1.1750005,7.725002,5.9749985,7.2,1
0.0,0.67499995,2.0850008,5.742998,1.2150005,6.705002,2.9699993,7.2,1
0.0,1.2449995,1.4050006,1.4790006,0.074999996,0.0075,3.2060006,7.2,1
0.0,2.89,0.8,16.996,0.0,0.0,5.881,7.2,1
0.0,0.8449999,2.9850006,2.4290001,1.3,3.0050006,3.174,7.2,1
0.0,2.4049993,10.835003,14.476003,1.0350002,14.044997,6.169998,7.2,1
0.0,1.94,1.95,26.229,0.0,0.0,2.466,7.2,1
0.0,1.8049995,1.2950006,11.179003,0.074999996,0.074999996,6.061002,7.2,1
0.0,0.16499996,3.445,0.6510001,0.31499994,0.24499993,4.1080017,7.2,1
0.0,1.4150001,4.984998,8.3379965,0.074999996,0.074999996,5.826998,7.2,1
0.0,0.68,0.94,28.01,0.0,0.0,5.904,7.2,1
0.0,3.6650007,4.015,6.5620017,0.074999996,0.074999996,5.808998,7.2,1
0.0,2.035,9.165003,11.560003,0.0,0.0,5.860998,7.2,1
0.0,2.2250006,1.0950005,5.447998,0.074999996,0.0,2.4759994,7.2,1
0.0,2.2350006,4.0749984,2.5889993,0.074999996,0.074999996,2.9900007,7.2,1
0.0,2.9250007,1.2750006,5.525998,1.3,7.245002,5.2610016,7.2,1
0.0,1.77,1.78,20.689,0.51,3.02,3.341,7.2,1
0.0,2.8750007,3.8350008,2.1849992,0.8349999,9.415003,4.1599984,7.2,1
0.0,1.99,1.99,34.138,0.0,0.0,5.998,7.2,1
0.0,0.86500007,0.42499992,1.7109995,0.074999996,0.0,1.9750005,7.2,1
0.0,0.43499994,1.2950006,7.1069984,0.074999996,0.074999996,5.962002,7.2,1
0.0,0.23000002,0.9049999,0.841,0.0,0.014999999,3.2499998,7.2,1
0.0,1.96,0.62,11.436,0.83,9.49,5.835,7.2,1
0.0,1.8549994,2.3249998,0.58699995,0.074999996,0.0,2.7410007,7.2,1
0.0,0.26,0.27,7.18,0.12,0.19,6.035,7.2,1
0.0,0.4649999,0.92499995,2.6060007,0.029999997,0.074999996,3.2669992,7.2,1
0.0,1.19,1.19,26.292,1.22,8.73,6.012,7.2,1
0.0,1.75,0.58,10.425,0.23,2.4,5.957,7.2,1
0.0,1.48,1.49,25.816,0.0,0.0,5.824,7.2,1
0.0,2.7650006,2.9249992,1.1350005,0.074999996,0.044999998,5.8829985,7.2,1
0.0,0.80499995,2.7549994,15.699003,0.86499995,12.385003,5.961002,7.2,1
0.0,2.44,2.45,70.726,1.17,9.26,3.243,7.2,1
0.0,1.68,0.54,9.864,0.0,0.0,5.871,7.2,1
0.0,1.7749995,2.6350007,2.3649993,1.0450003,5.6149983,3.0970006,7.2,1
0.0,17.32,7.69,45.625,0.0,0.0,5.933,7.2,1
0.0,0.46000004,2.5900006,1.2829996,1.2650006,1.5249995,2.8009994,7.2,1
0.0,5.12,1.55,7.069,0.0,0.0,5.842,7.2,1
0.0,4.19,1.01,1.604,0.0,0.0,1.604,7.2,1
0.0,2.94,1.63,17.78,0.0,0.0,6.048,7.2,1
0.0,3.0,0.89,2.89,0.16,0.46,3.247,7.2,1
0.0,0.88500005,0.42499992,2.9620006,0.015,0.0,3.2389994,7.2,1
0.0,0.5749999,1.7849995,5.690998,0.074999996,0.074999996,3.1919994,7.2,1
0.0,0.30499995,0.7850001,1.4629995,0.074999996,0.074999996,1.9280006,7.2,1
0.0,2.6950006,1.5950005,7.247998,0.074999996,0.0,2.7189994,7.2,1
0.0,1.5449995,1.1950005,4.958998,0.074999996,0.074999996,3.1819994,7.2,1
0.0,1.4849994,0.75499994,7.729998,0.46499994,3.3549993,5.0780015,7.2,1
0.0,1.31,1.31,31.969,0.0,0.0,6.207,7.2,1
0.0,0.45499992,0.94499993,3.0600007,1.3,4.025,3.1789994,7.2,1
0.0,11.1,2.45,15.142,0.0,0.0,6.18,7.2,1
0.0,1.2299998,0.44499993,7.473998,1.1750005,8.374997,6.066002,7.2,1
0.0,0.8,3.89,42.328,0.0,0.0,6.014,7.2,1
0.0,1.2649995,0.7049999,4.3789983,0.88499993,3.6849992,3.3989992,7.2,1
0.0,0.8950001,0.7749999,2.4270008,0.067499995,0.074999996,2.6539993,7.2,1
0.0,1.86,1.87,61.862,0.0,0.0,5.118,7.2,1
0.0,4.9749985,57.694996,29.937002,0.0,0.0,5.867998,7.2,1
0.0,0.40499994,1.0650004,5.748998,0.30499995,1.4150006,6.0180016,7.2,1
0.0,7.97,2.77,16.453,0.85,13.99,5.983,7.2,1
0.0,3.11,0.87,10.391,0.0,0.0,3.341,7.2,1
0.0,5.11,2.32,13.522,0.0,0.0,5.854,7.2,1
0.0,2.3350008,2.4949994,1.4840006,0.074999996,0.074999996,5.906998,7.2,1
0.0,1.7,1.7,33.824,0.0,0.0,6.055,7.2,1
0.0,2.0650008,2.5749993,0.73599994,0.074999996,0.0,3.1350007,7.2,1
0.0,0.8349999,0.8349999,8.108003,0.56499994,1.0849994,3.1929994,7.2,1
0.0,0.59,0.59,15.425,0.52,0.97,3.169,7.2,1
0.0,0.4649999,1.2450005,6.202998,0.0,0.074999996,5.487002,7.2,1
0.0,2.3149993,6.484998,13.678003,1.0750005,13.824997,6.064998,7.2,1
0.0,0.22500008,0.16499996,0.89000005,0.0,0.0,3.2919993,7.2,1
0.0,0.26499993,0.69499993,2.1870008,0.63499993,1.3450005,3.7229993,7.2,1
0.0,1.72,0.61,10.046,0.44,4.42,5.841,7.2,1
0.0,1.72,1.73,34.582,1.1,6.17,3.26,7.2,1
0.0,3.1350007,1.6950005,9.891003,0.7849999,7.1550016,3.1799994,7.2,1
0.0,1.6349995,0.79499996,5.3459983,0.074999996,0.0,3.2449994,7.2,1
0.0,1.0750005,2.4750006,7.3099985,0.074999996,0.0,3.3139994,7.2,1
0.0,2.5950007,1.2650006,2.6639993,0.074999996,0.0,2.1190007,7.2,1
0.0,2.2950006,2.4449992,2.2689993,0.074999996,0.0,3.0420008,7.2,1
0.0,1.0449995,0.80499995,3.2530007,0.074999996,0.0,3.0459993,7.2,1
0.0,0.49499992,3.0249994,2.4250007,1.1249995,3.0749993,2.9159994,7.2,1
0.0,0.67,1.37,11.652,1.11,1.31,1.767,7.2,1
0.0,2.4350007,2.5949993,1.3960005,0.33499992,3.7350006,5.7669983,7.2,1
0.0,0.37499994,0.9549999,2.7410007,0.074999996,0.074999996,3.3119993,7.2,1
0.0,2.1349993,5.874998,7.054002,0.074999996,0.074999996,3.3130007,7.2,1
0.0,2.48,1.16,13.269,0.0,0.0,5.35,7.2,1
0.0,3.0149994,12.965003,9.622997,0.9250001,9.624997,3.1730006,7.2,1
0.0,6.28,2.87,17.284,0.0,0.0,6.043,7.2,1
0.0,2.3549993,9.165003,13.547003,0.074999996,0.0,5.899998,7.2,1
0.0,1.4849994,1.8549994,1.9320005,0.36499992,0.4650001,2.5400007,7.2,1
0.0,1.6049994,1.7650006,2.1309993,0.074999996,0.074999996,4.4629984,7.2,1
0.0,1.9550005,5.3250017,30.429003,0.075000025,4.6550016,5.8850017,7.2,1
0.0,5.6950016,14.775003,33.361,0.55499995,15.935003,5.860998,7.2,1
0.0,0.05,0.04,0.18099995,0.86499995,0.125,2.5750008,7.2,1
0.0,0.13499999,0.13500002,0.43100002,1.1000004,0.53499997,3.1260006,7.2,1
0.0,0.4,0.41,10.076,0.0,0.0,3.21,7.2,1
0.0,0.4649999,1.5350006,8.633003,0.074999996,0.074999996,6.0810018,7.2,1
0.0,0.78,0.78,15.853,0.21,0.99,6.056,7.2,1
0.0,0.90999997,3.2650006,5.0370016,0.074999996,0.0,5.563998,7.2,1
0.0,0.12500007,0.62499994,1.2290003,0.074999996,0.0,5.8599987,7.2,1
0.0,1.1450001,0.61499995,6.6799984,0.0,0.074999996,6.053002,7.2,1
0.0,2.9,0.93,5.634,0.0,0.0,6.058,7.2,1
0.0,1.5349995,5.6949983,9.7719965,0.074999996,0.074999996,5.947998,7.2,1
0.0,1.3949995,0.5749999,1.6930006,1.1250005,1.6249995,3.1610007,7.2,1
0.0,2.3650007,0.80499995,4.3365006,0.074999996,0.074999996,5.8959985,7.2,1
0.0,1.7149994,1.015,5.709998,0.53499997,2.7349994,3.3069994,7.2,1
0.0,0.8,0.49499992,4.9829984,0.30499995,1.2350005,6.1690016,7.2,1
0.0,0.26499993,0.73499995,3.7380006,1.1349995,4.685002,5.941002,7.2,1
0.0,0.82500005,0.9749999,1.3520005,0.7749999,3.4250007,5.472998,7.2,1
0.0,3.34,1.44,19.798,0.0,0.0,5.928,7.2,1
0.0,1.57,1.98,70.799,0.41,3.72,5.78,7.2,1
0.0,0.93499994,1.7949995,5.815998,0.35499993,1.5749995,3.2249994,7.2,1
0.0,1.8350005,13.004997,22.964003,1.1849995,13.004997,5.9040017,7.2,1
0.0,2.5,2.76,0.127,0.94,13.58,5.78,7.2,1
0.0,0.75500005,3.9749994,4.8039985,0.86499995,3.7750006,5.802998,7.2,1
0.0,0.21499993,0.55499995,2.7260008,1.0549995,3.2449994,5.9100018,7.2,1
0.0,7.61,1.72,5.317,0.0,0.0,3.091,7.2,1
0.0,1.8500004,4.584998,10.902997,0.074999996,0.074999996,5.973998,7.2,1
0.0,0.28499994,0.8449999,4.499998,1.0449995,5.1950016,6.0170016,7.2,1
0.0,1.0550004,3.8650007,3.0750008,0.0,0.074999996,3.2889993,7.2,1
0.0,5.14,1.5,4.976,0.0,0.0,3.317,7.2,1
0.0,0.69,0.7,14.472,0.0,0.0,5.614,7.2,1
0.0,1.6249995,1.0250001,9.680003,0.35499993,2.8049994,5.8130016,7.2,1
0.0,1.5950005,3.0550008,8.834997,0.75499994,6.0350018,5.6879983,7.2,1
0.0,4.265002,11.765003,25.569998,1.0850005,25.824997,6.0099983,7.2,1
0.0,5.47,1.94,11.842,1.11,13.14,6.104,7.2,1
0.0,1.9550005,2.0449998,15.784003,0.074999996,0.074999996,2.7959993,7.2,1
0.0,1.7949995,1.005,5.999998,0.0,0.0,3.3239994,7.2,1
0.0,8.92,2.55,6.749,0.0,0.0,3.11,7.2,1
0.0,8.1,2.95,10.208,1.2,12.25,3.569,7.2,1
0.0,1.1050005,2.4050007,6.0939984,0.9050001,6.125002,2.9989994,7.2,1
0.0,0.39500007,0.54499996,-0.32100007,0.8549999,2.1050007,5.860998,7.2,1
0.0,2.1150007,1.6050005,5.9640017,0.99499995,5.495002,5.872998,7.2,1
0.0,0.79,4.1199994,4.8189983,0.074999996,0.0,5.9529996,7.2,1
0.0,2.4850006,2.0150003,14.701003,0.9549999,13.074997,5.8470016,7.2,1
0.0,1.4499996,0.63499993,8.934003,0.0,0.074999996,6.041002,7.2,1
0.0,1.1550006,3.3049994,19.390003,0.074999996,0.074999996,6.120002,7.2,1
0.0,1.3250005,4.605002,24.338003,0.94499993,21.165003,6.1030016,7.2,1
0.0,2.3649993,7.2849984,13.633003,0.074999996,0.0,5.9109983,7.2,1
0.0,0.42500007,0.18499994,0.6409999,0.0,0.0,5.584998,7.2,1
0.0,1.4350005,6.7149982,6.872998,1.1749995,8.764997,5.184002,7.2,1
0.0,1.5749995,1.7250005,2.4879994,0.074999996,0.0075,3.1070006,7.2,1
0.0,1.1,1.11,35.966,0.23,1.49,5.885,7.2,1
0.0,0.48500007,0.60499996,1.1640005,0.49499992,1.2749995,5.676998,7.2,1
0.0,2.21,3.43,52.537,0.0,0.0,3.208,7.2,1
0.0,2.46,0.84,7.238,0.0,0.0,2.942,7.2,1
0.0,2.1250007,0.88499993,5.952998,0.074999996,0.0,2.8149993,7.2,1
0.0,0.64500004,0.30499995,3.8620007,0.0,0.0,6.040002,7.2,1
0.0,0.5450001,0.69499993,0.14099999,0.067499995,0.0,2.8600006,7.2,1
0.0,2.4,2.4,125.449,0.0,0.0,6.062,7.2,1
0.0,0.9150001,1.7450005,0.99899995,0.26499993,1.0649995,5.9779983,7.2,1
0.0,0.9149999,2.5050006,5.6689982,0.31499994,1.3049995,2.3099992,7.2,1
0.0,1.0449995,1.1950005,-0.35900006,0.27499995,0.68500006,3.3100007,7.2,1
0.0,1.2250005,4.644998,3.8440006,0.0,0.074999996,3.4829993,7.2,1
0.0,0.7249999,4.4450016,7.974001,0.0,0.074999996,5.441002,7.2,1
0.0,2.4650006,2.4750006,6.607002,1.0550004,12.835003,5.1129985,7.2,1
0.0,0.7950001,0.94499993,-0.36200008,0.074999996,0.0,2.8150008,7.2,1
0.0,2.21,2.21,38.226,0.0,0.0,6.059,7.2,1
0.0,2.11,2.87,31.185,0.31,1.96,2.995,7.2,1
0.0,0.47500008,1.5749995,3.3049994,0.074999996,0.0,5.7979984,7.2,1
0.0,0.14000003,0.73499995,0.50200003,0.0,0.0,2.9960003,7.2,1
0.0,1.8250005,4.5149984,6.0490017,0.7049999,3.6850007,3.3390007,7.2,1
0.0,0.84,0.35499993,4.756998,0.022499999,0.074999996,6.040002,7.2,1
0.0,7.12,1.82,10.325,0.0,0.0,5.704,7.2,1
0.0,2.2549994,6.6549983,7.488002,0.51500005,4.4450016,3.3250008,7.2,1
0.0,1.9550005,6.6549983,6.762998,0.0,0.0,3.7119994,7.2,1
0.0,1.1249995,0.47499993,2.3689992,0.074999996,0.074999996,5.6599984,7.2,1
0.0,1.07,1.08,18.818,1.16,7.29,5.876,7.2,1
0.0,2.8250008,2.4749994,7.6830015,0.5849999,3.9549994,5.644998,7.2,1
0.0,2.6050007,1.5750005,15.591003,0.0,0.074999996,5.921002,7.2,1
0.0,3.5949993,7.254998,11.7940035,0.074999996,0.0,3.2970006,7.2,1
0.0,3.13,3.29,60.682,0.0,0.0,5.712,7.2,1
0.0,1.5299997,0.67499995,9.392003,0.0,0.0,6.1440015,7.2,1
0.0,0.34500003,0.31499994,2.1890006,0.074999996,0.0075,5.8800015,7.2,1
0.0,2.42,0.69,7.608,0.0,0.0,3.144,7.2,1
0.0,2.1549993,8.135003,6.1680017,0.0,0.0,2.8540006,7.2,1
0.0,10.59,3.03,6.728,0.77,5.18,2.539,7.2,1
0.0,10.35,3.09,9.622,0.0,0.0,3.124,7.2,1
0.0,12.74,8.44,12.103,0.69,8.35,4.322,7.2,1
0.0,0.5450001,0.21499993,0.8759999,0.50499994,0.26500008,5.6459985,7.2,1
0.0,10.48,3.56,20.769,0.99,20.56,5.85,7.2,1
0.0,3.13,3.14,91.359,0.0,0.0,4.996,7.2,1
0.0,6.21,2.82,7.324,0.34,2.49,3.241,7.2,1
0.0,2.81,0.91,14.014,0.0,0.0,4.987,7.2,1
0.0,2.9,1.17,17.333,0.0,0.0,5.977,7.2,1
0.0,8.02,2.1,10.163,1.11,11.28,5.615,7.2,1
0.0,1.51,5.25,31.041,0.45,13.97,5.924,7.2,1
0.0,0.0,0.024999999,0.107,0.067499995,0.0,3.2299998,7.2,1
0.0,3.56,1.71,18.02,0.0,0.0,5.062,7.2,1
0.0,2.32,3.15,76.415,0.0,0.0,3.436,7.2,1
0.0,0.94499993,3.3350008,2.4070008,1.3,3.0850005,2.7930005,7.2,1
0.0,0.8249999,0.8249999,10.489003,0.36499992,1.3550005,5.9580016,7.2,1
0.0,0.69,0.7,26.313,0.34,1.39,5.929,7.2,1
0.0,3.67,1.55,5.164,0.64,3.3,3.353,7.2,1
0.0,2.3649993,10.065003,6.8520017,1.0049995,7.395002,2.8840008,7.2,1
0.0,1.6450006,4.254998,12.506003,1.2049994,16.174997,5.028002,7.2,1
0.0,4.3,1.3,14.05,1.19,16.72,3.267,7.2,1
0.0,0.09500004,0.24499993,-0.096000046,1.0850005,0.68500006,4.5220017,7.2,1
0.0,1.03,1.03,17.163,0.0,0.0,3.348,7.2,1
0.0,2.3149993,7.8049984,13.143003,0.074999996,0.0,5.8259983,7.2,1
0.0,0.24000004,0.6050001,1.2820004,0.62,0.76,4.5109997,7.2,1
0.0,5.85,2.64,12.961,0.0,0.0,5.71,7.2,1
0.0,1.1049994,1.2550005,2.6759994,0.43499994,2.4350007,5.8329983,7.2,1
0.0,6.93,1.51,8.478,1.03,8.73,5.728,7.2,1
0.0,1.4550005,6.4549985,4.5809984,0.95499986,4.875002,3.4489994,7.2,1
0.0,1.75,2.88,89.556,0.42,4.35,5.915,7.2,1
0.0,1.1149995,0.31499994,1.5280005,1.1750005,1.5249995,5.978998,7.2,1
0.0,2.0750008,2.2349994,1.4570005,0.074999996,0.0,3.2000008,7.2,1
0.0,4.8450017,15.515003,27.865004,0.074999996,0.0,5.781998,7.2,1
0.0,9.41,2.06,12.05,0.0,0.0,5.907,7.2,1
0.0,3.1950006,3.2050006,7.975002,1.0450003,19.235003,6.011998,7.2,1
0.0,1.0450003,1.9350005,10.925003,0.074999996,0.074999996,5.9890018,7.2,1
0.0,2.38,2.38,121.752,0.0,0.0,5.972,7.2,1
0.0,2.2350006,2.3949993,0.39599994,0.074999996,0.0,5.879998,7.2,1
0.0,1.4149995,0.67499995,7.7339983,0.074999996,0.074999996,5.316002,7.2,1
0.0,6.54,2.74,7.825,0.56,4.38,3.462,7.2,1
0.0,4.0450006,11.405003,23.460997,1.1750005,25.794996,5.815998,7.2,1
0.0,0.74500006,3.8949993,4.7979984,0.7149999,3.0450006,5.867998,7.2,1
0.0,0.49500006,0.59999996,1.3340005,0.074999996,0.0,5.708998,7.2,1
0.0,0.99,0.99,26.129,1.1,6.4,5.879,7.2,1
0.0,2.0949993,3.6049993,21.408003,0.074999996,0.0,6.1610017,7.2,1
0.0,0.125,0.18999997,0.4370001,0.0,0.074999996,3.2749994,7.2,1
0.0,3.67,1.23,11.359,0.0,0.0,3.095,7.2,1
0.0,0.6450001,2.2449994,0.53999996,0.0,0.0,5.2719984,7.2,1
0.0,0.37500006,1.1949995,2.7409992,0.6049999,1.3349994,5.848998,7.2,1
0.0,1.1150005,2.7449994,15.884003,0.53499997,7.2649984,6.052002,7.2,1
0.0,1.2649995,0.41499993,4.1399984,0.074999996,0.0,3.2209992,7.2,1
0.0,0.96000004,0.34499994,5.5469985,0.8249999,4.2950015,5.7540016,7.2,1
0.0,1.7450005,3.3449993,19.700003,0.074999996,0.0,6.1220016,7.2,1
0.0,2.88,3.23,124.026,0.11,1.4,4.414,7.2,1
0.0,0.9150001,1.2650006,-0.08500002,0.0075,0.0,2.9490006,7.2,1
0.0,1.3349994,1.4049995,3.7319994,0.8249999,5.755001,5.322998,7.2,1
0.0,0.39499992,1.1150005,5.7279983,0.0,0.074999996,5.7090015,7.2,1
0.0,1.85,3.28,47.814,0.0,0.0,3.413,7.2,1
0.0,0.6649999,2.3749993,13.516003,0.24499993,2.3849993,5.9840016,7.2,1
0.0,2.8749993,8.225003,16.953997,0.074999996,0.0,5.952998,7.2,1
0.0,1.0550004,2.4650006,6.8969984,1.1049994,8.3049965,3.3179994,7.2,1
0.0,2.9250007,1.9250005,6.409002,0.75499994,4.3850017,5.3849983,7.2,1
0.0,2.6549993,10.645003,15.345003,0.074999996,0.0,5.9019985,7.2,1
0.0,0.7649999,2.0050006,6.624998,0.074999996,0.0,3.3119993,7.2,1
0.0,1.29,1.29,60.08,0.95,7.29,5.951,7.2,1
0.0,0.9749999,1.8949995,5.8239985,1.1449995,7.2750015,3.0689993,7.2,1
0.0,0.7350001,0.8949999,1.3690006,1.2650006,3.0650008,3.1780007,7.2,1
0.0,1.1699998,0.38499993,7.0099983,0.8249999,5.3850017,5.9790015,7.2,1
0.0,0.45500004,0.27499995,1.6829995,0.7649999,1.1349995,3.3919992,7.2,1
0.0,1.3849995,1.1850005,4.9809985,0.39499992,1.6950005,3.5379994,7.2,1
0.0,0.0,0.07,0.063999996,0.06,0.0,1.9750005,7.2,1
0.0,1.1250005,4.2449985,3.0730007,1.2450005,3.6500003,3.0729992,7.2,1
0.0,1.34,1.34,44.781,0.0,0.0,6.029,7.2,1
0.0,4.7850018,9.915003,15.329002,1.2750006,18.395002,3.1920006,7.2,1
0.0,0.38499993,0.9549999,2.7120006,0.22499993,0.49499992,3.2779994,7.2,1
0.0,4.185002,10.765003,12.471997,0.39499992,3.8950007,2.9410007,7.2,1
0.0,3.0549994,13.735003,17.728996,0.92499995,15.084997,5.848998,7.2,1
0.0,1.1950005,2.4249992,14.238003,0.5849999,7.2249985,6.166002,7.2,1
0.0,0.50499994,1.2150005,5.9969983,0.0,0.074999996,5.5450015,7.2,1
0.0,3.2850006,2.1049993,20.246002,0.03,0.074999996,6.1230016,7.2,1
0.0,0.8349999,2.3849993,7.5439982,1.0149995,8.374997,3.3879993,7.2,1
0.0,2.1149993,4.3649983,11.398997,0.074999996,0.074999996,5.4759984,7.2,1
0.0,3.42,1.15,6.841,0.0,0.0,5.949,7.2,1
0.0,3.2550006,10.644997,2.0979993,0.18499994,2.3050008,6.4089985,7.2,1
0.0,4.85,1.09,4.033,0.94,3.79,3.7,7.2,1
0.0,2.1450007,0.86499995,6.420998,1.1650006,7.1550016,3.0009995,7.2,1
0.0,8.73,2.71,10.115,0.11,1.11,3.732,7.2,1
0.0,2.025,9.015003,10.014003,0.26500008,3.3550007,5.2490015,7.2,1
0.0,1.3749995,0.75499994,7.9850025,1.0349995,9.024997,5.6340017,7.2,1
0.0,0.82,0.83,35.424,0.75,3.6,5.851,7.2,1
0.0,0.20499992,0.55499995,1.4959995,0.074999996,0.074999996,3.3479993,7.2,1
0.0,1.6649995,1.8250005,1.7760005,0.074999996,0.0,3.1610007,7.2,1
0.0,1.2850006,3.3949993,20.193003,0.074999996,0.074999996,6.1800017,7.2,1
0.0,2.0750008,2.2649994,-0.41900006,0.61499995,6.354998,5.460998,7.2,1
0.0,0.4649999,1.4850005,7.7259984,0.6449999,4.5250015,5.6470017,7.2,1
0.0,1.1150005,2.9349992,16.823004,0.074999996,0.074999996,6.0040016,7.2,1
0.0,0.76500005,0.92499995,1.0840005,0.074999996,0.0,3.1650007,7.2,1
0.0,1.9650005,7.9049983,11.191003,0.70000005,8.294997,5.8859982,7.2,1
0.0,1.1449997,1.2750006,12.219003,0.074999996,0.0,3.6629994,7.2,1
0.0,1.08,0.40499994,6.3099985,0.41499993,2.2449994,5.987002,7.2,1
0.0,0.69500005,0.8449999,1.3080006,0.074999996,0.0,3.1990006,7.2,1
0.0,0.7150001,3.3949993,0.9229999,0.0,0.0,2.7260008,7.2,1
0.0,0.68499994,2.8450007,1.9139994,0.074999996,0.0,3.3359993,7.2,1
0.0,1.8149995,1.9750005,4.606002,0.074999996,0.074999996,5.3909984,7.2,1
0.0,1.45,1.46,25.985,0.37,1.72,3.209,7.2,1
0.0,1.1449995,0.40499994,3.7810006,1.2950006,4.7750015,3.2359993,7.2,1
0.0,0.49499992,1.3349994,3.5330007,1.015,3.405,2.8499994,7.2,1
0.0,0.105,0.05,0.41999996,0.074999996,0.0,5.9249983,7.2,1
0.0,0.8,0.81,24.429,0.0,0.0,6.014,7.2,1
0.0,1.9549999,0.8949999,5.8499985,0.26499993,1.0549995,2.9939992,7.2,1
0.0,0.034999996,0.034999996,-0.026,0.0,0.0,3.0700006,7.2,1
0.0,1.5450001,5.1149983,8.436997,0.074999996,0.074999996,5.3899984,7.2,1
0.0,9.3,1.91,6.417,0.0,0.0,3.36,7.2,1
0.0,1.8749995,0.9149999,5.861998,0.93499994,5.185002,3.1199994,7.2,1
0.0,2.1050007,1.6050005,5.9109983,0.20499992,0.8549999,2.8209994,7.2,1
0.0,0.53499997,1.9349996,5.2049985,1.1549995,6.5650015,3.2749994,7.2,1
0.0,7.03,2.78,16.6,0.0,0.0,5.971,7.2,1
0.0,0.5149999,0.96499974,3.7360008,0.9949996,4.1550016,3.7389994,7.2,1
0.0,0.95,0.96,17.536,0.77,4.31,5.894,7.2,1
0.0,2.98,0.91,8.963,0.84,7.53,3.008,7.2,1
0.0,4.2849984,2.4149992,6.856002,0.074999996,0.0,3.1540008,7.2,1
0.0,1.81,2.91,54.973,0.6,6.51,5.993,7.2,1
0.0,3.0950007,3.2749994,6.7470016,0.074999996,0.074999996,4.201998,7.2,1
0.0,1.89,1.89,51.969,0.0,0.0,5.998,7.2,1
0.0,0.9250001,0.8549999,4.960998,0.29499993,1.1850005,5.1110015,7.2,1
0.0,1.1050005,3.0749993,17.577003,0.40499994,5.754998,6.0180016,7.2,1
0.0,1.1700002,4.294998,6.738002,0.074999996,0.074999996,5.769998,7.2,1
0.0,0.7049999,2.0550008,4.9319983,0.074999996,0.0,2.7959993,7.2,1
0.0,0.6549999,1.5650005,8.700003,0.074999996,0.074999996,6.0040016,7.2,1
0.0,2.2850006,1.1950005,6.7799983,0.39499992,2.2499995,2.9799993,7.2,1
0.0,1.5150006,9.254997,8.637003,0.57500005,5.584998,6.125002,7.2,1
0.0,3.3449993,5.2350016,31.066004,0.19499993,3.6650007,6.1220016,7.2,1
0.0,0.23499992,0.69499993,3.6110008,1.1449995,4.5750017,6.118002,7.2,1
0.0,2.1349993,9.705003,6.100002,0.87500006,5.7950015,2.8500006,7.2,1
0.0,1.74,1.75,54.847,1.16,6.51,3.227,7.2,1
0.0,0.48499992,1.3250005,7.1949983,0.074999996,0.074999996,5.9380016,7.2,1
0.0,1.965,2.1149993,-0.49500006,0.074999996,0.0,5.2509985,7.2,1
0.0,0.98,0.98,56.18,1.21,7.1,5.986,7.2,1
0.0,2.22,0.56,13.564,0.26,3.53,6.11,7.2,1
0.0,2.91,3.33,35.273,0.7,5.53,2.715,7.2,1
0.0,0.94,4.064998,4.815998,0.074999996,0.0,5.3149986,7.2,1
0.0,3.1,3.11,124.822,0.11,2.07,6.061,7.2,1
0.0,2.84,2.87,167.969,0.8,13.65,6.008,7.2,1
0.0,0.75499994,3.2249994,11.2020035,1.1149995,13.494997,4.4970016,7.2,1
0.0,5.7950015,23.465004,18.183996,0.074999996,0.0,3.0910006,7.2,1
0.0,1.1649997,3.5750008,7.298002,1.2250005,8.384997,5.893998,7.2,1
0.0,0.94499993,1.6949995,2.8119998,1.2050005,3.2199996,3.1400006,7.2,1
0.0,0.9549999,1.9850005,11.427003,0.63000005,7.665002,6.1290016,7.2,1
0.0,2.43,2.44,119.209,1.09,15.61,5.893,7.2,1
0.0,0.79499996,2.9850006,2.3300006,0.074999996,0.059999995,3.4149992,7.2,1
0.0,1.4250005,6.4649982,2.5930007,0.0,0.0,1.9009994,7.2,1
0.0,11.13,4.27,25.233,0.0,0.0,5.909,7.2,1
0.0,0.5249999,1.3750005,6.7069983,0.55499995,3.3349993,6.1300015,7.2,1
0.0,0.25499994,0.67499995,3.3520007,0.41500008,1.7550005,5.883002,7.2,1
0.0,0.92,0.92,12.397,0.0,0.0,5.296,7.2,1
0.0,2.2,3.64,52.712,0.43,2.99,3.16,7.2,1
0.0,2.04,2.46,27.812,0.98,5.89,2.948,7.2,1
0.0,2.1250007,0.79499996,6.4899983,1.0450003,6.4450016,3.0589993,7.2,1
0.0,14.22,2.87,17.247,0.39,6.73,6.009,7.2,1
0.0,2.96,2.97,82.454,0.0,0.0,6.01,7.2,1
0.0,2.1850007,1.2150005,12.503003,0.0,0.0,5.640002,7.2,1
0.0,3.7050006,2.4949994,22.586002,1.1950005,25.454996,6.0700016,7.2,1
0.0,1.1449995,1.2950006,3.5419993,0.074999996,0.0,6.1059985,7.2,1
0.0,1.98,0.58,11.709,0.7,8.2,5.914,7.2,1
0.0,1.4750005,3.6150007,12.047003,0.0,0.0,4.5980015,7.2,1
0.0,2.9849994,9.405003,17.164997,0.074999996,0.0,5.7979984,7.2,1
0.0,6.2,1.42,7.619,0.0,0.0,5.365,7.2,1
0.0,3.3649993,7.0949984,10.824997,0.074999996,0.0,3.1920006,7.2,1
0.0,1.2349994,1.5249995,0.16999996,0.074999996,0.0,1.9359995,7.2,1
0.0,0.7149999,1.2450005,6.8099985,0.074999996,0.074999996,6.0100017,7.2,1
0.0,2.88,2.9,53.285,0.47,3.9,2.88,7.2,1
0.0,1.33,1.34,33.431,0.7,5.69,6.113,7.2,1
0.0,0.56,0.31499994,3.4540007,0.0075,0.0075,6.0560017,7.2,1
0.0,1.3050005,2.3750007,7.5290017,0.074999996,0.074999996,5.984998,7.2,1
0.0,0.39500007,0.34499994,1.4109994,0.37499994,0.37500006,3.2369993,7.2,1
0.0,1.2250005,4.155001,5.5419984,0.0,0.074999996,3.1109993,7.2,1
0.0,1.4649994,0.5849999,8.467003,0.48500007,4.855002,5.6220016,7.2,1
0.0,1.0149995,1.4550005,-0.19100007,0.074999996,0.0,2.5080006,7.2,1
0.0,2.0050006,2.3950007,3.1269994,1.2150005,6.894998,2.8630006,7.2,1
0.0,0.08500002,0.23499992,-0.4420001,0.44500005,0.40500006,5.8940015,7.2,1
0.0,4.19,4.2,100.062,0.0,0.0,6.035,7.2,1
0.0,0.88500005,1.0450003,0.11,0.21499993,0.7250001,5.887998,7.2,1
0.0,2.9649994,10.735003,17.531998,1.0349995,19.454996,5.9649982,7.2,1
0.0,1.9249995,0.7649999,6.1789985,0.40499994,2.1349993,3.2019994,7.2,1
0.0,4.09,1.92,9.647,0.0,0.0,5.051,7.2,1
0.0,0.47499993,0.48499992,5.769998,0.73499995,0.865,3.3119993,7.2,1
0.0,2.0549996,3.2749994,19.058002,0.6449999,10.984997,6.054002,7.2,1
0.0,3.0350006,2.0549996,17.247004,1.0450003,16.874996,5.645002,7.2,1
0.0,2.65,1.28,15.828,0.0,0.0,5.973,7.2,1
0.0,1.1150005,2.035,12.0440035,0.074999996,0.074999996,6.258002,7.2,1
0.0,1.2049994,1.4050006,1.9160005,0.074999996,0.074999996,5.919998,7.2,1
0.0,3.5350006,3.5450006,6.756002,0.63499993,12.325003,6.0609984,7.2,1
0.0,6.29,1.85,6.032,0.0,0.0,3.261,7.2,1
0.0,1.8349994,0.7249999,3.4849994,0.33499992,0.81500006,5.170998,7.2,1
0.0,2.0950007,2.6050007,2.6749992,0.074999996,0.0,2.8210006,7.2,1
0.0,0.80500007,0.9549999,1.021,1.0450003,5.104998,5.991998,7.2,1
0.0,3.19,4.33,131.971,0.69,9.57,4.349,7.2,1
0.0,2.1850007,2.5550008,2.3649993,1.1050005,6.7149982,2.8420007,7.2,1
0.0,1.9450005,7.004998,5.9500017,0.13500006,1.1549995,3.0670006,7.2,1
0.0,0.63499993,1.7449995,1.8730003,1.1350005,1.8649995,3.1890006,7.2,1
0.0,2.64,0.75,4.416,0.0,0.0,5.888,7.2,1
0.0,0.30500007,0.21499993,0.34300008,0.74499995,0.20500007,1.0249995,7.2,1
0.0,0.14499998,0.15499997,3.4950006,1.2750006,0.5849999,6.1890016,7.2,1
0.0,0.9749999,3.3149993,17.832003,0.074999996,0.074999996,5.6020017,7.2,1
0.0,0.7250001,0.88499993,1.2850006,0.074999996,0.0,6.0149984,7.2,1
0.0,1.3649995,0.5149999,8.157003,0.8550001,7.7350016,5.7920017,7.2,1
0.0,4.23,1.08,6.443,1.17,7.54,6.021,7.2,1
0.0,1.0849994,3.5150006,7.1540017,0.074999996,0.074999996,6.0279984,7.2,1
0.0,1.02,1.03,30.632,1.19,3.91,3.219,7.2,1
0.0,1.6550006,6.984998,5.2660017,0.0,0.0,3.3599994,7.2,1
0.0,2.1550007,0.9649999,7.182998,0.074999996,0.0,3.3299994,7.2,1
0.0,2.8150008,1.5050005,9.401003,0.074999996,0.0,3.3539994,7.2,1
0.0,0.67499995,3.4750006,9.097003,0.56500006,5.9450016,5.600002,7.2,1
0.0,1.1249995,1.2750006,1.1010005,0.5849999,1.9249995,3.1990006,7.2,1
0.0,0.6649999,1.7050005,7.5999985,0.074999996,0.074999996,5.677002,7.2,1
0.0,0.66,0.66,12.647,0.87,1.83,3.186,7.2,1
0.0,2.5650008,2.7249994,1.9730005,0.074999996,0.0,3.0270007,7.2,1
0.0,4.54,1.01,2.198,0.93,2.04,2.243,7.2,1
0.0,3.2150006,19.824997,18.570004,0.56500006,11.855003,5.591998,7.2,1
0.0,7.2149982,7.3650017,19.886997,0.074999996,0.074999996,5.905998,7.2,1
0.0,1.53,1.54,49.486,0.0,0.0,5.888,7.2,1
0.0,4.1349983,6.484998,5.7860017,1.2550005,6.664998,5.5239983,7.2,1
0.0,2.0350006,2.4850006,1.8750005,0.56499994,3.1950006,3.0910006,7.2,1
0.0,8.44,8.44,364.607,1.25,62.5,5.924,7.2,1
0.0,9.84,2.07,12.487,0.0,0.0,6.062,7.2,1
0.0,1.3450005,3.3450007,3.984999,0.29500008,1.5750005,3.2719994,7.2,1
0.0,0.8350001,8.084997,5.3979983,0.034999996,0.5250001,5.938998,7.2,1
0.0,2.08,2.08,53.481,0.72,4.15,2.77,7.2,1
0.0,1.66,1.67,27.329,1.07,5.67,3.193,7.2,1
0.0,0.21500006,0.19999994,0.8779999,0.5149999,0.27500007,6.1019983,7.2,1
0.0,0.7649999,2.3649993,13.617003,0.9049999,11.434997,6.054002,7.2,1
0.0,4.92,2.42,7.228,0.0,0.0,3.95,7.2,1
0.0,1.96,1.96,68.653,0.0,0.0,5.97,7.2,1
0.0,1.74,1.75,97.325,0.0,0.0,5.801,7.2,1
0.0,0.8949999,3.6250007,1.4309995,1.2150005,1.6449995,1.7619995,7.2,1
0.0,1.6949995,0.55499995,1.6470006,0.074999996,0.0,3.2700007,7.2,1
0.0,1.3050005,5.0949984,1.2119994,0.34499994,0.42499992,0.9709997,7.2,1
0.0,7.91,10.11,149.682,0.0,0.0,6.029,7.2,1
0.0,1.7150005,4.504998,5.501002,0.0,0.0,3.2340007,7.2,1
0.0,1.1349996,0.7249999,6.7719984,0.015,0.074999996,5.8780017,7.2,1
0.0,0.0,2.8549993,-0.14100008,0.074999996,0.0,3.4749994,7.2,1
0.0,0.31499994,0.31499994,2.7650006,0.43500006,0.7249999,5.4250016,7.2,1
0.0,6.07,1.69,4.298,0.0,0.0,3.048,7.2,1
0.0,0.17499995,0.17499995,1.3769995,1.1750001,0.73499995,5.745002,7.2,1
0.0,1.965,2.1249993,1.6190006,0.074999996,0.0,2.9370008,7.2,1
0.0,2.5549996,17.154997,14.782003,0.45500004,7.794998,5.8439984,7.2,1
0.0,1.005,3.6849992,20.364002,0.044999994,2.5249994,5.7530017,7.2,1
0.0,0.4650001,0.61499995,-0.32700008,1.2550005,2.1150007,3.3640006,7.2,1
0.0,3.51,4.31,183.001,0.28,5.65,5.748,7.2,1
0.0,1.5449995,0.86499995,5.289998,0.014999997,0.0,3.3869994,7.2,1
0.0,20.815002,14.674997,34.840996,0.074999996,0.074999996,5.1689982,7.2,1
0.0,0.48499992,1.4350005,8.048003,1.1149995,9.744997,6.092002,7.2,1
0.0,2.4749994,6.584998,14.356003,0.8249999,10.894997,5.9379983,7.2,1
0.0,0.76500005,0.50499994,1.4590005,0.8449999,0.9949996,3.2200007,7.2,1
0.0,0.33499992,1.0350002,5.6279984,0.0,0.074999996,6.0780015,7.2,1
0.0,1.0099996,3.0350006,6.403002,0.9749999,5.7750015,5.8389983,7.2,1
0.0,0.5450001,0.7049999,-0.34000006,0.074999996,0.0,2.1650007,7.2,1
0.0,0.9049999,0.9049999,7.8579984,1.0450003,2.4950006,3.2629993,7.2,1
0.0,0.17,0.17,9.386,0.19,0.18,5.635,7.2,1
0.0,1.8349994,1.9850005,-0.116000056,0.56499994,3.0250006,3.2380006,7.2,1
0.0,0.80500007,0.9649999,0.131,0.074999996,0.0,5.8579984,7.2,1
0.0,2.5749993,8.755003,14.790003,0.22499993,2.1550007,5.8709984,7.2,1
0.0,0.86499995,1.9450005,11.061003,0.074999996,0.074999996,6.0620017,7.2,1
0.0,1.2650001,2.7650006,7.061002,0.24499993,1.1149995,5.5139985,7.2,1
0.0,2.6450007,2.8049994,2.4959993,0.98499995,14.965003,6.0009985,7.2,1
0.0,3.32,3.33,110.501,0.0,0.0,6.012,7.2,1
0.0,3.06,3.67,71.359,0.42,4.02,3.131,7.2,1
0.0,1.015,2.1050007,6.6279984,0.7750001,5.7750015,3.4099994,7.2,1
0.0,0.0,0.01,-0.37700006,0.86500007,0.25500008,5.9580016,7.2,1
0.0,3.04,3.04,56.578,0.0,0.0,6.145,7.2,1
0.0,6.47,2.44,7.213,0.52,3.75,3.249,7.2,1
0.0,12.3,4.86,22.676,0.0,0.0,4.675,7.2,1
0.0,0.9,0.9,37.797,0.0,0.0,5.922,7.2,1
0.0,0.81499994,3.0249994,18.270002,0.074999996,0.074999996,6.2940016,7.2,1
0.0,5.29,1.63,9.785,0.99,9.69,6.003,7.2,1
0.0,3.2149994,7.004998,18.512997,0.074999996,0.0,5.7969985,7.2,1
0.0,1.7049994,2.1249993,0.71299994,0.9149999,4.604998,3.0580006,7.2,1
0.0,0.71,0.28499994,3.8870006,0.0,0.0,5.6550016,7.2,1
0.0,0.6549999,2.5049994,11.961003,0.55500007,7.6550016,5.9460015,7.2,1
0.0,0.9549999,2.5850008,6.118998,0.074999996,0.0,3.0389993,7.2,1
0.0,2.0750008,2.5149994,-0.11400005,0.074999996,0.0,3.1040006,7.2,1
0.0,1.6949995,1.8550005,-0.29000008,0.9749999,9.625003,6.0159984,7.2,1
0.0,2.2,3.32,58.49,1.28,8.35,2.965,7.2,1
0.0,0.32499993,0.445,1.2879995,0.0,0.074999996,3.2449994,7.2,1
0.0,1.0950005,4.774998,3.1470006,0.0,0.074999996,3.2339993,7.2,1
0.0,0.48499992,1.1250005,6.3579984,0.68499994,3.9949994,6.2020016,7.2,1
0.0,2.7149994,10.275003,8.728997,1.0349995,9.684997,3.2030008,7.2,1
0.0,1.7450005,8.625003,5.255998,0.0,0.0,3.2669992,7.2,1
0.0,2.2449994,6.4949985,9.035997,1.2450005,10.494999,4.0539985,7.2,1
0.0,1.7550005,3.2150006,7.893998,0.0,0.0,2.5049994,7.2,1
0.0,0.93499994,3.1250007,7.6029983,0.074999996,0.0,3.2349994,7.2,1
0.0,1.0850005,3.7949994,17.190002,0.0,0.074999996,4.7290015,7.2,1
0.0,12.54,2.86,16.576,0.52,8.62,5.796,7.2,1
0.0,3.5049994,10.705003,20.348997,0.35499993,5.604998,5.835998,7.2,1
0.0,0.8949999,1.7149994,5.1059985,0.074999996,0.0,2.9689994,7.2,1
0.0,0.70500004,1.9350005,0.50399995,0.074999996,0.0,3.1030006,7.2,1
0.0,0.41499993,1.2250005,4.1019983,0.75499994,2.7650006,3.7069993,7.2,1
0.0,0.115000054,0.74499995,1.2000003,0.074999996,0.0,6.0189986,7.2,1
0.0,0.105,0.13,0.66400003,0.8449999,0.62499994,5.9380007,7.2,1
0.0,1.3349994,0.49499992,6.1789985,0.074999996,0.0,4.5100017,7.2,1
0.0,1.43,0.54499996,8.422003,0.32500008,3.4749994,6.0170016,7.2,1
0.0,2.48,2.48,67.613,0.68,9.99,5.923,7.2,1
0.0,0.46000004,0.26499993,2.8880007,0.022499999,0.0,6.1220016,7.2,1
0.0,0.69499993,2.5150006,1.4719998,0.074999996,0.074999996,2.3480008,7.2,1
0.0,0.7249999,1.4349995,4.9019985,0.21499993,0.62500006,3.3929994,7.2,1
0.0,1.0649995,0.43499994,3.4900007,0.0,0.074999996,3.2019994,7.2,1
0.0,2.99,3.01,146.052,0.0,0.0,5.512,7.2,1
0.0,0.26000002,0.18499994,1.6469995,0.022499999,0.0,6.013002,7.2,1
0.0,1.1349995,1.2850006,1.004,0.19499993,0.41500008,3.3020008,7.2,1
0.0,1.1549995,1.6449997,2.6659994,0.8349999,5.414998,5.801998,7.2,1
0.0,0.8249999,3.2000003,3.1670008,0.60999995,1.8649999,4.3980017,7.2,1
0.0,1.6549995,1.8150005,3.1459994,0.7749999,7.2249985,5.951998,7.2,1
0.0,1.6749995,1.2850006,4.6949983,0.86499995,3.8449993,2.8009994,7.2,1
0.0,0.61499995,1.9549999,5.308998,0.074999996,0.059999995,3.2609994,7.2,1
0.0,1.1450006,2.7149997,10.710003,0.0,0.074999996,5.606002,7.2,1
0.0,3.0450006,3.2049994,-0.36900008,0.074999996,0.0,6.0099983,7.2,1
0.0,2.4150007,2.8250008,1.8340005,1.2950006,9.535003,3.0890007,7.2,1
0.0,2.81,0.88,7.589,0.0,0.0,2.701,7.2,1
0.0,9.74,2.04,11.421,0.0,0.0,5.682,7.2,1
0.0,0.86499995,2.6750007,1.9230003,0.8549999,1.3849995,2.3020008,7.2,1
0.0,5.28,1.52,8.367,0.2,1.67,5.934,7.2,1
0.0,1.1449995,1.3050005,0.36299992,0.074999996,0.0,5.742998,7.2,1
0.0,0.37000003,0.33499992,2.0680006,0.79499996,1.4649994,5.4320016,7.2,1
0.0,2.4,2.41,122.169,0.83,11.95,5.998,7.2,1
0.0,0.5500001,0.32499993,3.1750007,0.06,0.0,5.403002,7.2,1
0.0,1.2649995,3.3649993,0.97099996,0.27499995,0.45500004,1.9109994,7.2,1
0.0,0.9049999,2.8749993,12.861003,1.1349995,15.724997,5.824002,7.2,1
0.0,0.37499994,1.0250001,2.9510007,0.074999996,0.074999996,3.2599993,7.2,1
0.0,1.6549995,1.8050005,1.3180006,0.074999996,0.074999996,5.7709985,7.2,1
0.0,3.5750008,3.7349994,1.5440005,1.3,15.515003,3.2120006,7.2,1
0.0,7.34,4.21,14.978,0.0,0.0,4.243,7.2,1
0.0,3.16,3.16,131.664,0.0,0.0,6.081,7.2,1
0.0,0.41500008,0.5749999,-0.25600007,0.0,0.0,5.912998,7.2,1
0.0,1.5650005,4.5949984,4.868999,0.15500008,1.2050005,3.2830002,7.2,1
0.0,2.8949993,13.265003,9.2979965,0.57500005,5.914998,3.1960006,7.2,1
0.0,1.7849995,0.6649999,5.872998,0.074999996,0.0,3.2729993,7.2,1
0.0,2.25,0.75,12.661,0.0,0.0,5.627,7.2,1
0.0,6.52,2.34,7.482,1.23,9.2,3.34,7.2,1
0.0,3.6350007,3.8449993,2.9449992,0.8349999,8.675003,3.0280006,7.2,1
0.0,1.7749995,1.9250005,3.0379994,0.074999996,0.03,3.3610008,7.2,1
0.0,0.5350001,0.69499993,0.26899993,0.9549999,1.7049994,3.2400007,7.2,1
0.0,14.45,4.28,13.801,0.0,0.0,4.438,7.2,1
0.0,4.51,1.46,8.853,0.0,0.0,6.064,7.2,1
0.0,1.1050005,3.1250007,3.2030008,0.0,0.074999996,3.2579994,7.2,1
0.0,0.44499993,1.0850005,5.9629984,1.1450006,6.5350018,6.053002,7.2,1
0.0,1.4249995,8.015003,4.1739984,0.6650001,3.2149994,2.9079993,7.2,1
0.0,2.47,2.47,55.862,0.0,0.0,2.925,7.2,1
0.0,0.19499993,0.42499992,0.9759997,0.09500004,0.25499994,3.1659994,7.2,1
0.0,3.1949992,11.285003,10.317997,0.074999996,0.0,3.2080007,7.2,1
0.0,15.63,4.19,9.832,0.84,8.26,3.063,7.2,1
0.0,2.1450007,11.434997,6.2470016,0.0,0.0,2.8549993,7.2,1
0.0,0.6650001,0.45499992,1.0059994,1.0750005,1.0049995,1.3859994,7.2,1
0.0,0.96,0.96,26.27,0.8,2.45,3.196,7.2,1
0.0,1.0149995,0.34499994,1.6110005,1.0350002,1.3949995,5.8329983,7.2,1
0.0,0.24,0.24,13.441,0.0,0.0,5.929,7.2,1
0.0,3.3049994,12.715003,19.583998,0.69500005,15.094997,5.9649982,7.2,1
0.0,1.3750005,2.6650007,5.8840017,0.074999996,0.0,4.392998,7.2,1
0.0,1.62,1.62,34.987,1.11,5.91,3.286,7.2,1
0.0,1.34,3.3450007,7.941002,0.074999996,0.074999996,5.794998,7.2,1
0.0,2.1950006,2.3549993,5.7460017,0.074999996,0.074999996,5.9419985,7.2,1
0.0,4.5050015,19.935003,21.304003,0.41499993,7.1949983,4.7509985,7.2,1
0.0,3.0050006,3.0050006,9.126997,0.54499996,8.874997,6.005998,7.2,1
0.0,1.24,1.5,57.152,0.0,0.0,5.372,7.2,1
0.0,2.1549993,7.2649984,6.179002,0.0,0.0,2.8600006,7.2,1
0.0,3.7249994,17.185003,22.190996,0.935,22.414997,5.9839983,7.2,1
0.0,4.82,1.21,3.783,0.0,0.0,3.179,7.2,1
0.0,1.2,1.21,21.247,0.0,0.0,2.701,7.2,1
0.0,0.64,0.65,30.99,0.0,0.0,6.061,7.2,1
0.0,1.5150006,6.9449983,4.5829983,0.0,0.0,3.3099992,7.2,1
0.0,0.72,0.73,12.438,0.0,0.0,2.746,7.2,1
0.0,0.5450001,0.8949999,0.124,0.33499992,0.18500006,1.5429995,7.2,1
0.0,2.54,2.54,34.697,1.15,8.94,3.062,7.2,1
0.0,0.9050001,0.87499994,2.8280008,0.06,0.074999996,3.0369992,7.2,1
0.0,1.5449995,0.67499995,8.789003,0.0,0.074999996,5.547002,7.2,1
0.0,0.9049999,1.7649995,5.0760016,0.29499993,1.0249995,5.9499984,7.2,1
0.0,1.2649999,1.3550005,8.811003,0.86499995,3.3449993,3.3119993,7.2,1
0.0,16.63,3.85,12.573,0.34,4.27,3.274,7.2,1
0.0,2.4,2.41,103.808,0.0,0.0,5.186,7.2,1
0.0,0.40499994,1.0350002,5.6679983,0.074999996,0.074999996,6.0570016,7.2,1
0.0,1.0549995,5.1750016,6.9250016,0.074999996,0.0,5.986998,7.2,1
0.0,0.475,1.5349995,1.617,0.074999996,0.0,3.5749996,7.2,1
0.0,1.3450005,3.1649992,10.134003,0.074999996,0.0,2.032,7.2,1
0.0,1.9950005,2.1449993,0.7199999,0.67499995,3.6550007,2.9270008,7.2,1
0.0,7.73,1.85,5.749,1.3,7.47,3.159,7.2,1
0.0,2.3350008,1.6650006,14.477003,0.074999996,0.074999996,6.113002,7.2,1
0.0,1.1550006,4.4649982,3.4660006,1.09,3.86,3.3539994,7.2,1
0.0,1.6249995,0.88499993,9.310003,1.3,11.904997,5.5960016,7.2,1
0.0,1.3150005,2.5350006,6.192002,1.0550004,6.0650015,4.8579984,7.2,1
0.0,0.074999996,0.029999994,0.067999996,0.074999996,0.074999996,0.0,7.2,1
0.0,7.25,1.48,8.748,0.0,0.0,5.951,7.2,1
0.0,1.2049997,8.375003,2.3590007,0.0,0.0,2.0220003,7.2,1
0.0,1.29,1.3,52.037,0.42,3.21,5.918,7.2,1
0.0,7.87,1.75,5.085,0.19,0.97,3.198,7.2,1
0.0,0.74500006,0.25499994,0.6279999,1.1750005,0.5350001,3.1780007,7.2,1
0.0,0.24499993,0.6649999,3.4210007,0.0,0.074999996,6.000002,7.2,1
0.0,1.38,1.39,43.788,0.29,1.35,3.376,7.2,1
0.0,1.1250005,2.2450006,6.422002,0.86499995,4.9349985,5.9699984,7.2,1
0.0,2.91,0.73,2.616,0.85,2.22,3.584,7.2,1
0.0,1.8849995,0.68499994,2.0719993,0.41499993,0.6050001,3.2530007,7.2,1
0.0,0.86999995,0.31499994,4.8629985,0.044999998,0.074999996,5.954002,7.2,1
0.0,3.4350007,2.1949992,20.465004,1.2750006,24.724997,5.927002,7.2,1
0.0,2.4149992,4.354998,10.395003,1.0249995,11.594997,3.0489993,7.2,1
0.0,1.1850005,1.7850006,9.815003,0.074999996,0.074999996,5.8930016,7.2,1
0.0,0.75,0.43499994,4.578998,0.0525,0.074999996,6.0420017,7.2,1
0.0,4.77,1.38,15.643,1.24,19.4,3.279,7.2,1
0.0,0.41499993,1.0200001,3.1320007,0.7849999,2.2050006,3.3139994,7.2,1
0.0,0.7250001,1.7850006,0.085,0.074999996,0.0,1.9229995,7.2,1
0.0,1.1550006,2.5750008,2.1699994,0.074999996,0.0,1.8649995,7.2,1
0.0,0.7750001,0.27499995,1.1800005,0.0,0.074999996,5.7409983,7.2,1
0.0,0.87499994,3.3449993,9.657003,1.1249995,11.754997,3.2659993,7.2,1
0.0,1.6,1.61,91.597,0.0,0.0,5.944,7.2,1
0.0,1.7049994,0.5249999,1.4050006,0.074999996,0.0,2.8810008,7.2,1
0.0,3.49,4.18,42.408,0.0,0.0,3.162,7.2,1
0.0,0.8949999,3.3450007,2.4970007,0.37499994,0.8299999,3.2119994,7.2,1
0.0,0.110000014,0.54499996,0.49299997,0.074999996,0.0,3.414,7.2,1
0.0,0.7149999,1.1449995,3.9130006,0.074999996,0.0,3.3709993,7.2,1
0.0,0.6650001,2.1650007,4.408002,0.074999996,0.0,5.7799983,7.2,1
0.0,1.2149994,0.53499997,2.5609994,0.074999996,0.074999996,5.328998,7.2,1
0.0,0.13499999,0.13499999,3.0230007,0.074999996,0.074999996,5.258002,7.2,1
0.0,0.38499993,0.38499993,5.124998,1.3,1.3550005,3.4099994,7.2,1
0.0,4.58,0.99,5.908,0.0,0.0,6.029,7.2,1
0.0,1.3749995,0.68499994,2.1409993,0.074999996,0.074999996,3.3120008,7.2,1
0.0,0.82,0.84,24.273,0.0,0.0,5.995,7.2,1
0.0,0.25499994,0.5149999,2.5150006,1.0949994,3.1049993,5.961002,7.2,1
0.0,2.1049993,9.985003,12.050003,0.0,0.0,5.8979983,7.2,1
0.0,1.0449995,1.1950005,0.22099993,0.49499992,2.7850006,6.0099983,7.2,1
0.0,11.71,3.24,19.433,0.0,0.0,6.016,7.2,1
0.0,2.1649992,8.505003,11.669997,0.59,6.414998,5.517999,7.2,1
0.0,3.14,3.15,66.383,0.0,0.0,3.089,7.2,1
0.0,3.1649992,8.485003,9.663997,0.6549999,5.484998,3.0280006,7.2,1
0.0,1.4350001,4.334998,8.502997,0.074999996,0.074999996,5.859998,7.2,1
0.0,7.09,1.96,5.566,0.0,0.0,2.992,7.2,1
0.0,0.88499993,3.5049994,17.063004,0.23500007,5.3850017,5.6940017,7.2,1
0.0,1.5549995,0.87499994,9.675003,0.0,0.067499995,6.0570016,7.2,1
0.0,2.0350006,13.504997,6.2730017,0.0,0.0,3.0119994,7.2,1
0.0,0.22500008,0.20499992,0.8000001,0.0075,0.0075,2.9919994,7.2,1
0.0,2.2449994,8.455003,13.051997,0.28499994,2.6550007,5.9049983,7.2,1
0.0,0.80499995,1.8550005,9.583003,1.1949997,12.0549965,5.9640017,7.2,1
0.0,1.5249995,1.6850005,2.2409992,0.074999996,0.074999996,3.3100007,7.2,1
0.0,1.9850004,0.6549999,6.590998,0.93499994,5.8050017,3.3109994,7.2,1
0.0,1.3750005,4.1949983,5.0999985,0.03,0.014999997,4.056001,7.2,1
0.0,0.43500006,0.5849999,0.49499992,1.1450006,3.1650007,5.861998,7.2,1
0.0,0.86500007,1.0250001,-0.34700006,0.074999996,0.0,3.1250007,7.2,1
0.0,1.8949995,3.0350006,0.0050000018,0.074999996,0.0,2.9140007,7.2,1
0.0,4.5749984,4.5749984,13.400997,0.6649999,16.754997,6.0029984,7.2,1
0.0,0.5149999,0.88500005,2.8890007,0.074999996,0.074999996,3.2969992,7.2,1
0.0,5.06,2.1,12.45,0.0,0.0,5.929,7.2,1
0.0,1.4350005,2.6750007,8.939003,0.5350001,5.5750017,3.3649993,7.2,1
0.0,0.8450001,0.99499995,0.42899993,0.074999996,0.0,5.960998,7.2,1
0.0,0.45000002,2.2299995,1.5039998,0.0525,0.0,3.2709994,7.2,1
0.0,1.1650006,2.0550008,6.4489985,0.0,0.0,3.1379993,7.2,1
0.0,3.2049994,10.855003,10.317997,1.0950005,10.375003,3.1980007,7.2,1
0.0,0.7749999,2.8549993,16.412003,1.015,15.425003,6.0490017,7.2,1
0.0,2.64,2.65,102.082,0.0,0.0,5.89,7.2,1
0.0,10.36,3.6,16.585,0.0,0.0,4.62,7.2,1
0.0,1.64,1.64,29.203,0.45,2.35,3.187,7.2,1
0.0,0.7250001,1.8350005,2.0709994,0.48499992,1.5649995,4.9159985,7.2,1
0.0,5.97,3.19,7.454,0.0,0.0,3.255,7.2,1
0.0,1.21,1.22,16.612,0.0,0.0,3.145,7.2,1
0.0,0.12500007,0.13500006,0.53599995,0.0,0.0,5.899998,7.2,1
0.0,0.8349999,2.9549994,15.998003,0.074999996,0.074999996,5.6750016,7.2,1
0.0,0.7649999,1.7849995,2.4660006,0.074999996,0.029999997,3.7579994,7.2,1
0.0,2.1449993,8.405003,6.125002,0.0,0.0,2.8480008,7.2,1
0.0,5.23,1.58,9.358,0.0,0.0,5.923,7.2,1
0.0,2.0650008,11.814997,6.357002,0.50500005,3.5650008,3.0109994,7.2,1
0.0,2.74,2.75,71.808,0.78,7.03,3.29,7.2,1
0.0,0.7149999,1.7449995,5.8069983,0.074999996,0.0,3.3249993,7.2,1
0.0,0.13499999,0.13499999,1.7769995,0.24499993,0.115,3.7579994,7.2,1
0.0,0.85,0.5149999,5.241998,1.2250005,6.185002,6.1170015,7.2,1
0.0,0.9949996,1.1450006,1.2040005,1.2050005,3.7650006,3.0990007,7.2,1
0.0,1.9350005,5.2649984,15.909003,0.0,0.0,3.2589993,7.2,1
0.0,0.935,1.0950005,2.2249994,0.074999996,0.0,5.8909984,7.2,1
0.0,1.84,1.84,37.621,0.0,0.0,3.285,7.2,1
0.0,1.3249995,0.6549999,4.051998,1.1050005,4.3250017,3.0229993,7.2,1
0.0,1.5750005,5.1949983,15.880003,0.0,0.0,3.1199994,7.2,1
0.0,1.4150006,5.4349985,7.968002,0.8449999,6.0199986,5.814998,7.2,1
0.0,0.73499995,2.4449992,11.357003,0.6750001,8.644997,5.625002,7.2,1
0.0,2.95,0.83,17.8,0.6,10.68,6.034,7.2,1
0.0,3.51,1.69,11.524,0.73,8.41,3.283,7.2,1
0.0,1.32,3.4250007,7.923002,0.8549999,6.1950016,5.8699985,7.2,1
0.0,0.61499995,2.0550008,4.9289985,0.074999996,0.0,3.0189993,7.2,1
0.0,2.69,2.7,58.383,0.78,6.92,3.3,7.2,1
0.0,0.27500007,2.1049993,0.7509999,1.1199995,0.7250001,3.9010007,7.2,1
0.0,4.0149984,4.165002,8.892997,0.21000002,6.0650015,6.031998,7.2,1
0.0,0.4,0.4,8.373,0.0,0.0,3.265,7.2,1
0.0,4.09,1.22,7.118,0.49,3.49,5.834,7.2,1
0.0,1.4949995,1.6450006,2.4689994,0.074999996,0.022499999,3.0590007,7.2,1
0.0,7.14,2.86,6.797,1.06,7.2,2.905,7.2,1
0.0,1.6149995,1.1450006,9.656003,0.074999996,0.074999996,5.8330016,7.2,1
0.0,3.6450007,3.7949994,2.0819993,0.074999996,0.0,5.9309983,7.2,1
0.0,1.1249995,5.915002,6.912998,0.16499999,0.97499967,5.777999,7.2,1
0.0,0.57500005,3.2749994,3.9000006,0.29499993,0.7950001,6.039998,7.2,1
0.0,1.0450003,2.9049993,17.271004,0.41499993,5.8249984,6.204002,7.2,1
0.0,1.3449994,1.4950005,2.2409992,1.0350002,4.2449985,3.0900006,7.2,1
0.0,1.0549995,1.2050005,1.2860005,0.074999996,0.0,2.1510007,7.2,1
0.0,0.26500008,0.41499993,-0.051,1.3,1.2949995,3.1250007,7.2,1
0.0,1.1049994,0.38499993,6.300998,0.28499994,1.3550001,5.4780016,7.2,1
0.0,2.16,0.71,7.234,0.0,0.0,3.349,7.2,1
0.0,0.69500005,0.31499994,2.7740006,0.27499998,0.61500007,3.7749994,7.2,1
0.0,33.95,8.97,40.532,0.0,0.0,5.849,7.2,1
0.0,2.025,5.0950017,29.174004,1.1850005,32.545,5.901002,7.2,1
0.0,2.2949994,5.1749983,13.020999,0.074999996,0.074999996,5.7769985,7.2,1
0.0,0.86500007,2.1550007,5.9070015,0.50499994,2.4350007,6.1289983,7.2,1
0.0,2.0150003,4.6149983,11.586997,0.074999996,0.074999996,5.8589983,7.2,1
0.0,1.2949995,0.87499994,3.6020007,0.74499995,2.5349994,2.7589993,7.2,1
0.0,0.8550001,1.005,0.88899994,0.99499995,2.6550007,3.1150007,7.2,1
0.0,2.1350007,15.514997,6.0830016,0.31500006,2.2650006,2.7939994,7.2,1
0.0,2.0050004,8.715003,6.9510016,0.63499993,3.7750006,3.6379993,7.2,1
0.0,0.0,0.20499992,0.052,0.074999996,0.0,1.0520003,7.2,1
0.0,1.17,1.7,47.947,0.0,0.0,5.172,7.2,1
0.0,0.51000005,0.28499994,3.0640006,1.1750005,3.5249994,5.888002,7.2,1
0.0,1.1050005,1.6349995,5.0739985,0.0,0.074999996,3.0859993,7.2,1
0.0,2.39,1.07,13.148,0.0,0.0,5.501,7.2,1
0.0,1.8,0.55,10.37,0.23,2.39,5.761,7.2,1
0.0,1.7749995,1.9250005,2.7109993,0.63499993,6.1949983,5.9749985,7.2,1
0.0,12.03,2.91,9.474,0.0,0.0,3.267,7.2,1
0.0,2.1250007,2.2749994,4.0059996,0.39499992,4.0950017,5.6329985,7.2,1
0.0,0.52,0.52,15.401,0.19,0.6,6.117,7.2,1
0.0,1.39,1.39,60.122,1.12,9.16,5.886,7.2,1
0.0,1.6649995,0.80499995,4.125002,0.074999996,0.074999996,5.5499983,7.2,1
0.0,0.94499993,4.8650017,5.9299984,0.074999996,0.0,5.8119984,7.2,1
0.0,5.05,1.64,5.923,0.0,0.0,5.588,7.2,1
0.0,1.6349995,1.8050005,2.7769992,0.074999996,0.074999996,5.4819984,7.2,1
0.0,0.8,0.8,27.587,0.0,0.0,5.955,7.2,1
0.0,4.0550013,15.255003,13.017997,0.06,0.0,3.1770008,7.2,1
0.0,0.035,0.15000004,0.16099997,0.074999996,0.022499999,2.2450006,7.2,1
0.0,3.9349992,11.305003,23.266996,0.19499993,2.7050006,5.932998,7.2,1
0.0,0.22500005,0.18499994,1.5619994,0.015,0.0,6.138002,7.2,1
0.0,0.74499995,2.2849994,13.105003,0.33499992,3.5049994,6.066002,7.2,1
0.0,2.3949993,10.1950035,14.059,0.9649999,12.584997,5.984998,7.2,1
0.0,0.7849999,2.2350006,6.6289983,0.074999996,0.0,3.0679994,7.2,1
0.0,1.2150005,3.7250006,3.6190007,0.5350001,2.3249993,3.3149993,7.2,1
0.0,0.82500005,0.98499995,1.4870005,0.94499993,2.5050006,3.2140007,7.2,1
0.0,0.36499992,0.8949999,2.2750006,0.014999997,0.074999996,3.1669993,7.2,1
0.0,7.68,1.65,5.119,0.0,0.0,3.121,7.2,1
0.0,1.8649995,0.81499994,4.5500016,0.074999996,0.074999996,5.971998,7.2,1
0.0,0.69,0.69,13.615,0.0,0.0,3.264,7.2,1
0.0,1.37,1.38,26.036,0.15,0.66,3.19,7.2,1
0.0,0.42499992,1.2349994,3.9140007,0.5149999,1.6849995,3.1429994,7.2,1
0.0,1.14,1.15,16.856,1.16,7.21,5.452,7.2,1
0.0,0.9949997,0.61499995,5.872998,0.074999996,0.0,5.7940016,7.2,1
0.0,1.0149995,0.45499992,5.8909984,0.24499993,1.01,5.548002,7.2,1
0.0,2.1149993,6.894998,6.482002,0.09500004,1.0149995,3.0660007,7.2,1
0.0,0.30499995,0.30499995,5.2319984,1.3,1.7750006,5.862002,7.2,1
0.0,0.7149999,1.8650005,10.723003,0.20499992,1.4750005,6.107002,7.2,1
0.0,9.88,4.32,4.495,1.21,5.44,2.14,7.2,1
0.0,0.9250001,0.86499995,2.6250007,0.0,0.074999996,2.7749994,7.2,1
0.0,0.7150001,0.86499995,0.41199994,0.0,0.0,6.0359983,7.2,1
0.0,8.244997,28.095003,48.487995,1.2950006,58.985004,5.8509984,7.2,1
0.0,10.895003,8.3049965,27.116997,0.074999996,0.074999996,5.7779984,7.2,1
0.0,9.37,2.46,5.93,0.0,0.0,2.797,7.2,1
0.0,0.6449999,1.5250006,8.547003,0.48499992,3.6149993,6.0620017,7.2,1
0.0,1.7749995,2.025,2.7569993,0.6449999,1.6050005,5.754998,7.2,1
0.0,2.43,2.43,66.747,0.45,3.59,3.284,7.2,1
0.0,5.08,1.86,16.419,0.42,6.9,3.232,7.2,1
0.0,1.0350002,1.9149995,6.6399984,0.7150001,5.375002,3.4489994,7.2,1
0.0,2.13,2.13,31.675,0.0,0.0,3.211,7.2,1
0.0,3.08,1.27,9.852,0.0,0.0,3.199,7.2,1
0.0,7.33,3.13,13.378,0.29,3.88,5.597,7.2,1
0.0,2.2050006,2.3649993,2.5479994,0.074999996,0.074999996,4.065998,7.2,1
0.0,2.3949995,2.2850006,13.062998,0.03,0.059999995,5.5630007,7.2,1
0.0,0.45499992,1.1950005,4.037998,0.074999996,0.074999996,3.7799993,7.2,1
0.0,0.27499998,0.26499996,0.64900005,0.067499995,0.0,2.6869993,7.2,1
0.0,0.9250001,1.0850005,2.4939992,0.074999996,0.0,5.9709983,7.2,1
0.0,4.544998,4.6950016,5.4440017,0.074999996,0.074999996,5.920998,7.2,1
0.0,0.32,0.33,18.304,1.01,1.88,5.819,7.2,1
0.0,5.37,2.65,14.229,0.41,5.83,5.832,7.2,1
0.0,0.99,0.99,58.624,0.34,2.01,5.982,7.2,1
0.0,0.8549999,1.5350006,8.683003,0.6449999,5.0650015,6.1150017,7.2,1
0.0,2.0350006,0.93499994,2.8049994,1.005,2.4650006,3.1370006,7.2,1
0.0,11.33,2.56,12.591,0.56,7.05,4.938,7.2,1
0.0,0.33500007,1.1450006,-0.5200001,0.88499993,0.5950001,1.9269996,7.2,1
0.0,0.69499993,2.4649994,14.2020035,0.074999996,0.074999996,6.074002,7.2,1
0.0,0.054999992,0.21499993,0.0039999997,0.0,0.0,5.613002,7.2,1
0.0,1.5799996,0.9049999,9.942003,0.0,0.0,6.1830015,7.2,1
0.0,3.35,1.13,6.919,1.28,8.86,6.178,7.2,1
0.0,1.6449995,5.105002,1.6940005,0.074999996,0.0,2.9740007,7.2,1
0.0,4.04,1.33,7.882,0.0,0.0,5.926,7.2,1
0.0,6.5,3.03,9.517,0.17,1.62,3.141,7.2,1
0.0,2.95,2.95,120.432,0.0,0.0,5.972,7.2,1
0.0,1.9,0.48,11.005,0.44,4.84,5.792,7.2,1
0.0,1.7050005,2.7549994,16.076002,0.074999996,0.0,6.1240015,7.2,1
0.0,1.2049994,1.6649995,1.2530005,1.2250005,2.7850006,1.8669995,7.2,1
0.0,2.3049994,5.8049984,6.554002,1.005,6.105002,2.8300006,7.2,1
0.0,0.105,0.059999995,0.57600003,1.1650006,0.66999996,5.8949995,7.2,1
0.0,2.4299994,14.084997,8.123002,0.0,0.0,3.5209994,7.2,1
0.0,0.6649999,0.6649999,4.801998,0.49499992,0.74500006,3.3849993,7.2,1
0.0,1.9650005,5.5949984,7.2730017,1.0550004,7.125002,3.7330008,7.2,1
0.0,2.33,0.91,12.966,1.22,15.82,5.565,7.2,1
0.0,1.0949994,0.38499993,1.9380006,0.074999996,0.074999996,5.9349985,7.2,1
0.0,8.3,2.68,7.22,0.0,0.0,3.072,7.2,1
0.0,1.6450006,3.4950006,10.426003,1.1149995,12.574997,3.2099993,7.2,1
0.0,0.6650001,0.28499994,1.3050005,0.67499995,0.6650001,5.781998,7.2,1
0.0,1.005,2.1950006,2.9480007,0.8949999,2.4500003,3.2659998,7.2,1
0.0,1.76,2.25,30.853,0.58,3.18,3.111,7.2,1
0.0,1.5449995,1.6950005,3.5039992,0.8949999,7.7049985,5.781998,7.2,1
0.0,4.8150015,23.435003,29.007998,0.0,0.0,6.0289984,7.2,1
0.0,1.9150006,8.495003,9.674003,1.0349995,10.894997,5.222998,7.2,1
0.0,1.4,2.05,23.908,0.25,1.0,2.848,7.2,1
0.0,0.18499994,1.5649997,1.4939995,0.0,0.074999996,4.6900015,7.2,1
0.0,0.28,0.28,7.805,0.0,0.0,3.175,7.2,1
0.0,3.97,3.97,113.932,0.0,0.0,3.3,7.2,1
0.0,7.77,2.16,12.15,0.44,5.35,5.625,7.2,1
0.0,4.8,1.41,8.438,0.0,0.0,5.984,7.2,1
0.0,1.1549995,0.8449999,7.2739983,0.074999996,0.074999996,6.0500016,7.2,1
0.0,27.56,13.26,77.446,0.0,0.0,5.921,7.2,1
0.0,1.31,1.32,22.732,0.0,0.0,5.251,7.2,1
0.0,8.28,2.99,12.741,0.56,7.13,5.613,7.2,1
0.0,3.1850007,3.3349993,7.5220017,0.074999996,0.074999996,4.5109982,7.2,1
0.0,0.43500006,0.56499994,0.93999994,0.074999996,0.0,5.6069984,7.2,1
0.0,2.4050007,1.5250006,10.428003,0.08500002,1.7550005,4.310002,7.2,1
0.0,1.1450006,3.1949992,18.222004,0.38499993,5.5949984,5.9390016,7.2,1
0.0,2.2550006,2.4149992,2.7619994,1.0350002,7.1549983,3.1580007,7.2,1
0.0,2.46,2.47,25.323,0.0,0.0,2.489,7.2,1
0.0,0.92499995,2.7849994,8.953003,0.074999996,0.0,3.4189994,7.2,1
0.0,0.22500008,0.37499994,-0.41900006,0.0,0.0,5.9980016,7.2,1
0.0,1.2650006,3.3349993,13.753003,0.29499993,2.9650006,5.8130016,7.2,1
0.0,1.0650004,2.0949993,12.025003,0.31500006,4.72,6.0650015,7.2,1
0.0,1.78,1.82,89.907,0.3,3.16,5.908,7.2,1
0.0,2.6250007,1.1450006,5.677998,0.21499993,0.7350001,5.3519983,7.2,1
0.0,3.2750006,3.4249992,9.042997,0.0075,0.074999996,5.920998,7.2,1
0.0,0.44499993,1.2199998,3.8310006,0.49499992,1.5649995,3.1999993,7.2,1
0.0,0.8450001,0.99499995,-0.22600007,0.074999996,0.0,3.1080008,7.2,1
0.0,0.38,0.39,10.852,0.0,0.0,5.934,7.2,1
0.0,1.4949995,0.42499992,2.1289992,0.074999996,0.0075,5.7939982,7.2,1
0.0,2.1450007,2.3049994,-0.06000001,1.0350002,4.4049983,2.0260007,7.2,1
0.0,6.98,1.57,8.428,0.77,6.49,5.368,7.2,1
0.0,0.055,0.01,0.126,0.074999996,0.0,5.1750016,7.2,1
0.0,10.44,3.2,18.897,0.57,10.77,5.924,7.2,1
0.0,0.80500007,0.62499994,4.728998,0.074999996,0.037499998,5.534002,7.2,1
0.0,9.984997,36.315002,60.031,0.94499993,52.085003,5.9749985,7.2,1
0.0,2.67,2.67,29.973,0.92,8.08,3.29,7.2,1
0.0,1.6350005,4.6349983,15.268003,0.0,0.0,3.3329992,7.2,1
0.0,2.4450006,2.6049993,3.9599993,1.0950005,11.555003,4.4489985,7.2,1
0.0,3.12,3.12,92.932,0.0,0.0,5.994,7.2,1
0.0,1.13,1.14,21.234,0.12,0.81,5.958,7.2,1
0.0,0.67499995,1.5349995,1.9629999,0.9749999,1.7049994,3.2220006,7.2,1
0.0,1.0649995,0.40499994,1.9730005,1.2650006,2.1850007,5.8559985,7.2,1
0.0,0.49499992,0.9649999,6.8509984,0.32499993,0.39499992,3.0749993,7.2,1
0.0,3.49,1.31,7.707,0.0,0.0,5.928,7.2,1
0.0,6.71,2.89,7.077,0.0,0.0,3.686,7.2,1
0.0,0.0,0.01,-0.34900007,0.6450001,0.15500008,6.455002,7.2,1
0.0,1.3549994,1.6150004,2.026,0.074999996,0.0,2.8840008,7.2,1
0.0,0.88500005,0.62499994,1.7559994,1.2650006,2.1350005,1.9820005,7.2,1
0.0,1.3649995,0.49499992,1.3800005,0.074999996,0.0,3.1080008,7.2,1
0.0,5.45,2.64,8.146,0.0,0.0,3.086,7.2,1
0.0,6.3,2.62,4.612,0.0,0.0,2.938,7.2,1
0.0,5.86,1.32,7.728,0.0,0.0,5.899,7.2,1
0.0,1.8349994,1.9850005,-0.13300008,0.074999996,0.0,5.9699984,7.2,1
0.0,0.21499993,0.55499995,2.8020008,0.0,0.074999996,6.1960015,7.2,1
0.0,3.92,3.92,-0.209,0.0,0.0,5.853,7.2,1
0.0,0.8249999,2.7550006,4.6209984,0.485,2.1350007,1.7400005,7.2,1
0.0,1.8150005,7.4549985,5.817002,0.9049999,4.6949983,3.3749993,7.2,1
0.0,1.0950003,4.044998,6.2080016,0.074999996,0.074999996,5.7659984,7.2,1
0.0,0.63499993,1.2350005,6.7339983,0.25499994,1.3050005,5.9450016,7.2,1
0.0,7.03,12.31,122.518,1.2,50.64,6.002,7.2,1
0.0,1.2549999,0.41499993,7.407998,0.81499994,5.6150017,5.967002,7.2,1
0.0,0.9149999,2.8250008,6.439998,0.31000006,2.4849994,2.9079993,7.2,1
0.0,7.0,2.83,8.685,0.47,4.08,3.29,7.2,1
0.0,2.5550008,1.7850006,7.051998,1.2150005,8.194997,2.7849994,7.2,1
0.0,4.31,1.93,6.04,0.63,3.81,3.179,7.2,1
0.0,2.1649992,8.075003,12.553997,0.9149999,10.5549965,5.8959985,7.2,1
0.0,5.024998,5.4549985,6.2010016,0.39499992,5.2750015,3.1110008,7.2,1
0.0,1.4050006,2.5049994,14.484003,0.074999996,0.0,6.066002,7.2,1
0.0,1.0249997,0.54499996,6.4169984,1.0350002,6.3050017,6.1420016,7.2,1
0.0,1.7249994,1.8750005,2.4269993,0.20499992,1.3450005,5.3709984,7.2,1
0.0,12.62,3.19,10.997,0.82,9.02,4.15,7.2,1
0.0,0.03,0.01,0.13399999,0.074999996,0.0,5.854999,7.2,1
0.0,14.0,3.32,10.228,0.0,0.0,3.081,7.2,1
0.0,2.9050007,3.6650007,1.9280006,0.074999996,0.0,2.9140007,7.2,1
0.0,9.76,2.98,58.23,0.0,0.0,5.966,7.2,1
0.0,1.1449995,0.74499995,0.84299994,0.55499995,0.29500008,1.5249995,7.2,1
0.0,1.1899996,4.564998,7.758002,0.074999996,0.074999996,6.070998,7.2,1
0.0,2.2249994,9.255003,6.877002,0.0,0.0,3.2389994,7.2,1
0.0,5.86,1.2,3.904,0.0,0.0,3.253,7.2,1
0.0,1.2049994,1.3650005,2.3119993,0.87499994,6.104998,5.9639983,7.2,1
0.0,2.1749992,6.524998,6.3070016,0.7649999,4.2249985,2.8930006,7.2,1
0.0,21.75,5.04,26.867,0.0,0.0,5.803,7.2,1
0.0,4.0,1.74,8.2,0.0,0.0,5.899,7.2,1
0.0,1.63,1.64,49.267,0.0,0.0,5.923,7.2,1
0.0,6.96,2.41,14.201,0.21,2.98,5.917,7.2,1
0.0,0.74500006,2.5350006,4.967002,0.074999996,0.0,5.8909984,7.2,1
0.0,0.12,0.13,5.869,1.26,0.83,5.483,7.2,1
0.0,2.3349993,7.004998,12.844001,0.074999996,0.0,5.6209984,7.2,1
0.0,1.3449994,1.1050005,4.1809983,0.0,0.074999996,3.0719993,7.2,1
0.0,2.45,1.05,14.668,0.0,0.0,5.987,7.2,1
0.0,1.0650004,2.8050008,3.0530007,0.15000005,0.73499995,3.2349994,7.2,1
0.0,0.4,0.4,17.307,0.0,0.0,5.603,7.2,1
0.0,5.3,1.66,9.965,0.0,0.0,6.003,7.2,1
0.0,1.93,0.49,11.718,0.74,8.67,6.072,7.2,1
0.0,3.27,0.67,2.52,0.0,0.0,3.761,7.2,1
0.0,0.32500005,1.4850005,2.2059999,0.074999996,0.0075,5.8919992,7.2,1
0.0,4.96,4.97,133.127,0.0,0.0,3.196,7.2,1
0.0,1.0949994,0.55499995,3.8690007,0.074999996,0.0,3.4459994,7.2,1
0.0,0.8949999,1.9750001,5.848998,0.074999996,0.0,3.0669994,7.2,1
0.0,0.0,0.33499992,-0.32600006,0.0,0.0,5.475002,7.2,1
0.0,5.35,1.37,8.43,0.0,0.0,6.199,7.2,1
0.0,1.11,1.11,62.905,0.0,0.0,5.919,7.2,1
0.0,2.28,2.28,94.034,0.38,4.96,5.719,7.2,1
0.0,0.20499992,0.5149999,2.4800007,0.0,0.074999996,6.0170016,7.2,1
0.0,0.5949999,1.6150005,8.744003,0.6449999,5.105002,5.8390017,7.2,1
0.0,1.0700004,3.8850007,5.8890014,0.074999996,0.03,5.695998,7.2,1
0.0,2.3950007,1.3550005,14.057003,0.0,0.044999998,5.796002,7.2,1
0.0,2.3749993,7.4349985,7.344002,0.48500007,4.145002,3.0850008,7.2,1
0.0,1.73,1.76,73.067,0.73,7.53,5.964,7.2,1
0.0,0.7149999,1.1349995,3.8380008,0.074999996,0.0,3.3359993,7.2,1
0.0,0.61500007,0.7749999,1.1620005,0.074999996,0.0,6.1479983,7.2,1
0.0,0.42499992,1.1550006,6.2729983,0.73499995,4.265002,6.0640016,7.2,1
0.0,2.0,0.57,11.976,1.05,12.57,5.988,7.2,1
0.0,1.28,1.3650005,9.027003,0.32499993,1.06,3.3839993,7.2,1
0.0,1.6650006,4.164998,9.272003,0.4649999,3.5750008,5.8039985,7.2,1
0.0,1.2950006,2.3449993,13.278003,0.074999996,0.0,5.9570017,7.2,1
0.0,1.65,1.65,87.223,0.0,0.0,5.998,7.2,1
0.0,1.7050005,3.5950007,9.805997,0.75499994,6.6950016,5.894998,7.2,1
0.0,0.75,0.75,11.813,0.0,0.0,6.017,7.2,1
0.0,1.73,1.73,52.882,0.95,5.3,3.227,7.2,1
0.0,0.19499993,0.50499994,2.4280007,0.68500006,1.9750005,5.896002,7.2,1
0.0,1.3250005,5.984998,3.9290009,0.94499993,4.1550016,3.2779994,7.2,1
0.0,0.6450001,0.25499994,2.6170006,0.0,0.0,3.8139994,7.2,1
0.0,1.1649995,0.6449999,1.2640005,0.074999996,0.0,2.0110006,7.2,1
0.0,1.0350002,4.2649984,4.664998,0.565,2.5350006,4.9980016,7.2,1
0.0,3.93,1.24,2.761,0.35,0.97,2.906,7.2,1
0.0,1.6349995,1.7950006,0.68499994,0.6649999,5.9749985,5.9169984,7.2,1
0.0,3.7250006,1.7450005,2.6299994,1.0550004,2.4250007,1.9059994,7.2,1
0.0,0.55499995,1.2249994,3.8660007,0.73499995,2.5250006,3.1069994,7.2,1
0.0,0.25500008,0.41499993,0.17499995,0.044999998,0.0,5.9579983,7.2,1
0.0,10.85,4.33,23.878,1.02,24.36,5.527,7.2,1
0.0,1.8649995,2.0449998,3.0509994,0.8549999,5.9249983,3.8890007,7.2,1
0.0,2.6849992,5.254998,16.098003,0.0,0.074999996,3.2899992,7.2,1
0.0,0.75499994,3.1350007,6.940998,0.8550001,6.5950017,3.1789994,7.2,1
0.0,0.9749999,3.0049994,17.261003,0.8949999,14.145003,5.9920015,7.2,1
0.0,1.7350005,2.6649992,15.250003,0.88500005,14.784997,6.015002,7.2,1
0.0,3.1250007,1.8050005,19.213003,0.8474999,15.114997,6.0870013,7.2,1
0.0,1.6049994,1.7550005,-0.24300006,1.0950005,2.8150008,1.6109995,7.2,1
0.0,2.79,3.25,125.134,0.74,12.34,5.976,7.2,1
0.0,6.01,1.28,4.702,0.76,3.57,3.673,7.2,1
0.0,1.98,1.98,38.995,1.27,7.79,3.099,7.2,1
0.0,1.4450005,6.5949984,2.6650007,0.15500005,0.62499994,1.9249995,7.2,1
0.0,11.13,2.97,17.667,0.0,0.0,5.948,7.2,1
0.0,1.4150006,3.2750006,8.438003,0.27500007,3.0549994,3.1929994,7.2,1
0.0,5.234998,5.395002,14.073997,0.074999996,0.074999996,5.8329983,7.2,1
0.0,1.1250005,4.0950017,10.754004,0.43500006,5.5950017,5.8050017,7.2,1
0.0,1.4550005,4.524998,8.0460005,1.1450006,8.704997,5.7659984,7.2,1
0.0,0.33499992,1.0350002,2.9570007,0.074999996,0.074999996,3.2669992,7.2,1
0.0,19.52,5.74,31.054,0.4,12.42,5.904,7.2,1
0.0,0.71,0.24499993,4.0279984,0.022499999,0.074999996,6.1090016,7.2,1
0.0,8.46,1.99,6.132,0.75,4.6,3.097,7.2,1
0.0,2.27,0.71,13.359,0.17,2.27,5.885,7.2,1
0.0,4.21,1.04,3.31,0.0,0.0,3.214,7.2,1
0.0,2.45,3.26,68.537,0.0,0.0,5.704,7.2,1
0.0,1.0350002,1.6050005,8.860003,0.074999996,0.074999996,5.915002,7.2,1
0.0,6.92,1.6,9.761,0.0,0.0,6.139,7.2,1
0.0,1.2249994,1.5549995,0.24199992,1.2050005,2.8550007,1.9209995,7.2,1
0.0,11.67,2.67,9.02,0.0,0.0,3.378,7.2,1
0.0,0.5849999,1.4250005,7.834998,0.34499994,2.2149994,5.9780016,7.2,1
0.0,2.7750006,4.145002,-0.29300007,0.9649999,7.8849983,3.0620008,7.2,1
0.0,6.39,2.76,16.341,0.0,0.0,5.921,7.2,1
0.0,2.49,2.52,65.674,1.22,9.0,2.961,7.2,1
0.0,2.9050007,3.0549994,4.482002,0.074999996,0.074999996,3.0510006,7.2,1
0.0,0.4649999,0.9150001,3.0580006,1.1450006,3.4249992,3.2399993,7.2,1
0.0,1.1949995,0.47499993,3.8500006,1.3,5.0250015,3.1659994,7.2,1
0.0,1.9149995,0.87499994,5.6609983,0.7749999,4.0950017,2.9569993,7.2,1
0.0,1.17,2.12,35.931,0.0,0.0,5.649,7.2,1
0.0,3.3249993,14.705003,13.8639965,0.18499994,1.4449995,4.1679983,7.2,1
0.0,2.1150007,2.3949993,1.9110005,1.1750005,6.6349983,2.7090006,7.2,1
0.0,3.95,1.3,3.576,0.0,0.0,2.816,7.2,1
0.0,1.0350002,2.9850006,6.993998,0.7950001,6.225002,3.1479993,7.2,1
0.0,1.4849994,1.6350005,-0.015000001,0.074999996,0.0,5.999998,7.2,1
0.0,0.19,0.39500007,0.6959999,0.0,0.0075,3.1930006,7.2,1
0.0,0.85,0.55499995,5.380998,0.0,0.074999996,6.2750015,7.2,1
0.0,2.2249994,5.664998,11.662,0.074999996,0.074999996,5.348998,7.2,1
0.0,1.9349996,2.3350008,2.5289993,0.074999996,0.0,2.8650007,7.2,1
0.0,0.95499986,1.1050005,-0.34900007,1.1450006,3.4350007,3.1100006,7.2,1
0.0,0.505,1.6549995,1.5920001,0.45499992,0.5250001,3.1880002,7.2,1
0.0,1.1349995,5.835002,7.115,0.074999996,0.0,5.8179984,7.2,1
0.0,0.18499994,0.18499994,4.123998,0.73499995,0.50499994,5.9570017,7.2,1
0.0,2.65,2.65,70.633,0.53,8.46,6.021,7.2,1
0.0,1.2549995,1.4050006,2.4509993,1.3,9.885003,5.8199983,7.2,1
0.0,0.49,0.49,9.445,0.0,0.0,5.865,7.2,1
0.0,2.59,2.9,61.984,0.0,0.0,5.962,7.2,1
0.0,3.1650007,3.3149993,2.7749994,0.40499994,3.2650006,3.0510006,7.2,1
0.0,6.7,2.59,13.43,1.13,15.18,5.372,7.2,1
0.0,16.89,4.13,12.303,0.0,0.0,3.171,7.2,1
0.0,2.1350007,1.2150005,6.322998,0.5749999,3.2749994,2.9699993,7.2,1
0.0,1.965,2.1249993,1.5870005,1.0450003,12.305003,5.992998,7.2,1
0.0,4.5350018,20.945004,20.064997,0.074999996,0.0,4.406998,7.2,1
0.0,0.30499995,0.8949999,4.741998,0.5850001,3.2549994,6.0220017,7.2,1
0.0,1.3650005,2.8249993,14.691003,1.2450005,8.334997,5.5500016,7.2,1
0.0,3.0949993,10.685003,18.007998,0.074999996,0.0,5.8629985,7.2,1
0.0,2.2050006,2.2050006,5.618002,1.0250001,11.775003,5.393998,7.2,1
0.0,0.9649999,2.6950006,6.762998,0.074999996,0.0,3.2259994,7.2,1
0.0,0.0,3.8649995,-0.10000004,0.074999996,0.0,3.3270004,7.2,1
0.0,1.65,1.74,47.402,0.9,8.33,5.61,7.2,1
0.0,1.6349995,1.8150005,0.38299993,0.074999996,0.0,5.8849983,7.2,1
0.0,1.78,1.79,83.452,0.0,0.0,5.917,7.2,1
0.0,2.7050006,2.8549993,0.8679999,0.26499993,3.1450007,6.018998,7.2,1
0.0,4.18,1.32,4.226,0.0,0.0,3.226,7.2,1
0.0,0.92,0.92,15.294,0.18,0.42,2.558,7.2,1
0.0,1.41,1.42,64.982,0.0,0.0,6.039,7.2,1
0.0,16.96,3.75,17.002,0.0,0.0,4.534,7.2,1
0.0,0.26000002,1.4950005,1.6759999,0.42499998,0.61500007,5.846,7.2,1
0.0,2.09,2.09,97.94,0.0,0.0,6.098,7.2,1
0.0,1.6650003,4.294998,9.594997,0.074999996,0.074999996,5.801998,7.2,1
0.0,0.425,0.20499992,2.5220006,0.0,0.014999999,5.9770017,7.2,1
0.0,3.25,0.84,4.805,0.0,0.0,5.72,7.2,1
0.0,1.64,0.46,9.193,0.89,8.18,5.605,7.2,1
0.0,1.5150006,6.9049983,8.602998,1.0850003,8.974997,5.867998,7.2,1
0.0,1.4950005,2.4550006,8.254004,0.0,0.074999996,3.5309994,7.2,1
0.0,11.08,3.0,9.78,0.93,9.1,3.271,7.2,1
0.0,2.02,2.02,49.007,0.0,0.0,5.909,7.2,1
0.0,1.1450006,3.3049994,13.543003,0.9749999,12.334997,4.7550015,7.2,1
0.0,13.24,5.43,16.052,0.0,0.0,3.185,7.2,1
0.0,0.07,0.015000001,0.30299994,0.06,0.0,5.715,7.2,1
0.0,1.4249995,0.49499992,4.5819983,0.6449999,2.7249994,3.1799994,7.2,1
0.0,1.4150006,3.1750007,6.4379983,1.2149994,8.474997,2.2029994,7.2,1
0.0,0.57500005,0.29499993,2.0080006,1.3,2.5950007,3.2799993,7.2,1
0.0,3.58,1.01,11.622,0.78,9.07,3.246,7.2,1
0.0,3.9250007,4.0750017,2.4489994,0.074999996,0.0,3.4070008,7.2,1
0.0,1.84,5.13,31.162,0.24,7.48,6.074,7.2,1
0.0,5.48,1.16,6.835,0.27,1.85,5.943,7.2,1
0.0,0.25500005,0.76500005,1.8020004,0.074999996,0.0,5.7319984,7.2,1
0.0,1.52,1.52,23.843,0.77,3.64,3.109,7.2,1
0.0,4.25,1.29,25.126,1.2,30.15,5.912,7.2,1
0.0,2.7950006,3.6049993,2.4089994,1.2350005,16.025003,4.761998,7.2,1
0.0,0.4650001,2.8149993,-0.44800007,0.9149999,2.5350006,5.6819983,7.2,1
0.0,0.7649999,2.6749992,8.425003,0.7149999,5.515002,3.3569994,7.2,1
0.0,0.67499995,1.8549994,5.4349985,1.2550005,6.5750017,2.9299994,7.2,1
0.0,2.99,2.99,111.749,0.47,8.15,5.796,7.2,1
0.0,10.47,2.52,6.697,0.0,0.0,2.937,7.2,1
0.0,2.24,2.41,40.038,0.0,0.0,3.475,7.2,1
0.0,1.3000002,4.4949985,7.441002,0.074999996,0.074999996,5.7249985,7.2,1
0.0,3.0150006,3.1749992,0.59599996,0.074999996,0.0,5.9179983,7.2,1
0.0,0.15499997,2.8649993,2.2830007,1.1549995,0.5749999,5.1500015,7.2,1
0.0,0.24499993,0.25499994,4.347998,0.029999997,0.074999996,6.140002,7.2,1
0.0,0.0,8.365003,-0.056,0.2850001,0.085,1.9750005,7.2,1
0.0,0.13499999,0.13499999,2.4260006,0.0,0.074999996,5.625002,7.2,1
0.0,1.45,2.16,61.392,1.09,10.24,6.481,7.2,1
0.0,0.38499993,1.0650004,5.617998,0.0,0.074999996,5.8840017,7.2,1
0.0,3.0950007,2.1949992,18.718002,0.5949999,9.844997,6.0030017,7.2,1
0.0,5.25,1.82,10.818,0.67,7.25,5.944,7.2,1
0.0,1.3700002,6.4049983,8.024,1.2350005,9.314997,5.867998,7.2,1
0.0,0.63499993,2.0849993,11.675003,0.074999996,0.074999996,5.921002,7.2,1
0.0,5.16,5.17,120.42,0.93,29.04,6.051,7.2,1
0.0,4.75,1.09,6.386,0.0,0.0,5.913,7.2,1
0.0,1.86,1.87,64.377,0.0,0.0,5.601,7.2,1
0.0,1.48,1.49,61.2,0.0,0.0,6.252,7.2,1
0.0,0.6049999,2.1149993,6.4309983,1.0450003,6.3850017,3.2639992,7.2,1
0.0,1.0249995,0.36499992,3.6260006,0.0,0.074999996,3.4399993,7.2,1
0.0,0.55499995,1.9449997,3.1640007,0.0,0.074999996,2.7739992,7.2,1
0.0,2.0649996,6.2449985,11.073003,0.67499995,6.765002,5.5269985,7.2,1
0.0,7.6,2.51,6.216,0.0,0.0,2.476,7.2,1
0.0,2.3049994,7.6149983,12.573997,1.3,15.694997,5.5299983,7.2,1
0.0,3.3150008,9.424997,0.28499994,0.074999996,0.0,3.5540006,7.2,1
0.0,0.17499995,0.24999997,1.1769994,0.56500006,0.8349999,6.0370016,7.2,1
0.0,0.5949999,2.025,10.705003,1.0249995,11.934997,5.8710017,7.2,1
0.0,0.67,0.29499993,3.8070006,1.2850006,4.7750015,5.869002,7.2,1
0.0,6.24,2.34,14.012,0.0,0.0,5.988,7.2,1
0.0,1.9950005,0.5149999,1.5230005,0.074999996,0.0,3.2920008,7.2,1
0.0,0.59999996,1.7649995,1.9980003,0.56499994,1.0650004,3.7859998,7.2,1
0.0,0.36499992,1.2949995,3.0510006,0.074999996,0.074999996,2.9689994,7.2,1
0.0,0.6549999,1.4449995,4.9189982,0.074999996,0.0,3.3609993,7.2,1
0.0,1.9850004,2.1349993,0.13499999,0.074999996,0.0,3.2030008,7.2,1
0.0,0.9,0.9,52.869,0.97,5.34,6.12,7.2,1
0.0,11.37,2.48,15.077,0.0,0.0,6.104,7.2,1
0.0,0.6650001,0.27499995,2.2710006,0.73499995,1.4749994,3.2449994,7.2,1
0.0,1.58,1.59,79.053,0.45,4.39,6.171,7.2,1
0.0,2.09,0.53,12.599,0.15,1.89,6.028,7.2,1
0.0,1.6249995,1.1050005,10.137003,0.0,0.074999996,6.0820017,7.2,1
0.0,1.8049995,2.2549994,0.75899994,0.074999996,0.0,2.8080006,7.2,1
0.0,0.105,0.04,0.491,1.2150005,0.56,5.4409995,7.2,1
0.0,3.2150006,3.3649993,0.96699995,0.29499993,2.1950006,3.0580006,7.2,1
0.0,1.1250005,3.5449994,20.660004,0.074999996,0.074999996,6.0510015,7.2,1
0.0,0.67499995,2.1749992,12.613003,0.21499993,1.8550005,6.146002,7.2,1
0.0,1.63,6.46,31.846,0.0,0.0,5.833,7.2,1
0.0,0.865,0.49499992,5.1529984,0.037499998,0.074999996,6.0160017,7.2,1
0.0,0.55499995,1.005,5.4169984,0.30500007,2.1649992,5.980002,7.2,1
0.0,0.85,0.86,34.426,0.0,0.0,6.051,7.2,1
0.0,1.12,0.63499993,6.6129985,0.022499999,0.074999996,6.046002,7.2,1
0.0,6.38,2.91,6.328,0.33,2.09,2.985,7.2,1
0.0,1.2150005,4.7149982,3.7190006,0.0,0.074999996,3.4029994,7.2,1
0.0,0.99499995,2.2249994,12.823003,0.69500005,10.004997,6.074002,7.2,1
0.0,0.55500007,0.32499993,1.7309995,0.074999996,0.0,2.9419994,7.2,1
0.0,1.29,1.29,38.542,0.31,2.41,6.022,7.2,1
0.0,2.6350007,2.7949994,7.817002,0.074999996,0.074999996,5.8759985,7.2,1
0.0,0.89,0.9,27.614,0.97,2.74,3.169,7.2,1
0.0,0.40500006,0.40500006,0.8029999,0.074999996,0.0,3.2940006,7.2,1
0.0,2.2,0.89,12.918,0.0,0.0,5.872,7.2,1
0.0,0.049999997,0.20500007,0.48899996,0.0,0.03,5.5199995,7.2,1
0.0,4.57,1.27,2.452,0.0,0.0,2.043,7.2,1
0.0,4.47,1.05,6.104,0.0,0.0,5.869,7.2,1
0.0,0.91,0.92,33.465,0.0,0.0,6.085,7.2,1
0.0,0.55499995,1.0049995,2.5840006,0.24499993,0.37500006,2.5369992,7.2,1
0.0,1.1399997,1.2550005,10.619003,0.34499994,0.7850001,2.7929993,7.2,1
0.0,4.21,4.22,0.183,0.0,0.0,5.971,7.2,1
0.0,0.57,0.57,18.625,1.05,3.56,5.944,7.2,1
0.0,4.92,2.17,10.315,0.0,0.0,5.894,7.2,1
0.0,6.29,3.08,7.616,1.1,8.38,2.759,7.2,1
0.0,1.76,1.77,75.743,0.0,0.0,5.922,7.2,1
0.0,2.6,0.84,15.105,0.0,0.0,5.81,7.2,1
0.0,4.26,1.67,13.632,0.0,0.0,3.2,7.2,1
0.0,4.41,4.64,236.918,0.0,0.0,5.834,7.2,1
0.0,0.30499995,0.5950001,1.4219995,0.074999996,0.074999996,2.3089993,7.2,1
0.0,1.68,0.57,10.284,0.0,0.0,6.121,7.2,1
0.0,1.2649995,1.4250005,-0.058000006,1.1050005,8.175003,5.900998,7.2,1
0.0,2.5249994,4.8250017,21.861004,0.54499996,10.384997,4.7030015,7.2,1
0.0,2.81,1.15,16.619,0.9,14.96,5.914,7.2,1
0.0,0.15499997,2.35,0.3220001,0.0,0.074999996,1.5450006,7.2,1
0.0,1.32,1.33,32.982,1.09,7.98,5.546,7.2,1
0.0,4.17,1.0,3.733,1.12,4.18,3.733,7.2,1
0.0,1.6850005,3.8150008,9.243001,0.34499994,2.4550004,5.6849985,7.2,1
0.0,0.5949999,0.82000005,2.8100007,0.029999997,0.074999996,3.3529994,7.2,1
0.0,2.5450006,2.7049994,5.574002,0.074999996,0.074999996,6.0099983,7.2,1
0.0,6.68,2.58,14.982,0.0,0.0,5.807,7.2,1
0.0,1.0649995,0.5849999,1.9720005,0.0,0.074999996,3.6450007,7.2,1
0.0,0.8350001,0.45499992,1.6189995,0.074999996,0.0,1.9370005,7.2,1
0.0,0.8350001,0.98499995,-0.23400006,0.074999996,0.0,5.570998,7.2,1
0.0,1.9549999,2.2399995,2.8529994,0.074999996,0.0,2.8250008,7.2,1
0.0,2.0750008,2.3850007,2.6619992,0.074999996,0.0,2.7260008,7.2,1
0.0,0.33,0.33,15.617,0.32,0.58,5.479,7.2,1
0.0,1.1150005,3.1149993,18.274004,0.68499994,11.115003,6.1110015,7.2,1
0.0,0.92,0.92,20.706,0.0,0.0,3.297,7.2,1
0.0,2.0450006,0.99499995,0.85099995,1.3,0.87500006,1.5419995,7.2,1
0.0,1.4650005,2.2050006,7.570998,1.1049994,9.094997,3.4289994,7.2,1
0.0,0.5149999,0.5249999,2.8800006,0.93499994,1.1649995,3.3569994,7.2,1
0.0,1.965,2.1249993,1.8790005,0.62499994,6.5349984,5.8189983,7.2,1
0.0,2.0150006,1.6350005,2.9879994,0.074999996,0.074999996,2.7810006,7.2,1
0.0,1.6349995,1.7850006,2.0599995,0.074999996,0.0,3.1720006,7.2,1
0.0,2.48,0.64,15.304,0.0,0.0,6.171,7.2,1
0.0,4.4,1.59,3.766,0.0,0.0,2.942,7.2,1
0.0,0.40499994,2.8050008,2.4920006,0.0,0.074999996,2.0499997,7.2,1
0.0,2.3749993,5.2849984,16.896004,0.0,0.0,3.2409992,7.2,1
0.0,0.45499992,1.2050005,6.5929985,0.074999996,0.074999996,5.9760017,7.2,1
0.0,0.80499995,3.2750006,2.3660007,0.28499994,0.53999996,3.4189994,7.2,1
0.0,5.1849985,3.1449993,14.373003,1.3,18.854998,5.653002,7.2,1
0.0,1.6149995,0.67499995,3.5179994,0.074999996,0.074999996,5.662998,7.2,1
0.0,1.9850004,0.87499994,6.5879984,0.47499993,2.7449994,3.3089993,7.2,1
0.0,0.74499995,2.4549994,14.171003,0.73499995,9.325003,6.061002,7.2,1
0.0,9.36,1.92,11.82,0.0,0.0,6.156,7.2,1
0.0,21.96,11.66,29.322,0.0,0.0,5.936,7.2,1
0.0,2.56,0.99,8.368,0.14,1.17,3.269,7.2,1
0.0,1.34,1.4150006,8.138003,0.074999996,0.0,3.1349993,7.2,1
0.0,8.72,3.16,5.923,0.0,0.0,2.755,7.2,1
0.0,2.5549994,11.155003,8.231997,0.0,0.0,3.3639994,7.2,1
0.0,13.19,3.26,12.864,0.73,9.39,3.946,7.2,1
0.0,1.3249995,1.2750006,7.6399984,0.074999996,0.074999996,5.586002,7.2,1
0.0,0.53499997,1.4650005,7.9279985,0.074999996,0.074999996,5.8330016,7.2,1
0.0,2.13,0.56,12.431,0.0,0.0,5.836,7.2,1
0.0,2.67,2.67,108.13,0.0,0.0,5.9,7.2,1
0.0,2.5950007,1.4450005,15.771003,1.1550006,17.184998,6.0100017,7.2,1
0.0,1.1949995,0.6449999,3.9270005,0.074999996,0.0,3.2259994,7.2,1
0.0,2.65,2.65,36.928,0.0,0.0,6.007,7.2,1
0.0,3.1749992,6.774998,12.152997,0.40499994,3.9150007,3.8210006,7.2,1
0.0,7.38,1.74,5.372,1.23,6.61,3.105,7.2,1
0.0,2.6250007,1.7650006,13.769003,0.30499995,3.2549994,5.2020016,7.2,1
0.0,0.16500007,0.15499997,0.29600006,0.62499994,0.13500006,1.5580006,7.2,1
0.0,2.06,2.2,41.504,1.15,7.57,3.197,7.2,1
0.0,0.38499993,1.015,2.9210007,0.074999996,0.074999996,3.2969992,7.2,1
0.0,1.9750005,7.3449984,6.5770016,0.39500007,3.1349993,3.3470006,7.2,1
0.0,4.93,1.45,8.831,0.21,1.85,6.09,7.2,1
0.0,0.105,0.15999997,0.33700007,0.059999995,0.074999996,3.2139995,7.2,1
0.0,4.12,1.32,7.415,0.0,0.0,5.617,7.2,1
0.0,2.0450006,2.1949992,2.9699993,0.94499993,10.865003,5.8589983,7.2,1
0.0,2.0750008,10.495003,6.8730016,0.70500004,5.375002,3.2369993,7.2,1
0.0,1.0149995,0.50499994,2.7100008,0.9149999,2.3549998,2.6299994,7.2,1
0.0,0.7049999,2.2249994,7.0629983,1.1549995,8.854997,3.3949993,7.2,1
0.0,2.15,2.89,53.404,0.0,0.0,2.77,7.2,1
0.0,0.49500006,0.45499992,2.9950006,0.7849999,2.1050007,5.461002,7.2,1
0.0,2.75,2.76,84.884,0.0,0.0,5.909,7.2,1
0.0,0.18499999,0.13499999,0.91300005,0.074999996,0.044999998,5.872001,7.2,1
0.0,0.75,0.75,15.792,0.42,1.03,3.283,7.2,1
0.0,0.55499995,1.7249994,4.4049983,0.29499993,0.9150001,3.0219994,7.2,1
0.0,1.6800002,6.3049984,9.880997,0.42499992,3.3550007,5.867998,7.2,1
0.0,0.91,0.39499992,5.0079985,0.42499992,1.7049994,5.482002,7.2,1
0.0,1.6049994,1.7550005,3.5429993,1.3,12.165003,5.754998,7.2,1
0.0,2.1649992,2.5349994,15.271003,0.0,0.0,3.0089993,7.2,1
0.0,1.005,3.7349994,15.1360035,0.40499994,4.9449983,5.8590016,7.2,1
0.0,1.4950004,4.8249984,8.500997,0.074999996,0.074999996,5.735998,7.2,1
0.0,3.0449994,6.7849984,17.989998,0.9749999,16.194998,5.9569983,7.2,1
0.0,2.27,2.75,49.971,0.66,5.94,3.963,7.2,1
0.0,1.9950005,9.984997,6.6739984,0.0,0.0,3.3349993,7.2,1
0.0,2.0849993,9.275003,12.120003,0.0,0.0,5.991998,7.2,1
0.0,1.2349994,1.3950006,0.40099993,1.2750006,5.164998,3.2570007,7.2,1
0.0,5.254998,3.4449992,6.1240015,0.24499993,1.0975004,5.502999,7.2,1
0.0,0.08500002,0.08500002,0.046,0.0,0.0,6.1079993,7.2,1
0.0,0.23000002,0.14499998,1.4659995,0.0,0.0,6.002002,7.2,1
0.0,3.51,0.96,6.005,1.23,7.39,6.321,7.2,1
0.0,9.1,3.95,11.254,0.0,0.0,3.17,7.2,1
0.0,0.23499992,0.54499996,2.5870006,0.6050001,1.8850005,5.9910016,7.2,1
0.0,1.4650005,2.8949993,16.702003,0.074999996,0.0,6.0240016,7.2,1
0.0,0.35499993,1.3849995,2.7910006,0.074999996,0.074999996,2.7039993,7.2,1
0.0,8.87,2.36,11.534,0.0,0.0,4.887,7.2,1
0.0,10.91,3.59,12.734,0.0,0.0,3.557,7.2,1
0.0,0.4649999,1.3749999,4.4169984,1.1150005,4.745002,3.3069994,7.2,1
0.0,2.0550008,2.3749993,0.52599996,0.074999996,0.0,3.0710006,7.2,1
0.0,3.08,0.79,2.492,1.03,2.57,3.195,7.2,1
0.0,2.0550008,11.104997,6.3839984,0.0,0.0,3.1069994,7.2,1
0.0,3.52,2.02,21.036,0.0,0.0,5.976,7.2,1
0.0,0.74,0.75,34.85,0.46,2.08,6.114,7.2,1
0.0,1.6850005,6.2049985,5.7850018,0.0075,0.0,3.6219993,7.2,1
0.0,0.9749999,1.9350005,9.848003,0.6649999,1.3350005,2.4469993,7.2,1
0.0,0.44499993,0.7350001,2.8530006,0.94499993,2.6249993,3.6899993,7.2,1
0.0,1.4049995,1.5650005,-0.20100006,0.074999996,0.0,3.6300006,7.2,1
0.0,1.71,1.71,42.295,0.98,10.04,5.988,7.2,1
0.0,0.019999996,0.47499993,0.501,0.22499998,0.015000001,5.5430007,7.2,1
0.0,2.27,0.6,13.541,0.0,0.0,5.965,7.2,1
0.0,0.29499993,0.42500007,0.75399995,1.2450005,0.7150001,3.0110006,7.2,1
0.0,1.2050005,3.2550006,5.2050004,0.074999996,0.0,4.5629992,7.2,1
0.0,0.895,0.30499995,5.0619984,0.0,0.074999996,6.119002,7.2,1
0.0,4.18,1.38,4.438,0.68,3.02,3.239,7.2,1
0.0,2.5349994,9.215003,14.498997,1.0550004,14.214997,5.787998,7.2,1
0.0,3.5049994,13.495003,46.910004,0.6750001,35.315,6.060002,7.2,1
0.0,0.26499993,0.6649999,2.3950007,0.47500008,1.4350005,5.8190017,7.2,1
0.0,0.7649999,1.3350005,6.8699985,0.074999996,0.074999996,5.8150015,7.2,1
0.0,2.33,2.34,116.759,0.93,13.13,6.058,7.2,1
0.0,1.965,3.7749994,0.35699993,0.074999996,0.0,2.8830006,7.2,1
0.0,0.94499993,1.3750005,2.9829993,0.074999996,0.0,5.846998,7.2,1
0.0,0.31499994,1.7149994,2.6260006,0.87500006,2.6449993,3.1799994,7.2,1
0.0,1.2449995,3.3949993,0.41599992,1.0850005,2.5450006,1.8899995,7.2,1
0.0,1.5849994,1.5849994,4.357002,0.73499995,6.4600015,5.7669983,7.2,1
0.0,1.7849995,1.8900002,5.4240017,0.074999996,0.074999996,5.9619985,7.2,1
0.0,1.9,1.9,19.267,0.0,0.0,3.232,7.2,1
0.0,5.96,1.73,6.856,0.0,0.0,3.963,7.2,1
0.0,0.81499994,2.8949993,12.688003,0.029999997,0.074999996,5.140002,7.2,1
0.0,3.04,0.95,18.04,0.98,17.68,5.934,7.2,1
0.0,0.5850001,0.4649999,3.7230008,0.40499994,1.1749995,5.830002,7.2,1
0.0,2.1150007,2.2749994,3.1199994,0.6649999,4.624998,3.5620008,7.2,1
0.0,5.16,1.98,10.996,0.0,0.0,5.582,7.2,1
0.0,1.1349995,1.2950006,0.9799999,0.074999996,0.0,3.2420006,7.2,1
0.0,4.3250017,12.384997,55.210003,0.06500001,7.664998,5.6030016,7.2,1
0.0,1.27,1.28,28.11,0.3,2.33,6.11,7.2,1
0.0,7.51,1.57,9.177,0.0,0.0,5.845,7.2,1
0.0,0.7649999,2.3150008,2.1710005,0.26499993,0.34500006,3.2929995,7.2,1
0.0,0.21500006,0.36499992,0.17599995,0.06,0.0,5.8659983,7.2,1
0.0,0.065,0.024999999,0.30599993,0.13,0.0,5.7900004,7.2,1
0.0,0.12000006,0.45500004,0.78999996,1.1449995,0.83000004,4.0259995,7.2,1
0.0,1.99,1.99,55.162,0.0,0.0,6.039,7.2,1
0.0,2.0250006,2.1849992,2.7079992,0.25499994,2.2549994,5.703998,7.2,1
0.0,0.25499994,0.6049999,3.0820007,0.68500006,2.4749994,6.146002,7.2,1
0.0,1.3849995,7.0650015,9.178997,0.074999996,0.0,6.1609983,7.2,1
0.0,0.29499993,0.63499993,3.1960006,0.9050001,3.2849994,6.0220017,7.2,1
0.0,0.5249999,2.3849993,9.477003,0.0,0.074999996,5.829002,7.2,1
0.0,0.74,0.26499993,3.9040008,0.13500006,0.9149999,5.4520016,7.2,1
0.0,1.2649995,0.6449999,7.868998,1.0450003,7.7850018,6.0030017,7.2,1
0.0,2.06,2.07,49.906,0.0,0.0,2.983,7.2,1
0.0,1.015,3.2450006,2.9620006,0.73499995,2.0749993,3.3059993,7.2,1
0.0,0.61499995,2.6750007,8.721003,0.23500007,2.8049994,5.3740015,7.2,1
0.0,1.2550005,4.5749984,3.9060006,0.0,0.074999996,3.4489994,7.2,1
0.0,0.7150001,0.32499993,2.3920007,0.074999996,0.0,3.1979992,7.2,1
0.0,2.6050007,2.7549994,3.6619992,0.7149999,9.125003,5.2909985,7.2,1
0.0,1.1050005,3.1949992,18.761003,0.074999996,0.074999996,6.112002,7.2,1
0.0,1.2450005,6.5650015,11.989003,0.0,0.059999995,4.278002,7.2,1
0.0,1.3050005,2.8549993,15.390003,0.074999996,0.074999996,5.7610016,7.2,1
0.0,0.74500006,11.495003,4.850001,0.18500006,1.1749995,5.814999,7.2,1
0.0,0.8449999,2.6050007,7.440998,0.22500008,2.1750007,3.1549993,7.2,1
0.0,1.5,5.54,33.169,0.54,17.91,5.998,7.2,1
0.0,2.4049993,7.144998,13.624003,0.074999996,0.0,5.8039985,7.2,1
0.0,1.0450003,1.4549994,5.011998,0.0,0.074999996,3.4219992,7.2,1
0.0,0.7149999,1.6949995,4.598998,1.1250005,4.9850016,2.9079993,7.2,1
0.0,3.0350006,3.1949992,2.7829993,0.074999996,0.074999996,5.9189982,7.2,1
0.0,1.0849999,4.024998,6.8050017,0.074999996,0.074999996,6.0429983,7.2,1
0.0,1.0149995,1.1650006,-0.14500007,0.26499993,1.0749995,5.4969983,7.2,1
0.0,0.88499993,3.1849992,6.453998,0.8350001,6.015002,3.2599993,7.2,1
0.0,11.05,2.45,7.978,0.0,0.0,3.27,7.2,1
0.0,1.5549995,0.74499995,9.542003,0.0,0.0525,5.975002,7.2,1
0.0,0.61500007,2.2850006,4.264002,1.1550006,4.4449983,5.9959984,7.2,1
0.0,1.8950006,3.2650006,10.713003,0.0,0.0,3.3049994,7.2,1
0.0,0.7750001,0.92499995,1.8060005,0.074999996,0.0,5.6589985,7.2,1
0.0,1.6849995,10.724997,5.5499983,0.0,0.0,3.2709994,7.2,1
0.0,1.2349994,5.3449984,7.8130016,0.074999996,0.0,5.8319983,7.2,1
0.0,3.24,0.97,3.095,0.0,0.0,3.224,7.2,1
0.0,1.67,0.63,10.079,0.26,2.62,6.035,7.2,1
0.0,1.7450005,3.4749994,20.454002,1.1449995,25.124996,6.113002,7.2,1
0.0,0.93499994,5.814998,2.6160007,0.41499993,0.98499995,3.2039993,7.2,1
0.0,2.1650007,1.0550004,6.4369984,0.074999996,0.0,2.9819994,7.2,1
0.0,10.16,3.83,11.044,0.97,10.71,3.586,7.2,1
0.0,0.0075,0.01,0.095,0.39499992,0.0,2.9250007,7.2,1
0.0,1.3599995,10.614997,3.6630006,0.0,0.0,2.7069993,7.2,1
0.0,16.75,3.93,21.45,0.0,0.0,5.942,7.2,1
0.0,6.27,1.33,7.677,0.72,5.53,5.772,7.2,1
0.0,0.64,0.64,11.274,0.0,0.0,3.68,7.2,1
0.0,2.0350006,1.4350005,6.0879984,0.7249999,4.085002,2.9959993,7.2,1
0.0,1.2749995,1.5249995,0.5849999,1.0750005,2.6150007,1.9149995,7.2,1
0.0,2.8249993,11.065003,17.106997,0.074999996,0.0,6.117998,7.2,1
0.0,1.63,2.15,35.708,0.0,0.0,5.677,7.2,1
0.0,3.67,0.95,21.95,0.92,20.19,5.981,7.2,1
0.0,5.3,2.29,13.367,0.66,8.82,5.863,7.2,1
0.0,3.5449994,12.475003,11.325997,0.074999996,0.0,3.1670008,7.2,1
0.0,2.2650006,1.2650006,14.4120035,0.87500006,13.834997,6.2660017,7.2,1
0.0,2.15,2.36,58.786,0.0,0.0,3.133,7.2,1
0.0,1.9249995,2.2749994,1.1260005,0.33499992,1.4549994,2.8590007,7.2,1
0.0,2.7750006,2.1049993,8.814003,0.014999997,0.037499998,3.1939993,7.2,1
0.0,0.4649999,1.0249995,0.78699994,0.18499994,0.0049999957,1.8279995,7.2,1
0.0,0.75500005,3.2950006,5.008002,0.7649999,3.3250008,5.867998,7.2,1
0.0,2.6650007,2.8249993,3.5899994,0.074999996,0.074999996,5.894998,7.2,1
0.0,1.6849995,1.8350005,2.3809993,0.93499994,4.814998,3.1550007,7.2,1
0.0,2.65,0.69,14.667,0.0,0.0,5.535,7.2,1
0.0,1.3650005,4.274998,7.7600017,0.40499994,2.4650006,5.881998,7.2,1
0.0,2.25,0.5,1.578,0.0,0.0,3.22,7.2,1
0.0,1.2649995,0.6649999,7.8119984,0.59999996,4.335002,5.961002,7.2,1
0.0,2.1349993,6.2649984,11.611999,0.074999996,0.0,5.5469985,7.2,1
0.0,4.2649984,2.2549994,5.982002,0.074999996,0.0,2.8350008,7.2,1
0.0,0.74500006,0.9049999,-0.37200007,0.74499995,1.6149995,2.9970007,7.2,1
0.0,3.88,3.88,3.813,1.16,24.96,5.545,7.2,1
0.0,2.9249992,7.104998,17.103996,0.9549999,15.064997,5.899998,7.2,1
0.0,2.4250007,2.7750006,3.8439994,0.6549999,8.405003,5.774998,7.2,1
0.0,1.26,1.26,25.496,0.0,0.0,3.297,7.2,1
0.0,0.73499995,1.9550005,10.377003,1.0449995,11.784997,5.664002,7.2,1
0.0,2.3750007,1.1750005,6.5239983,0.9549999,5.8850017,6.1290016,7.2,1
0.0,2.3549995,14.514997,13.092003,1.0849994,15.344997,5.624998,7.2,1
0.0,13.72,2.91,17.897,0.81,14.5,6.15,7.2,1
0.0,4.19,1.32,24.96,1.05,26.21,5.957,7.2,1
0.0,2.19,2.19,57.629,0.81,10.2,5.753,7.2,1
0.0,0.7849999,2.7349994,11.585003,0.23000002,3.1049993,5.876002,7.2,1
0.0,0.065,0.017499998,0.31099993,0.9049999,0.17000003,4.7049994,7.2,1
0.0,3.6850007,2.0649996,2.2589993,1.2250005,2.4350007,1.8579994,7.2,1
0.0,1.92,2.63,39.91,0.34,1.89,2.892,7.2,1
0.0,0.93499994,2.7950006,2.7490005,0.0,0.074999996,3.3589993,7.2,1
0.0,0.69499993,2.0950007,1.9359996,0.0,0.0,3.1200006,7.2,1
0.0,1.4099998,3.7450006,8.627997,0.074999996,0.074999996,5.8649983,7.2,1
0.0,1.68,1.69,27.743,1.21,11.87,5.838,7.2,1
0.0,0.23499998,0.38500008,1.2870005,0.074999996,0.044999998,5.433998,7.2,1
0.0,1.76,0.45,9.527,0.0,0.0,5.413,7.2,1
0.0,1.6849995,1.8350005,3.2069993,0.074999996,0.074999996,5.591998,7.2,1
0.0,1.1749995,0.40499994,6.801998,0.074999996,0.044999998,5.5770016,7.2,1
0.0,2.3850007,31.815002,8.622003,0.34500006,3.5750008,3.4600008,7.2,1
0.0,1.66,1.99,43.19,0.0,0.0,3.188,7.2,1
0.0,8.68,2.78,5.883,0.0,0.0,2.762,7.2,1
0.0,13.83,2.77,16.414,0.0,0.0,5.926,7.2,1
0.0,5.0,2.36,15.95,0.0,0.0,3.19,7.2,1
0.0,1.0250001,8.774997,7.7609982,0.7350001,6.4250016,3.2729993,7.2,1
0.0,4.314998,4.475002,11.845997,0.037499998,0.074999996,5.9319983,7.2,1
0.0,3.5149994,12.6950035,11.353997,0.074999996,0.0,3.2040007,7.2,1
0.0,6.49,1.68,10.112,0.98,9.91,6.019,7.2,1
0.0,4.2550015,11.485003,25.029997,0.074999996,0.0,5.894998,7.2,1
0.0,3.95,3.96,102.961,0.0,0.0,3.492,7.2,1
0.0,0.21499993,0.36499992,1.5809995,0.15500008,0.45499992,5.9890018,7.2,1
0.0,0.32499993,0.6550001,2.2300007,1.2350005,2.67,3.2759993,7.2,1
0.0,5.625002,17.285004,32.749004,0.074999996,0.0,5.8389983,7.2,1
0.0,0.61499995,2.3050008,5.8629985,0.074999996,0.074999996,2.9719994,7.2,1
0.0,2.71,0.8,9.576,0.25,2.39,3.534,7.2,1
0.0,1.0849994,1.3350005,-0.27100006,0.074999996,0.0,2.5830007,7.2,1
0.0,8.85,3.22,6.848,0.0,0.0,3.215,7.2,1
0.0,2.13,0.62,6.719,0.0,0.0,3.154,7.2,1
0.0,1.5249995,0.93499994,5.0409985,0.0,0.0,3.2719994,7.2,1
0.0,0.62500006,2.5150006,4.264002,1.3,5.0749984,5.9089985,7.2,1
0.0,1.7650006,6.1949983,9.903003,0.92499995,8.5549965,5.828998,7.2,1
0.0,1.13,1.35,34.958,0.14,0.5,3.148,7.2,1
0.0,2.8050008,2.9549994,1.8080006,0.35499993,4.794998,5.9649982,7.2,1
0.0,1.3250005,3.0349994,17.299004,0.98499995,15.884997,5.9450016,7.2,1
0.0,2.1050007,0.92499995,6.2769985,0.5949999,3.3749993,2.9889994,7.2,1
0.0,1.6150005,5.1549983,8.219997,1.005,7.645002,5.2139983,7.2,1
0.0,0.5149999,0.94499993,4.899998,0.12500007,1.0650004,5.7930017,7.2,1
0.0,0.7849999,2.0649996,11.656003,0.074999996,0.074999996,6.000002,7.2,1
0.0,0.9949996,1.1550006,-0.115000054,0.074999996,0.0,5.960998,7.2,1
0.0,1.9049995,10.964997,9.430003,0.0,0.0,4.801,7.2,1
0.0,1.6949995,1.8550005,0.6279999,0.80499995,6.9749985,5.3779984,7.2,1
0.0,0.55,0.56,32.048,0.21,0.68,5.913,7.2,1
0.0,0.7849999,2.5849993,14.527003,0.074999996,0.074999996,5.916002,7.2,1
0.0,3.3250008,2.3049994,5.4320016,0.074999996,0.074999996,5.3909984,7.2,1
0.0,0.125,0.115,0.38899997,1.22,0.39000002,3.1869996,7.2,1
0.0,0.8350001,1.5350006,-0.27900007,0.7749999,1.1249995,1.8049995,7.2,1
0.0,1.3349994,0.5249999,4.294998,1.3,5.625002,3.1739993,7.2,1
0.0,2.31,2.32,38.726,0.55,3.96,3.119,7.2,1
0.0,2.0850008,2.2449994,4.9120016,0.6449999,6.810001,5.4349985,7.2,1
0.0,0.97499967,4.925001,6.1619983,0.074999996,0.0,5.8649983,7.2,1
0.0,0.9749999,2.6749992,13.158003,0.0,0.074999996,5.8280015,7.2,1
0.0,3.21,0.94,5.726,0.0,0.0,6.157,7.2,1
0.0,1.2050005,1.8349994,5.781998,0.0,0.074999996,3.1579993,7.2,1
0.0,0.93499994,1.9049995,6.1819983,0.074999996,0.0,3.2349994,7.2,1
0.0,0.54499996,1.7749995,5.6539984,0.7749999,4.085002,3.1719992,7.2,1
0.0,0.97499967,1.1250005,2.3689992,0.074999996,0.0,5.4439983,7.2,1
0.0,4.09,1.48,4.69,0.0,0.0,3.19,7.2,1
0.0,1.7,1.71,74.789,0.24,2.44,5.98,7.2,1
0.0,1.64,1.65,50.814,0.0,0.0,5.91,7.2,1
0.0,0.93499994,1.5250006,7.874998,0.074999996,0.074999996,5.5960016,7.2,1
0.0,0.32499993,1.0749995,1.7019994,0.73499995,1.0949994,1.9070005,7.2,1
0.0,0.49,1.57,15.253,0.0,0.0,3.618,7.2,1
0.0,0.53499997,1.1749995,1.1120005,0.074999996,0.0,2.1790006,7.2,1
0.0,7.54,1.6,8.544,0.0,0.0,5.34,7.2,1
0.0,0.7,0.7,14.411,0.0,0.0,3.34,7.2,1
0.0,3.0450006,3.2049994,2.5619993,0.074999996,0.074999996,3.2980006,7.2,1
0.0,3.1549993,14.4450035,17.989998,0.0,0.0,5.741998,7.2,1
0.0,0.39499992,1.8349994,3.8370006,0.044999998,0.074999996,3.1309993,7.2,1
0.0,0.33499992,0.33499992,3.8600006,0.074999996,0.0,3.3129992,7.2,1
0.0,1.71,6.48,38.952,0.98,38.17,6.02,7.2,1
0.0,1.6349995,1.7950006,-0.3660001,0.074999996,0.0,5.847998,7.2,1
0.0,6.28,1.94,7.748,1.09,8.45,5.826,7.2,1
0.0,2.3749993,5.8649983,13.762002,0.074999996,0.0,5.927998,7.2,1
0.0,1.0750003,0.36499992,6.1789985,1.0350002,6.0750017,6.1470017,7.2,1
0.0,0.5350001,0.27499995,1.7269995,1.0850005,1.8500003,3.0289993,7.2,1
0.0,1.32,1.33,76.388,0.0,0.0,6.011,7.2,1
0.0,0.29500008,0.31000006,0.43499994,0.56499994,0.5450001,3.3250008,7.2,1
0.0,0.5250001,1.8349994,3.4429994,0.074999996,0.0,5.537998,7.2,1
0.0,3.88,1.22,3.998,0.0,0.0,3.277,7.2,1
0.0,1.35,1.35,38.938,0.77,6.25,6.014,7.2,1
0.0,0.9,2.4950006,4.8930016,0.41499993,1.5649995,5.2779984,7.2,1
0.0,2.0250006,2.1849992,2.8149993,0.074999996,0.074999996,5.9549985,7.2,1
0.0,0.935,4.8050013,5.755998,0.074999996,0.0,5.697998,7.2,1
0.0,0.82500005,2.6050007,5.2880015,1.1250005,5.394998,5.716998,7.2,1
0.0,5.05,1.38,8.373,0.0,0.0,6.067,7.2,1
0.0,0.50499994,0.8249999,4.1419983,0.0,0.074999996,5.698002,7.2,1
0.0,0.755,0.39499992,4.492998,0.044999998,0.074999996,6.007002,7.2,1
0.0,0.50499994,1.2199998,3.9559999,0.61499995,2.1050007,3.2999992,7.2,1
0.0,2.86,2.86,138.861,0.0,0.0,5.94,7.2,1
0.0,0.63499993,2.2249994,13.097003,0.27499995,2.7049994,6.230002,7.2,1
0.0,2.7450006,2.9049993,3.8949993,0.7149999,5.484998,3.0070007,7.2,1
0.0,0.8949999,3.6049995,10.864003,0.30500007,4.2350016,3.6849992,7.2,1
0.0,2.0650008,1.7750006,6.289998,0.074999996,0.074999996,3.0489993,7.2,1
0.0,6.2149982,6.0250015,16.553997,0.074999996,0.074999996,5.960998,7.2,1
0.0,3.1,3.11,61.785,1.12,18.66,5.373,7.2,1
0.0,5.55,2.46,6.143,0.0,0.0,3.134,7.2,1
0.0,3.69,1.75,21.88,0.0,0.0,5.93,7.2,1
0.0,2.49,2.92,40.13,0.0,0.0,5.835,7.2,1
0.0,2.82,0.84,3.055,0.73,2.23,3.681,7.2,1
0.0,1.8849995,1.5650005,2.8189993,0.074999996,0.074999996,5.201998,7.2,1
0.0,3.0850008,3.5449994,3.1019993,0.20499992,2.3449998,5.6079984,7.2,1
0.0,3.6650007,1.4550005,2.8499994,0.074999996,0.0,1.9509999,7.2,1
0.0,1.0049995,1.1650006,2.1719992,0.074999996,0.0,5.8459983,7.2,1
0.0,1.89,1.95,21.98,0.92,5.29,3.042,7.2,1
0.0,4.6349983,4.7850018,5.1110015,0.18499994,1.6650006,3.0010006,7.2,1
0.0,1.7450005,6.3849983,5.2330017,0.0,0.0,3.0140007,7.2,1
0.0,0.43000004,0.22499993,2.5570006,0.87499994,2.0350006,5.797002,7.2,1
0.0,1.38,1.38,25.629,0.0,0.0,5.937,7.2,1
0.0,2.1650007,1.4150006,6.9829984,0.43499994,2.6149993,3.2259994,7.2,1
0.0,1.0950005,1.9050006,10.813003,0.074999996,0.074999996,6.0250015,7.2,1
0.0,1.8549994,0.7649999,5.5669985,0.074999996,0.0,2.9979994,7.2,1
0.0,3.13,0.99,10.224,0.56,5.73,3.266,7.2,1
0.0,1.97,0.72,11.424,0.0,0.0,5.799,7.2,1
0.0,0.515,0.54499996,4.0959983,0.7249999,0.9150001,3.3069994,7.2,1
0.0,1.1600004,4.7449985,6.5700016,0.074999996,0.037499998,5.8299985,7.2,1
0.0,1.23,1.69,24.594,1.06,3.69,2.828,7.2,1
0.0,0.6649999,2.5250006,6.6129985,0.23500007,1.9950005,3.2449994,7.2,1
0.0,3.2849994,10.885003,17.818996,1.0649995,20.304996,5.452998,7.2,1
0.0,2.0850008,2.2449994,2.0769994,1.2350005,7.3649983,2.8930006,7.2,1
0.0,2.0649996,8.585003,6.4320016,0.33500007,2.5350006,3.1190007,7.2,1
0.0,2.2449994,2.5849993,15.096003,0.059999995,0.0,3.2259994,7.2,1
0.0,2.0050006,2.2250006,2.4439993,0.42499992,2.0450006,2.8420007,7.2,1
0.0,2.4350007,1.6150005,11.650003,0.93499994,10.154997,4.7460017,7.2,1
0.0,0.41499993,0.9649999,5.241998,0.0,0.074999996,6.1170015,7.2,1
0.0,3.19,0.76,2.554,0.77,1.97,3.405,7.2,1
0.0,1.6050005,5.3249984,5.578998,0.074999996,0.0,3.7699993,7.2,1
0.0,1.4,1.41,21.2,1.02,4.48,3.137,7.2,1
0.0,5.97,1.24,7.207,0.0,0.0,5.859,7.2,1
0.0,1.7149994,8.385003,5.616998,0.94499993,5.8850017,3.2549994,7.2,1
0.0,1.7249994,0.47499993,1.3680005,0.5249999,0.50500005,3.1570008,7.2,1
0.0,2.44,2.44,24.401,0.0,0.0,3.079,7.2,1
0.0,3.984999,4.145002,2.3659992,1.1850005,14.715003,3.2060006,7.2,1
0.0,1.3650005,3.1650007,10.741003,0.75499994,7.4250016,3.4129994,7.2,1
0.0,2.1650007,4.4249983,1.8770006,0.94499993,5.9049983,2.9930007,7.2,1
0.0,0.8450001,1.005,1.7710005,0.074999996,0.0,5.8449984,7.2,1
0.0,2.8849993,7.4049983,9.265997,0.23499992,1.3949995,3.1960006,7.2,1
0.0,0.79499996,2.3050008,5.616998,0.8350001,5.2550015,2.8249993,7.2,1
0.0,2.4850006,3.0149994,0.019,0.074999996,0.0,3.0950007,7.2,1
0.0,9.04,2.73,13.402,0.0,0.0,5.679,7.2,1
0.0,8.06,2.08,12.337,1.16,14.31,5.931,7.2,1
0.0,15.32,4.95,14.789,0.0,0.0,3.616,7.2,1
0.0,2.6,2.61,1.454,1.15,17.7,5.918,7.2,1
0.0,0.56499994,1.5250006,6.9809985,0.9150001,7.0650015,4.941002,7.2,1
0.0,0.8550001,1.005,0.91599995,0.074999996,0.0,6.0479984,7.2,1
0.0,0.9749999,2.0950007,7.0629983,0.074999996,0.0,3.3799994,7.2,1
0.0,0.35499993,1.1450006,5.539998,0.014999997,0.074999996,5.3720016,7.2,1
0.0,0.009999998,0.105,0.147,0.5249999,0.009999998,2.0749993,7.2,1
0.0,5.8449984,6.0050015,10.963997,0.074999996,0.074999996,5.873998,7.2,1
0.0,3.7950006,3.9549994,3.9829993,0.074999996,0.074999996,3.0130007,7.2,1
0.0,0.8550001,1.015,-0.16700007,0.73499995,3.3550007,5.505998,7.2,1
0.0,1.6849995,1.8450005,4.4530015,0.074999996,0.074999996,5.9289985,7.2,1
0.0,1.3649995,1.5150006,0.066,1.3,9.555003,5.2319984,7.2,1
0.0,1.99,0.86,11.678,0.0,0.0,5.868,7.2,1
0.0,1.3600004,5.6149983,7.844002,1.1950005,8.774997,5.900998,7.2,1
0.0,0.5949999,1.8050005,10.454003,0.37499994,3.2349994,6.197002,7.2,1
0.0,2.1350007,0.8549999,4.7550015,0.074999996,0.074999996,5.9249983,7.2,1
0.0,0.80500007,1.1050005,-0.29900008,0.8349999,1.1849995,1.8069994,7.2,1
0.0,1.0149995,1.2150005,0.8629999,0.20499992,0.29500008,2.5580006,7.2,1
0.0,2.1250007,2.9650006,3.0539994,0.074999996,0.0,2.7000008,7.2,1
0.0,7.43,2.4,5.718,0.0,0.0,2.762,7.2,1
0.0,1.4649994,2.1349993,-0.19600007,0.27499995,1.6349995,5.479998,7.2,1
0.0,0.9849996,1.1450006,1.6760005,1.3,4.2149982,3.1130006,7.2,1
0.0,1.005,3.9050007,5.509999,0.074999996,0.0,5.710998,7.2,1
0.0,3.3,1.0,15.669,0.0,0.0,4.748,7.2,1
0.0,3.1,3.12,0.402,1.29,24.13,6.035,7.2,1
0.0,1.2550005,2.6850007,2.8290007,0.074999996,0.074999996,1.1310005,7.2,1
0.0,3.1449993,7.4449983,8.166997,0.074999996,0.0,2.5610006,7.2,1
0.0,1.1549995,2.0549996,1.2470006,0.074999996,0.037499998,5.938998,7.2,1
0.0,1.9149995,0.7249999,4.6549983,0.074999996,0.0,2.4519994,7.2,1
0.0,0.50499994,1.0550004,5.8779984,0.074999996,0.074999996,6.1490016,7.2,1
0.0,0.33500007,0.18499994,0.63499993,0.054999992,0.0,5.524998,7.2,1
0.0,3.38,1.13,6.75,1.04,7.02,5.973,7.2,1
0.0,2.0050006,1.1950005,12.472003,0.034999996,1.4550005,6.107002,7.2,1
0.0,0.43499994,1.5849994,3.2170007,1.0649997,3.6949997,2.9629993,7.2,1
0.0,4.3150015,6.915002,40.308002,0.044999998,0.0,5.988002,7.2,1
0.0,9.08,3.62,5.797,0.0,0.0,2.898,7.2,1
0.0,2.26,2.26,87.28,0.0,0.0,5.456,7.2,1
0.0,2.0650008,0.8449999,6.2069983,0.43499994,2.3349993,3.0109994,7.2,1
0.0,1.5149995,0.54499996,5.0809984,0.34499994,1.3299996,3.3179994,7.2,1
0.0,0.46500003,2.5000002,1.5139996,0.56999993,0.7250001,3.1609993,7.2,1
0.0,1.61,0.42,9.54,0.58,5.53,5.925,7.2,1
0.0,3.12,0.74,4.323,0.91,3.93,5.842,7.2,1
0.0,4.57,1.91,11.026,0.0,0.0,5.803,7.2,1
0.0,0.9250001,1.0750005,1.7750006,0.074999996,0.0,5.8129983,7.2,1
0.0,2.0050004,6.064998,10.688997,0.074999996,0.0,5.4239984,7.2,1
0.0,1.2250005,3.2249994,14.647003,0.074999996,0.074999996,5.9640017,7.2,1
0.0,6.28,2.47,5.941,0.0,0.0,2.789,7.2,1
0.0,9.18,3.17,18.847,0.0,0.0,5.964,7.2,1
0.0,0.9,0.94,22.592,0.0,0.0,3.214,7.2,1
0.0,7.87,2.91,17.564,0.0,0.0,6.036,7.2,1
0.0,1.4050006,2.6949992,15.725003,0.9250001,15.874997,6.1290016,7.2,1
0.0,12.66,5.23,10.095,0.0,0.0,3.974,7.2,1
0.0,1.1750005,3.9049993,22.787003,0.044999998,0.067499995,6.0440016,7.2,1
0.0,0.20000005,1.4050006,1.4760003,1.0549997,1.5249997,5.4739995,7.2,1
0.0,3.65,1.28,21.973,0.85,18.68,6.02,7.2,1
0.0,0.8950001,0.42499992,3.0930007,0.6549999,1.7649995,3.3409994,7.2,1
0.0,7.08,4.18,14.484,1.15,16.66,5.794,7.2,1
0.0,1.7249994,1.8750005,1.7360005,0.074999996,0.074999996,5.3109984,7.2,1
0.0,3.6349993,14.875003,11.2979965,0.61500007,7.8150015,3.0780008,7.2,1
0.0,3.34,1.02,10.416,0.52,5.42,3.119,7.2,1
0.0,2.2750006,2.4549994,4.8870015,0.41499993,4.9850016,6.0699983,7.2,1
0.0,2.0150006,2.1649992,-0.12200006,0.33499992,1.6849995,3.1690006,7.2,1
0.0,1.6849995,1.8350005,0.58299994,0.62499994,5.314998,5.4949985,7.2,1
0.0,1.6349995,1.7950006,2.5389993,0.99499995,9.375003,5.9349985,7.2,1
0.0,1.4650005,5.6149983,8.479997,0.55499995,3.9550002,5.971998,7.2,1
0.0,19.22,4.53,27.356,0.66,18.05,6.039,7.2,1
0.0,2.5350006,1.1150005,6.085998,0.074999996,0.0,5.848998,7.2,1
0.0,0.6449999,2.1049993,10.680003,0.074999996,0.074999996,5.3730016,7.2,1
0.0,1.7850006,3.6950006,5.935002,0.7849999,4.0999985,3.3520007,7.2,1
0.0,9.29,1.88,11.242,0.0,0.0,5.98,7.2,1
0.0,4.335002,12.295003,25.468996,1.1050005,26.234997,5.8859982,7.2,1
0.0,0.9949996,0.33499992,1.5890006,0.25499994,0.34499994,5.747998,7.2,1
0.0,0.43499994,0.63499993,3.0580006,0.0,0.074999996,5.6700015,7.2,1
0.0,3.1650007,1.4250005,2.3089993,0.074999996,0.0,1.8679994,7.2,1
0.0,3.6450007,4.205002,7.5030017,0.074999996,0.074999996,5.7839985,7.2,1
0.0,9.16,2.26,11.493,0.0,0.0,5.924,7.2,1
0.0,1.2550004,4.734998,7.2550015,0.074999996,0.074999996,5.8589983,7.2,1
0.0,3.19,1.06,17.495,0.0,0.0,5.484,7.2,1
0.0,3.0849993,9.385003,13.942997,0.074999996,0.0,4.531998,7.2,1
0.0,0.80499995,2.5349994,14.766003,0.074999996,0.074999996,6.133002,7.2,1
0.0,1.3949995,0.4649999,2.4639993,0.22499993,0.43499994,6.050998,7.2,1
0.0,6.03,1.59,35.837,0.82,29.39,5.943,7.2,1
0.0,2.3850007,2.8449993,1.2080005,0.63499993,7.9249983,5.728998,7.2,1
0.0,3.4950006,5.044998,3.9869993,0.30499995,4.124998,5.0429983,7.2,1
0.0,0.7649999,2.7750006,5.3699985,0.26500008,1.9250005,3.0499992,7.2,1
0.0,1.79,1.79,33.964,0.84,4.87,3.24,7.2,1
0.0,0.49500006,0.6549999,0.6489999,0.37499994,0.96499974,6.005998,7.2,1
0.0,6.18,2.43,3.457,0.0,0.0,2.788,7.2,1
0.0,1.0249997,0.69499993,6.3509984,0.037499998,0.074999996,6.0810018,7.2,1
0.0,0.87499994,3.1250007,6.531998,0.33500007,2.7849994,3.0509994,7.2,1
0.0,1.4749994,0.8949999,9.1360035,0.0,0.074999996,6.0180016,7.2,1
0.0,5.57,1.38,7.98,1.21,9.66,5.825,7.2,1
0.0,1.0650004,3.1549993,18.537003,0.54499996,8.675003,6.138002,7.2,1
0.0,0.63499993,2.1649992,8.641003,0.6049999,4.6950016,4.2860017,7.2,1
0.0,0.25499994,0.44500005,1.5289994,1.0350002,1.4649994,3.1599994,7.2,1
0.0,0.48,0.48,9.46,0.0,0.0,3.644,7.2,1
0.0,2.5050006,1.3350005,6.8369985,0.074999996,0.0,5.4549985,7.2,1
0.0,4.13,4.13,88.938,0.0,0.0,5.99,7.2,1
0.0,1.0249995,2.7050006,6.6170015,0.074999996,0.0,5.8719983,7.2,1
0.0,3.04,0.97,16.783,0.0,0.0,5.521,7.2,1
0.0,5.11,6.68,134.907,0.16,2.61,3.198,7.2,1
0.0,1.0750005,3.3449993,19.504004,0.074999996,0.074999996,6.0810018,7.2,1
0.0,0.79499996,2.6849992,15.665003,1.1650006,17.234997,6.1290016,7.2,1
0.0,3.2,3.21,105.226,0.0,0.0,6.02,7.2,1
0.0,1.7849995,2.8050008,0.9179999,0.68499994,3.5950007,3.1640007,7.2,1
0.0,3.17,3.17,126.723,0.45,7.71,5.407,7.2,1
0.0,2.6950006,2.8549993,3.7199993,0.62499994,8.755003,5.723998,7.2,1
0.0,0.03,0.0325,0.104,0.87999994,0.0,2.8400006,7.2,1
0.0,3.52,1.31,7.592,1.29,9.79,5.795,7.2,1
0.0,12.54,3.55,14.52,1.17,16.99,4.84,7.2,1
0.0,1.8849995,2.4150007,4.310002,0.28499994,2.3750007,5.872998,7.2,1
0.0,5.99,2.15,35.202,0.0,0.0,5.877,7.2,1
0.0,1.02,1.03,24.451,0.0,0.0,3.277,7.2,1
0.0,8.2,2.86,9.25,0.8,7.4,3.246,7.2,1
0.0,2.12,2.13,37.148,0.0,0.0,3.073,7.2,1
0.0,0.36,4.664998,0.6980001,0.2850001,0.35499993,2.0569997,7.2,1
0.0,0.065,0.025,0.32399994,1.1350005,0.20000005,4.9049983,7.2,1
0.0,6.82,2.85,17.284,0.21,3.63,6.086,7.2,1
0.0,0.48,0.48,10.261,0.69,1.05,3.171,7.2,1
0.0,1.23,1.24,24.684,1.19,4.91,3.355,7.2,1
0.0,0.23000002,1.2950006,1.5280001,0.365,0.51000005,5.8039994,7.2,1
0.0,0.73499995,1.4549994,5.0209985,0.074999996,0.0,3.4059994,7.2,1
0.0,2.8850007,1.3450005,6.7919984,0.074999996,0.0,5.3319983,7.2,1
0.0,2.01,0.72,11.622,0.98,11.39,5.782,7.2,1
0.0,0.62500006,0.45499992,3.1190007,0.074999996,0.0,4.638002,7.2,1
0.0,3.7350006,2.5149994,11.370003,1.2350005,13.354997,2.9290006,7.2,1
0.0,7.56,2.42,5.768,0.45,2.6,2.76,7.2,1
0.0,3.2849994,8.615003,19.486998,0.5850001,12.884997,5.971998,7.2,1
0.0,1.3750005,2.6450007,5.756998,0.6450001,4.2750015,2.8129992,7.2,1
0.0,1.4549994,0.68499994,8.948003,0.0,0.074999996,5.9720016,7.2,1
0.0,1.8849995,2.035,3.2279994,0.074999996,0.074999996,3.5690007,7.2,1
0.0,2.1450007,3.3099997,-0.5200001,0.62499994,3.4950006,2.8510008,7.2,1
0.0,0.43499994,1.4150006,7.6949983,0.074999996,0.074999996,5.9170017,7.2,1
0.0,3.52,1.25,7.284,0.0,0.0,5.874,7.2,1
0.0,3.41,3.42,37.518,0.0,0.0,3.234,7.2,1
0.0,1.2949995,1.4650005,0.7159999,0.022499999,0.0,5.833998,7.2,1
0.0,1.0650004,4.0999985,13.789003,0.0,0.074999996,4.547002,7.2,1
0.0,1.4950005,3.8450007,4.2599983,0.0,0.074999996,3.1279993,7.2,1
0.0,1.3650005,2.6849992,13.601003,1.0649995,15.664997,6.047002,7.2,1
0.0,4.12,4.13,208.803,0.0,0.0,6.088,7.2,1
0.0,1.0450003,1.8450005,10.224003,0.074999996,0.074999996,5.927002,7.2,1
0.0,0.68500006,2.7850006,4.4850016,0.48499992,1.7349994,5.7279983,7.2,1
0.0,0.08000001,0.075000025,0.46399993,0.022499999,0.0,5.867998,7.2,1
0.0,5.99,1.5,4.9,0.52,2.55,3.289,7.2,1
0.0,3.2,3.22,66.915,0.65,12.46,5.989,7.2,1
0.0,0.32500008,0.48499992,-0.08700003,0.0075,0.0,5.951998,7.2,1
0.0,0.27499995,0.29499993,3.4280007,0.074999996,0.0,2.3049994,7.2,1
0.0,1.4050006,3.9450002,2.6280005,0.074999996,0.074999996,1.9459996,7.2,1
0.0,2.1550007,2.4549994,2.0819993,0.22499993,0.97499967,3.0600007,7.2,1
0.0,1.1150005,3.1349993,17.934004,1.015,17.004997,5.980002,7.2,1
0.0,0.67499995,2.0250006,4.861998,0.074999996,0.0,2.9619994,7.2,1
0.0,13.08,3.11,19.041,0.61,11.62,6.123,7.2,1
0.0,0.37000003,0.18499994,2.2210007,0.35499993,0.7149999,5.8150015,7.2,1
0.0,1.32,0.54499996,7.9950023,0.0,0.074999996,6.1890016,7.2,1
0.0,1.5149995,6.895002,9.573997,0.074999996,0.0,5.8989983,7.2,1
0.0,10.064997,35.025,59.833996,0.074999996,0.0,5.906998,7.2,1
0.0,1.5149995,2.0050004,-0.15900007,0.24499993,0.7350001,2.9040008,7.2,1
0.0,13.4,2.92,7.655,0.0,0.0,2.846,7.2,1
0.0,0.43499994,1.1350005,6.084998,0.074999996,0.074999996,5.942002,7.2,1
0.0,1.2650006,2.7149994,14.602003,0.48499992,6.0950017,5.6560016,7.2,1
0.0,1.14,1.14,34.775,0.57,2.02,3.106,7.2,1
0.0,0.86500007,3.1050007,5.4900017,0.074999996,0.0,5.8759985,7.2,1
0.0,0.6549999,2.4350007,6.0959983,0.074999996,0.074999996,2.9589994,7.2,1
0.0,0.9149999,2.5549994,12.668003,0.6750001,9.634997,5.664002,7.2,1
0.0,3.94,1.19,2.204,0.0,0.0,1.933,7.2,1
0.0,1.2850006,2.4850006,6.7979984,0.0,0.074999996,3.7119994,7.2,1
0.0,2.14,2.4,26.474,0.0,0.0,2.943,7.2,1
0.0,2.53,0.85,12.781,1.19,15.21,5.052,7.2,1
0.0,1.69,1.69,88.331,0.99,10.04,6.0,7.2,1
0.0,1.4950005,2.7849994,15.414003,0.074999996,0.0,5.8120017,7.2,1
0.0,1.1249995,0.8449999,3.4150007,0.074999996,0.0,2.9829993,7.2,1
0.0,1.3899997,0.47499993,8.473003,1.0874996,9.814997,6.0950017,7.2,1
0.0,4.37,2.12,12.342,0.79,9.75,5.905,7.2,1
0.0,3.96,4.06,174.445,0.92,16.86,4.627,7.2,1
0.0,1.3049995,0.8449999,4.1949983,0.35499993,1.1249995,3.1689994,7.2,1
0.0,0.45499992,3.3650002,3.6150007,0.0,0.074999996,3.3399994,7.2,1
0.0,10.06,4.67,13.622,0.0,0.0,5.724,7.2,1
0.0,2.42,2.42,64.196,0.0,0.0,5.841,7.2,1
0.0,0.82500005,0.9749999,1.3560005,0.074999996,0.0,5.9029984,7.2,1
0.0,2.59,2.6,46.046,0.54,8.03,5.74,7.2,1
0.0,5.86,1.49,8.938,0.0,0.0,5.999,7.2,1
0.0,1.16,1.16,29.488,0.0,0.0,2.893,7.2,1
0.0,1.03,0.37499994,6.1029983,0.99499995,5.7550015,6.073002,7.2,1
0.0,0.32500002,0.18499994,1.9129995,0.044999998,0.044999998,5.922002,7.2,1
0.0,1.7549995,1.9150006,4.2620015,0.074999996,0.074999996,5.9809985,7.2,1
0.0,8.0,5.24,48.431,0.0,0.0,6.054,7.2,1
0.0,2.4450006,1.2650006,7.1209984,0.074999996,0.074999996,6.047,7.2,1
0.0,1.7249994,6.834998,10.823997,0.074999996,0.0,5.8969984,7.2,1
0.0,3.94,1.8,22.651,0.65,14.72,5.749,7.2,1
0.0,5.6749983,3.6349993,6.0780015,0.074999996,0.0,2.7700007,7.2,1
0.0,1.1049994,0.42499992,3.3610008,0.06999999,0.37500006,2.9869993,7.2,1
0.0,5.32,6.1,0.409,0.79,13.4,3.188,7.2,1
0.0,2.7649994,15.184997,8.533997,0.115000054,1.5349995,3.2199993,7.2,1
0.0,2.14,0.57,12.729,0.0,0.0,5.948,7.2,1
0.0,16.05,4.91,29.21,0.0,0.0,5.949,7.2,1
0.0,3.47,3.47,63.377,0.0,0.0,3.263,7.2,1
0.0,0.98499995,2.2650006,6.085998,0.7950001,5.435002,2.9949994,7.2,1
0.0,1.1499997,0.44499993,6.9559984,0.61499995,3.8749993,6.033002,7.2,1
0.0,2.3450007,1.6050005,10.166003,0.0,0.074999996,4.3070016,7.2,1
0.0,1.1250005,4.1749983,2.2310007,0.074999996,0.074999996,2.1210008,7.2,1
0.0,4.26,1.39,13.876,0.33,4.58,3.257,7.2,1
0.0,7.21,2.26,13.434,0.0,0.0,5.971,7.2,1
0.0,1.99,2.0,47.465,0.2,1.23,3.093,7.2,1
0.0,0.13499999,0.1,0.31800005,0.074999996,0.044999998,3.0999994,7.2,1
0.0,0.41500008,0.56499994,-0.25300008,0.0,0.0,5.6409984,7.2,1
0.0,0.9749999,1.1949995,3.7369998,0.074999996,0.074999996,4.121,7.2,1
0.0,0.17499995,0.18499994,5.216998,1.3,0.7849999,5.725002,7.2,1
0.0,1.63,0.5,9.431,0.0,0.0,5.786,7.2,1
0.0,1.0649995,1.2150005,0.23099993,0.074999996,0.0,3.1920006,7.2,1
0.0,1.32,1.32,27.07,0.0,0.0,3.639,7.2,1
0.0,0.93500006,0.6449999,5.7409983,0.06,0.074999996,6.0100017,7.2,1
0.0,2.53,0.81,8.2,0.0,0.0,3.241,7.2,1
0.0,6.12,1.72,9.136,0.46,4.2,5.343,7.2,1
0.0,3.4449992,15.625003,20.204996,0.32499996,5.564998,5.8979983,7.2,1
0.0,1.0649995,1.7999996,0.16099997,0.074999996,0.0,1.8519995,7.2,1
0.0,0.6649999,3.0449994,9.916003,0.074999996,0.074999996,4.4760017,7.2,1
0.0,2.3150008,0.86499995,7.7049985,1.3,10.034997,3.3299994,7.2,1
0.0,0.34000003,0.34499994,1.1209995,1.0349998,1.2149997,3.3069994,7.2,1
0.0,2.92,2.93,153.833,0.44,7.75,6.035,7.2,1
0.0,1.1349995,1.2950006,2.4449992,0.48499992,2.5650008,5.2529984,7.2,1
0.0,0.7149999,0.7149999,8.203003,0.074999996,0.074999996,5.9860015,7.2,1
0.0,1.2749995,0.54499996,1.5970005,0.074999996,0.06,3.1630006,7.2,1
0.0,4.774998,2.6249993,6.7130017,0.61499995,3.6549993,3.1630006,7.2,1
0.0,1.0250001,2.3149993,9.589003,0.0,0.074999996,5.8970017,7.2,1
0.0,0.95499986,0.34499994,2.9350007,0.09500004,0.43500006,2.9969993,7.2,1
0.0,0.73,0.74,12.367,0.0,0.0,5.949,7.2,1
0.0,1.7149994,1.8650005,1.3280005,0.074999996,0.0,3.2410007,7.2,1
0.0,13.23,6.64,39.776,0.0,0.0,3.007,7.2,1
0.0,0.7249999,2.5749993,11.340003,0.7750001,9.774997,5.8400016,7.2,1
0.0,0.75499994,1.8150005,10.130003,0.074999996,0.074999996,6.008002,7.2,1
0.0,0.83,0.84,13.578,0.87,2.46,3.413,7.2,1
0.0,0.35500008,0.5149999,0.17499995,0.03,0.0,5.6949983,7.2,1
0.0,0.7649999,1.7249994,5.6289983,0.8549999,4.5250015,3.2439992,7.2,1
0.0,0.71,0.72,23.978,0.0,0.0,6.065,7.2,1
0.0,0.57500005,0.69499993,1.6110005,0.40499994,1.1849995,5.813998,7.2,1
0.0,0.56499994,1.3749995,4.254998,0.7249999,2.7500005,3.0819993,7.2,1
0.0,0.20500004,1.1150005,0.963,0.27500007,0.27000007,3.7170002,7.2,1
0.0,0.63499993,1.3349994,4.261998,0.5849999,2.1350007,3.1509993,7.2,1
0.0,2.6850007,2.4349992,4.016,0.074999996,0.0,3.1030006,7.2,1
0.0,2.38,0.51,1.394,0.0,0.0,2.788,7.2,1
0.0,0.44500005,0.45500004,0.75899994,0.074999996,0.0,3.2960007,7.2,1
0.0,0.65,0.66,12.724,0.23,0.44,2.975,7.2,1
0.0,0.26499993,0.26499993,2.1510007,0.45500004,0.6549999,5.8280015,7.2,1
0.0,0.55499995,1.7450005,10.078003,0.074999996,0.074999996,6.191002,7.2,1
0.0,0.6000001,3.0599997,3.8140006,0.20499992,0.43500006,5.831999,7.2,1
0.0,1.4649994,1.6250005,3.1379993,0.9749999,8.235003,5.9179983,7.2,1
0.0,2.76,0.58,3.41,0.86,2.93,5.982,7.2,1
0.0,0.15500008,0.94499993,1.4570003,0.9899999,1.3649995,6.063998,7.2,1
0.0,1.1849995,3.6650007,7.526002,0.074999996,0.074999996,5.8379984,7.2,1
0.0,9.02,3.11,17.49,0.66,11.54,5.624,7.2,1
0.0,4.18,1.38,8.328,0.0,0.0,6.035,7.2,1
0.0,1.2949995,1.4450005,2.7139993,0.26499993,1.4849994,5.906998,7.2,1
0.0,0.31499994,1.005,5.4489985,0.74499995,3.9449992,6.079002,7.2,1
0.0,11.09,2.26,13.132,0.0,0.0,5.811,7.2,1
0.0,1.185,5.004998,7.3380017,0.074999996,0.059999995,5.9779983,7.2,1
0.0,1.1849995,1.3550005,0.7609999,0.68499994,2.3650007,3.0980008,7.2,1
0.0,0.88000005,0.61499995,5.445998,0.865,4.765002,5.948002,7.2,1
0.0,4.93,1.68,7.647,0.29,2.22,4.579,7.2,1
0.0,1.4649994,1.6150005,0.19099994,0.55499995,4.414998,5.9949985,7.2,1
0.0,0.86,0.86,20.781,0.0,0.0,3.421,7.2,1
0.0,0.61500007,0.33499992,2.0490007,0.074999996,0.059999995,3.1529994,7.2,1
0.0,2.6249993,9.655003,15.007003,0.074999996,0.0,5.8399982,7.2,1
0.0,0.7750001,0.63499993,2.6500006,0.61499995,1.3949995,3.2809994,7.2,1
0.0,0.49499992,1.1049994,3.6790006,1.3,4.765002,3.2559993,7.2,1
0.0,1.1249995,0.35499993,1.6970005,0.074999996,0.074999996,5.9319983,7.2,1
0.0,1.9049995,1.005,5.5870013,0.074999996,0.074999996,5.867998,7.2,1
0.0,1.4649994,1.6350005,2.3339994,1.2950006,11.205003,5.927998,7.2,1
0.0,0.98,1.27,36.468,0.0,0.0,5.281,7.2,1
0.0,2.2150006,11.454997,7.3129983,0.0,0.0,3.3009994,7.2,1
0.0,1.6149995,0.45499992,2.2529993,0.074999996,0.0,5.8109984,7.2,1
0.0,10.614997,36.525,64.033,0.074999996,0.0,5.992998,7.2,1
0.0,8.43,2.51,5.406,0.28,1.51,3.18,7.2,1
0.0,1.005,1.3949995,4.6669984,0.0,0.074999996,3.3229992,7.2,1
0.0,3.8250008,23.494997,7.9860015,0.63500005,5.544998,1.953,7.2,1
0.0,4.29,1.54,25.962,1.15,29.86,6.052,7.2,1
0.0,10.72,3.02,18.088,0.46,8.32,6.009,7.2,1
0.0,0.5950001,1.4350005,0.18199995,0.074999996,0.0,2.8820007,7.2,1
0.0,3.17,1.3,7.833,0.65,5.09,6.025,7.2,1
0.0,0.7250001,0.56499994,4.195998,0.074999996,0.0,5.414002,7.2,1
0.0,4.62,4.62,277.13,0.0,0.0,6.06,7.2,1
0.0,2.1450007,2.7350006,3.1349993,0.074999996,0.0,3.0720007,7.2,1
0.0,0.62500006,0.7849999,-0.098000035,0.015,0.0,5.4159985,7.2,1
0.0,0.63499993,0.63499993,4.3099985,0.42499992,0.5350001,3.1889994,7.2,1
0.0,1.9950005,1.9950005,5.7800016,1.005,11.345003,5.854998,7.2,1
0.0,2.7949994,7.7049985,16.489998,0.074999996,0.0,5.959998,7.2,1
0.0,1.4050006,4.105002,22.421003,0.53499997,10.275003,6.1550016,7.2,1
0.0,0.71,0.67499995,3.5190005,0.79499996,2.6399994,5.3380017,7.2,1
0.0,1.4850005,3.4250007,9.122003,0.76500005,7.8050017,3.0999994,7.2,1
0.0,1.6649995,0.62499994,5.247998,0.9549999,4.7550015,3.1339993,7.2,1
0.0,0.99,0.99,34.011,0.15,0.87,5.854,7.2,1
0.0,3.86,3.92,90.928,0.94,11.01,3.034,7.2,1
0.0,2.35,2.36,93.003,0.0,0.0,5.594,7.2,1
0.0,8.42,1.99,3.16,0.0,0.0,1.588,7.2,1
0.0,2.1250007,1.2250005,6.2939982,0.074999996,0.0,2.9699993,7.2,1
0.0,6.18,1.36,8.081,1.04,8.4,5.986,7.2,1
0.0,1.2850006,5.544998,2.3980007,0.67499995,1.5250003,2.1189992,7.2,1
0.0,0.5749999,0.5749999,4.4489985,0.074999996,0.0,3.7849994,7.2,1
0.0,1.02,1.03,35.522,1.27,7.82,6.036,7.2,1
0.0,2.31,0.75,7.794,0.83,6.47,3.374,7.2,1
0.0,2.2050006,2.5799994,3.7629993,0.074999996,0.044999998,3.3730006,7.2,1
0.0,8.54,2.19,6.321,0.4,2.53,3.099,7.2,1
0.0,16.97,4.42,26.759,0.0,0.0,6.068,7.2,1
0.0,1.91,1.91,64.538,0.26,2.93,5.905,7.2,1
0.0,3.11,1.67,19.043,0.0,0.0,6.123,7.2,1
0.0,1.3349994,1.3349994,4.0730014,1.1250005,8.475003,5.6989985,7.2,1
0.0,0.27499995,0.80499995,4.275998,0.8350001,4.0350003,6.118002,7.2,1
0.0,1.2450001,6.1700006,6.7009983,0.7350001,5.459999,5.5390005,7.2,1
0.0,3.2350006,44.804996,11.384003,0.0,0.0,3.3870006,7.2,1
0.0,1.7049994,0.6049999,4.7859983,0.87499994,3.9649994,2.8059993,7.2,1
0.0,1.4150006,2.9150007,7.9640017,0.6449999,4.4249983,5.8119984,7.2,1
0.0,1.0250001,1.0250001,8.893003,0.48499992,1.1849995,3.3219993,7.2,1
0.0,2.2150006,2.8249993,1.5720005,0.074999996,0.074999996,5.5489984,7.2,1
0.0,0.81499994,3.2250004,9.656003,0.0,0.074999996,3.6139994,7.2,1
0.0,0.92499995,2.7849994,15.929003,0.50499994,6.8049984,6.002002,7.2,1
0.0,0.43499994,1.2649995,3.8910007,0.074999996,0.074999996,3.0569994,7.2,1
0.0,10.42,3.39,11.108,1.04,11.55,3.286,7.2,1
0.0,1.8250005,9.455003,3.6480007,0.0,0.0,2.2019994,7.2,1
0.0,0.55,0.58,21.279,0.0,0.0,5.887,7.2,1
0.0,1.4050006,4.5549984,7.889002,0.30499995,1.7249994,5.7999983,7.2,1
0.0,1.7950006,4.1949983,5.9510016,0.30499995,1.2749995,3.3410006,7.2,1
0.0,2.6549993,6.3049984,15.578997,0.49499992,6.585002,5.933998,7.2,1
0.0,0.55499995,1.7050005,6.6129985,0.43499994,2.3650005,4.2030015,7.2,1
0.0,2.39,0.52,3.077,0.0,0.0,5.917,7.2,1
0.0,0.94499993,0.95499986,3.0129993,0.48499992,2.3950007,5.827998,7.2,1
0.0,5.92,1.38,4.423,0.72,3.18,3.205,7.2,1
0.0,2.1250007,2.7699995,0.126,0.074999996,0.0,3.0900006,7.2,1
0.0,2.1750007,2.6149993,0.25999993,0.074999996,0.0,3.0000007,7.2,1
0.0,0.99,0.99,36.091,0.0,0.0,5.917,7.2,1
0.0,1.1250005,3.6849992,21.323004,0.40499994,6.984998,6.002002,7.2,1
0.0,0.73499995,2.9450006,1.3939995,0.0,0.074999996,2.3009994,7.2,1
0.0,0.7150001,0.86499995,0.11,0.0075,0.0,3.2200007,7.2,1
0.0,3.7550006,3.9149992,2.8429992,0.074999996,0.074999996,5.8979983,7.2,1
0.0,3.6549993,7.3649983,13.795997,0.79499996,9.954997,3.7580006,7.2,1
0.0,2.06,2.64,31.171,0.17,1.01,2.89,7.2,1
0.0,1.2449995,1.6649995,0.31599993,0.074999996,0.0,1.9339997,7.2,1
0.0,1.47,1.47,24.226,0.0,0.0,5.999,7.2,1
0.0,0.0525,0.01,0.124,0.06,0.0,4.854999,7.2,1
0.0,0.9649999,2.3650007,2.8140006,0.6649999,1.7750006,3.246,7.2,1
0.0,9.24,2.04,6.472,1.15,7.44,3.173,7.2,1
0.0,1.7249994,1.1250005,5.938998,0.7149999,3.9249992,3.4159994,7.2,1
0.0,0.8949999,2.7649994,11.8200035,0.935,12.084997,6.113002,7.2,1
0.0,0.12500001,0.12,0.40600005,1.2700002,0.58,3.3889995,7.2,1
0.0,11.66,3.08,14.764,1.27,18.75,4.825,7.2,1
0.0,2.56,0.79,15.205,0.58,8.82,5.939,7.2,1
0.0,18.68,11.5,47.674,0.0,0.0,5.997,7.2,1
0.0,3.14,3.14,68.807,0.0,0.0,6.025,7.2,1
0.0,16.66,4.76,20.574,0.54,11.11,4.331,7.2,1
0.0,3.39,1.16,7.879,0.75,5.91,2.324,7.2,1
0.0,0.87500006,2.7250006,5.5910015,1.2850006,6.745002,5.7309985,7.2,1
0.0,8.36,2.73,5.894,0.58,3.42,2.754,7.2,1
0.0,3.0750008,3.2249994,0.58299994,0.074999996,0.0,3.1890006,7.2,1
0.0,1.2350001,0.6049999,7.2069983,0.0,0.074999996,6.0440016,7.2,1
0.0,7.6749983,6.015002,4.5890017,0.074999996,0.0,1.4919995,7.2,1
0.0,2.3949993,3.9549994,22.706003,1.005,21.264997,5.962002,7.2,1
0.0,0.32499993,0.32499993,2.7220006,0.074999996,0.074999996,3.1669993,7.2,1
0.0,3.77,1.47,21.567,0.0,0.0,5.721,7.2,1
0.0,2.2950006,13.464997,7.5830016,0.55500007,4.6549983,3.2429993,7.2,1
0.0,0.35500008,1.6349999,2.5319993,1.1250005,2.5050006,5.6389985,7.2,1
0.0,1.1249995,1.2850006,0.13499999,0.73499995,4.6849985,5.939998,7.2,1
0.0,1.7149994,1.8750005,0.082,0.94499993,9.005003,5.7589984,7.2,1
0.0,1.1749995,1.4249995,1.4610006,0.074999996,0.0,2.6550007,7.2,1
0.0,0.61499995,2.5849993,11.826003,0.5950001,8.044998,5.6360016,7.2,1
0.0,0.7750001,0.92499995,0.39999992,0.37499994,0.7150001,3.0330007,7.2,1
0.0,0.485,0.24499993,2.5380006,0.0075,0.0,5.0050015,7.2,1
0.0,0.28500006,1.005,1.9550003,0.074999996,0.0,5.7129984,7.2,1
0.0,5.8,1.21,3.989,0.0,0.0,3.297,7.2,1
0.0,2.1650007,2.4900005,2.6509993,0.074999996,0.0,3.0650008,7.2,1
0.0,0.36,0.36,9.155,0.98,1.14,3.231,7.2,1
0.0,6.0,1.51,8.171,0.0,0.0,5.411,7.2,1
0.0,5.2449985,3.6849992,9.449997,0.35499993,2.7049994,5.439998,7.2,1
0.0,0.96499974,2.3249993,0.57299995,0.63499993,3.3450007,5.7969985,7.2,1
0.0,1.7649995,1.9150006,2.4439993,0.9149999,8.925003,5.748998,7.2,1
0.0,2.5750008,2.9850006,3.9319994,0.074999996,0.074999996,3.1030006,7.2,1
0.0,0.044999994,0.01,0.37599996,0.074999996,0.0,6.5599985,7.2,1
0.0,1.0250001,1.9049995,5.1849985,0.22500008,1.6550006,3.2629993,7.2,1
0.0,1.6,1.61,32.007,0.86,8.2,5.959,7.2,1
0.0,3.34,0.89,2.908,1.28,3.72,3.305,7.2,1
0.0,6.4,1.92,27.973,0.0,0.0,4.371,7.2,1
0.0,4.02,2.2,24.158,0.0,0.0,6.009,7.2,1
0.0,0.30000004,0.18499994,1.8779994,0.0,0.0,5.993002,7.2,1
0.0,5.4,1.21,7.216,1.22,8.8,5.964,7.2,1
0.0,2.1749992,6.7249985,6.173002,0.0,0.0,2.8290007,7.2,1
0.0,4.97,5.66,242.101,0.0,0.0,5.857,7.2,1
0.0,10.15,2.19,10.72,0.37,3.97,4.917,7.2,1
0.0,1.6549995,2.1349993,3.1579993,0.074999996,0.074999996,5.8259983,7.2,1
0.0,1.6549995,0.6049999,3.2729993,0.074999996,0.074999996,5.958998,7.2,1
0.0,2.0950007,11.925003,6.9390016,0.8450001,6.3850017,3.2379994,7.2,1
0.0,2.4549994,11.455003,14.418003,0.15500008,3.2550006,6.028999,7.2,1
0.0,1.93,0.55,11.606,0.0,0.0,6.013,7.2,1
0.0,1.1749997,5.9650016,6.938998,0.46,3.1550007,5.703999,7.2,1
0.0,1.4150006,5.9949985,4.177,0.0,0.0,3.1919994,7.2,1
0.0,0.14499998,0.14499998,3.5780008,0.86499995,0.39499992,5.789002,7.2,1
0.0,1.26,0.49499992,7.440998,0.0,0.074999996,6.040002,7.2,1
0.0,1.0550004,2.1450007,7.5349984,0.24499993,1.2149994,3.5179994,7.2,1
0.0,1.9449997,2.0949993,1.9350005,0.074999996,0.0,3.0450006,7.2,1
0.0,2.95,0.76,17.714,0.0,0.0,6.005,7.2,1
0.0,1.6449995,2.0050006,2.5629992,0.074999996,0.0,2.9100006,7.2,1
0.0,1.0249995,0.5949999,1.6690005,1.015,1.4249995,2.9900007,7.2,1
0.0,1.3349994,1.4950005,3.4609993,0.074999996,0.074999996,6.0409985,7.2,1
0.0,1.3,0.50499994,7.8259983,1.0950005,8.134997,6.153002,7.2,1
0.0,3.52,1.45,4.803,0.0,0.0,3.312,7.2,1
0.0,4.96,2.4,7.004,0.89,6.23,3.467,7.2,1
0.0,2.9,0.92,2.856,0.3,0.86,3.209,7.2,1
0.0,0.61500007,1.5849994,4.1220016,0.29499993,0.81500006,5.789998,7.2,1
0.0,1.8949995,0.6649999,3.6299994,0.28499994,0.6750001,6.0539985,7.2,1
0.0,1.7149994,0.6449999,6.6139984,0.92499995,5.765002,3.8119993,7.2,1
0.0,1.9750001,1.0650004,11.282003,0.2850001,4.165002,5.6150017,7.2,1
0.0,1.76,1.85,49.816,0.56,6.16,6.248,7.2,1
0.0,2.2649994,6.564998,9.535997,0.074999996,0.0,4.2449985,7.2,1
0.0,0.32499993,1.015,5.5299983,0.0,0.074999996,6.0380015,7.2,1
0.0,1.22,1.22,32.554,0.0,0.0,3.213,7.2,1
0.0,1.3849995,2.2350006,1.8800005,0.074999996,0.0,2.9690006,7.2,1
0.0,5.45,1.34,7.875,0.93,7.32,5.877,7.2,1
0.0,0.8449999,3.5949993,6.4949985,0.0,0.074999996,3.0479994,7.2,1
0.0,1.5049995,1.3150005,8.666003,0.074999996,0.074999996,5.607002,7.2,1
0.0,6.47,2.14,6.951,0.99,6.88,3.248,7.2,1
0.0,0.49499992,1.7250005,9.428003,0.7950001,8.344997,5.870002,7.2,1
0.0,0.8549999,1.6450006,9.416003,0.895,8.424997,6.120002,7.2,1
0.0,3.6949992,16.485003,21.662996,0.28499994,4.4549985,5.8889985,7.2,1
0.0,0.18999997,0.27500007,0.55799997,0.0,0.0,2.9440007,7.2,1
0.0,1.3,2.54,23.002,0.0,0.0,1.962,7.2,1
0.0,0.7749999,2.3949993,13.903003,0.074999996,0.074999996,6.100002,7.2,1
0.0,0.90999997,0.35499993,5.1349983,0.56499994,2.6249993,5.995002,7.2,1
0.0,0.16499996,0.16499996,0.77300006,0.0,0.074999996,3.7639992,7.2,1
0.0,4.82,1.66,9.768,0.0,0.0,5.92,7.2,1
0.0,1.8649995,0.74499995,3.9929993,0.074999996,0.0,5.7729983,7.2,1
0.0,1.1399997,0.75499994,7.072998,0.015,0.074999996,6.184002,7.2,1
0.0,3.61,1.0,20.121,0.0,0.0,5.574,7.2,1
0.0,0.58,0.59,11.335,0.0,0.0,5.878,7.2,1
0.0,0.86499995,2.4149992,10.049003,0.0,0.074999996,5.7950015,7.2,1
0.0,1.1750005,1.9050006,9.723003,0.17500007,2.5249994,5.488002,7.2,1
0.0,3.1549993,12.975003,18.409,0.0,0.0,5.9119983,7.2,1
0.0,0.98499995,1.8449994,5.4370017,0.41499993,1.7449995,5.8169985,7.2,1
0.0,4.26,2.07,13.925,0.95,13.23,3.269,7.2,1
0.0,0.31500006,0.41,0.78299993,1.0350002,2.1450007,5.8659983,7.2,1
0.0,5.14,1.62,9.701,0.0,0.0,6.025,7.2,1
0.0,2.7750006,1.6650006,3.9299994,0.074999996,0.074999996,5.6789985,7.2,1
0.0,1.47,2.17,27.68,0.19,1.66,5.934,7.2,1
0.0,1.48,0.38,8.929,0.84,7.5,6.033,7.2,1
0.0,0.15499997,0.2,1.0999994,0.915,1.2050005,6.2590017,7.2,1
0.0,1.4249995,0.8549999,8.441003,0.0,0.074999996,5.752002,7.2,1
0.0,1.3350005,5.6549983,5.847998,0.47500008,3.2150004,4.776002,7.2,1
0.0,0.10500006,0.089999996,0.25799993,0.0,0.0,3.5850008,7.2,1
0.0,1.4049995,1.5650005,1.1050005,0.6449999,4.4049983,5.229998,7.2,1
0.0,0.56499994,1.5750005,9.026003,0.34499994,2.5349994,6.1420016,7.2,1
0.0,0.62499994,1.3549994,4.7009983,0.5749999,2.3150008,3.4379992,7.2,1
0.0,5.91,1.76,36.093,0.0,0.0,6.107,7.2,1
0.0,1.0950001,3.5050006,6.4120016,0.55499995,2.9650006,5.7929983,7.2,1
0.0,0.6449999,1.0350002,5.6019983,0.0,0.074999996,5.9890018,7.2,1
0.0,0.035,0.01,0.14299999,0.074999996,0.022499999,3.4449997,7.2,1
0.0,0.61500007,2.7199998,4.024,0.17499995,0.32500008,5.734998,7.2,1
0.0,0.8950001,1.0550004,-0.3290001,0.074999996,0.0,6.0239983,7.2,1
0.0,1.2200003,1.2750006,6.6269984,0.54499996,1.1750003,2.0959992,7.2,1
0.0,11.48,2.34,13.929,0.0,0.0,5.978,7.2,1
0.0,14.88,3.95,21.715,0.42,9.12,5.511,7.2,1
0.0,0.93499994,3.8550007,9.665003,0.39500007,4.6550016,4.3470016,7.2,1
0.0,2.1450007,2.9150007,2.9509993,1.3,8.625003,2.9850006,7.2,1
0.0,2.5350006,1.5050005,14.476003,0.44999993,5.745002,5.6500015,7.2,1
0.0,2.91,0.82,17.69,0.0,0.0,6.079,7.2,1
0.0,2.79,1.34,17.009,0.17,2.89,6.096,7.2,1
0.0,2.92,1.37,17.237,0.58,10.0,5.903,7.2,1
0.0,2.6750007,2.8249993,3.7799993,1.0750005,16.555002,5.972998,7.2,1
0.0,0.08500002,0.09500004,0.28499994,0.0,0.0,3.2440007,7.2,1
0.0,2.0350006,0.79499996,6.525998,0.074999996,0.0,3.2029994,7.2,1
0.0,0.41499993,2.9600005,2.5500007,0.0,0.074999996,2.034,7.2,1
0.0,0.35500008,0.19499993,1.3169994,0.0,0.0,3.3119993,7.2,1
0.0,3.18,0.99,3.143,0.84,2.64,3.207,7.2,1
0.0,6.59,2.06,11.886,0.22,2.61,5.77,7.2,1
0.0,1.43,1.43,54.81,0.0,0.0,6.02,7.2,1
0.0,0.67999995,0.73499995,5.905998,1.0350002,2.0250006,3.4369993,7.2,1
0.0,2.1350007,2.4150007,2.5829992,0.62499994,3.5850008,2.9400008,7.2,1
0.0,1.3349994,1.4850005,1.9300005,0.93499994,3.9949987,3.2770007,7.2,1
0.0,3.6,1.02,5.995,0.8,4.8,5.936,7.2,1
0.0,1.2550005,2.9950006,3.3600006,0.074999996,0.074999996,2.9859993,7.2,1
0.0,1.1150005,3.7550006,3.4250007,0.0,0.074999996,3.4399993,7.2,1
0.0,8.68,9.17,430.163,0.0,0.0,5.971,7.2,1
0.0,3.8750007,4.025,2.0669994,0.074999996,0.0,3.1940007,7.2,1
0.0,3.5350006,3.5350006,7.0220017,1.0650004,21.195004,5.874998,7.2,1
0.0,1.7149994,0.86499995,10.735003,0.0,0.06,6.1140018,7.2,1
0.0,2.0749993,5.584998,6.862002,0.6499999,3.9250007,3.3180006,7.2,1
0.0,1.5349995,6.004998,9.833997,0.074999996,0.074999996,5.985998,7.2,1
0.0,8.03,2.76,11.865,0.33,3.92,5.519,7.2,1
0.0,0.9749999,5.5750017,9.534003,0.0,0.074999996,4.289002,7.2,1
0.0,1.93,1.93,45.801,0.58,3.63,3.239,7.2,1
0.0,2.7,0.81,11.631,1.05,12.21,4.308,7.2,1
0.0,2.9050007,3.0649993,2.8929994,0.074999996,0.074999996,6.0289984,7.2,1
0.0,1.9349996,2.0949993,1.3930005,0.98499995,5.5349984,2.9920006,7.2,1
0.0,0.56,0.57,27.782,0.0,0.0,5.95,7.2,1
0.0,3.4050007,3.4050007,6.1020017,0.7649999,14.305003,5.914998,7.2,1
0.0,2.7550006,3.0349994,5.784002,0.074999996,0.074999996,4.670998,7.2,1
0.0,1.4249995,1.5750005,1.1860005,1.1450006,5.064998,3.1290007,7.2,1
0.0,2.4950006,1.2250005,8.413003,1.2550005,10.094997,3.3779993,7.2,1
0.0,1.49,0.41,8.095,0.0,0.0,5.433,7.2,1
0.0,0.69,0.69,14.073,0.79,1.22,2.238,7.2,1
0.0,5.03,8.29,280.971,1.3,38.88,5.947,7.2,1
0.0,1.7049994,2.1549993,0.52599996,0.92499995,4.0749984,2.6690006,7.2,1
0.0,1.2650006,4.225002,19.822002,0.19499993,2.4649994,6.014002,7.2,1
0.0,4.73,2.08,6.496,0.0,0.0,3.123,7.2,1
0.0,4.664998,2.9649994,6.3140016,1.1850005,7.0050015,2.7100008,7.2,1
0.0,2.9750006,3.1349993,6.3610015,0.074999996,0.074999996,5.821998,7.2,1
0.0,3.6050007,3.7549994,4.421002,0.7749999,8.325003,3.1870008,7.2,1
0.0,2.9350007,1.6650006,13.771003,0.06,0.0,4.6675014,7.2,1
0.0,1.0450001,2.6550007,5.712002,0.50499994,2.3450007,5.3979983,7.2,1
0.0,0.6649999,1.7250005,9.486003,1.0949994,11.264997,5.870002,7.2,1
0.0,0.20499992,0.50499994,1.3349994,1.1350005,1.5650005,3.4319994,7.2,1
0.0,1.3649999,0.4649999,8.244003,1.05,8.8049965,6.1030016,7.2,1
0.0,5.21,2.42,6.174,0.0,0.0,2.926,7.2,1
0.0,1.2450005,3.8450007,3.8320007,0.86500007,3.6199994,3.4139993,7.2,1
0.0,2.0649996,5.144998,11.606003,1.0550004,11.524997,5.794998,7.2,1
0.0,2.4850006,0.9649999,2.9629993,0.074999996,0.0,3.1700006,7.2,1
0.0,1.9,6.8849983,11.101997,0.074999996,0.0,5.728998,7.2,1
0.0,1.31,1.31,18.297,0.0,0.0,3.202,7.2,1
0.0,0.87500006,0.5849999,1.7029995,0.074999996,0.0,1.9470005,7.2,1
0.0,0.8550001,0.63499993,2.3980007,0.037499998,0.074999996,2.7339993,7.2,1
0.0,3.2849994,12.215003,19.541996,0.074999996,0.0,5.9889984,7.2,1
0.0,1.7150005,7.7449985,5.112,0.29500008,1.89,3.1919994,7.2,1
0.0,0.88500005,1.0350002,0.75899994,0.074999996,0.0,6.157998,7.2,1
0.0,0.7149999,2.0849993,12.017003,0.27499995,2.4949994,6.0910015,7.2,1
0.0,4.71,1.6,5.23,0.0,0.0,3.269,7.2,1
0.0,0.88500005,1.0350002,1.9550005,0.56499994,2.6850007,5.7859983,7.2,1
0.0,0.7149999,1.7150005,9.621003,1.0449995,10.934997,5.987002,7.2,1
0.0,1.6450006,3.3550007,5.359,0.074999996,0.0,3.3440006,7.2,1
0.0,1.6549995,0.88499993,4.5980015,0.074999996,0.074999996,5.578998,7.2,1
0.0,1.005,0.40499994,5.8309984,0.074999996,0.074999996,6.041002,7.2,1
0.0,2.1350007,2.3049994,3.3269994,1.3,12.135003,4.3439984,7.2,1
0.0,0.7149999,1.9450005,10.916003,0.74500006,9.084997,5.9530015,7.2,1
0.0,1.2549995,0.63499993,7.7579985,1.0850005,7.9850016,5.9640017,7.2,1
0.0,3.01,3.02,71.214,0.0,0.0,6.149,7.2,1
0.0,2.26,3.61,27.231,0.28,1.88,2.978,7.2,1
0.0,0.15499997,0.30499995,1.1979995,0.31500006,0.5749999,5.8610015,7.2,1
0.0,1.2850006,3.8850007,7.9590006,0.0,0.074999996,2.1089993,7.2,1
0.0,0.97499967,1.1250005,-9.313226e-10,0.044999998,0.0,5.374998,7.2,1
0.0,2.81,1.06,16.269,0.0,0.0,5.79,7.2,1
0.0,1.9150006,2.5050006,5.8850017,0.074999996,0.0,3.0830007,7.2,1
0.0,0.50499994,1.6350005,9.115003,0.27499995,1.9150006,5.9660015,7.2,1
0.0,4.32,1.58,9.014,0.0,0.0,5.741,7.2,1
0.0,2.87,14.674997,8.868997,0.35500008,3.7050006,3.1389992,7.2,1
0.0,2.2549994,10.065003,13.014003,0.054999992,1.6249995,5.9289985,7.2,1
0.0,8.37,1.82,10.069,0.94,9.46,5.532,7.2,1
0.0,1.8650005,112.995,1.9350005,0.7750001,1.6550006,3.2279994,7.2,1
0.0,0.18500006,2.3149993,-0.030999996,0.0,0.0,4.45,7.2,1
0.0,0.25499994,0.80499995,2.5850008,0.9149999,2.3049994,3.7189994,7.2,1
0.0,0.64,0.64,13.299,0.0,0.0,3.2,7.2,1
0.0,2.4349992,10.6950035,13.374003,0.074999996,0.0,5.623998,7.2,1
0.0,1.0349995,1.1950005,0.5339999,0.0,0.0,5.314998,7.2,1
0.0,2.6049993,9.485003,7.2000017,0.0,0.0,2.7410007,7.2,1
0.0,9.95,2.16,7.138,0.29,2.07,3.305,7.2,1
0.0,3.49,0.98,15.804,0.0,0.0,4.528,7.2,1
0.0,0.9749999,3.0349994,16.992002,1.2624997,21.754997,5.9000015,7.2,1
0.0,7.95,3.35,16.15,0.0,0.0,5.0,7.2,1
0.0,1.39,1.92,27.111,0.95,3.68,2.788,7.2,1
0.0,1.1849995,0.6449999,3.4189994,0.9749999,3.0849993,5.7919984,7.2,1
0.0,3.2250006,3.3749993,2.2699993,0.074999996,0.0,3.1660006,7.2,1
0.0,0.2,0.2,9.48,0.0,0.0,5.255,7.2,1
0.0,0.83,0.83,13.655,0.0,0.0,3.154,7.2,1
0.0,1.6550003,5.004998,9.717997,0.074999996,0.074999996,5.913998,7.2,1
0.0,2.025,7.5949984,6.3450017,0.0,0.0,3.1400006,7.2,1
0.0,0.86,0.87,34.307,1.24,6.19,5.803,7.2,1
0.0,0.0,0.01,-0.18700007,0.0,0.0,2.7820008,7.2,1
0.0,11.78,2.76,10.048,0.25,2.51,3.641,7.2,1
0.0,2.8949993,12.145003,16.531998,0.75499994,11.264997,5.7609982,7.2,1
0.0,1.5249995,3.7949994,1.2730005,0.6549999,2.7950006,3.0200007,7.2,1
0.0,1.3850005,2.7150006,6.381998,0.48500007,3.6949992,2.9969993,7.2,1
0.0,7.14,2.61,6.411,0.84,5.39,2.954,7.2,1
0.0,3.4350007,3.4450006,8.481997,1.0650004,20.975002,5.9819984,7.2,1
0.0,3.33,0.85,2.593,0.0,0.0,3.051,7.2,1
0.0,0.31499994,0.87499994,4.3519983,1.1549995,5.5250015,5.6090016,7.2,1
0.0,3.6,1.1,6.046,0.28,1.69,5.547,7.2,1
0.0,0.935,1.0850005,0.24999993,0.074999996,0.0,5.8259983,7.2,1
0.0,1.32,1.32,58.663,0.0,0.0,5.642,7.2,1
0.0,1.87,1.88,88.104,0.0,0.0,5.912,7.2,1
0.0,1.0450003,3.2949994,19.299004,0.074999996,0.074999996,6.1290016,7.2,1
0.0,1.2649995,1.4150006,1.0710005,1.0950005,8.145003,5.9379983,7.2,1
0.0,0.45500004,1.3149995,3.2839994,0.074999996,0.0,5.979998,7.2,1
0.0,2.0850008,2.2449994,1.0580003,0.074999996,0.0,3.0290008,7.2,1
0.0,0.45499992,0.81500006,2.1870008,0.7149999,1.3749995,2.8679993,7.2,1
0.0,0.895,0.29499993,5.0619984,0.022499999,0.074999996,6.119002,7.2,1
0.0,0.6050001,0.9049999,0.20799993,0.074999996,0.0,2.8150008,7.2,1
0.0,0.26,0.23499992,1.4629995,0.53499997,0.71,5.9900017,7.2,1
0.0,1.6700004,3.8750007,9.324997,0.074999996,0.074999996,5.669998,7.2,1
0.0,3.52,3.52,86.405,0.71,14.69,5.878,7.2,1
0.0,0.5949999,2.1349993,12.304003,0.074999996,0.074999996,6.1140018,7.2,1
0.0,1.08,1.09,14.777,0.0,0.0,2.548,7.2,1
0.0,1.33,1.34,54.996,0.71,5.63,5.967,7.2,1
0.0,1.65,1.66,75.131,0.0,0.0,4.565,7.2,1
0.0,3.59,6.36,87.048,0.81,12.74,4.38,7.2,1
0.0,0.5250001,0.69499993,0.41199994,0.074999996,0.0,5.8629985,7.2,1
0.0,0.94499993,1.8049995,5.2680016,0.074999996,0.0,5.893998,7.2,1
0.0,1.94,1.95,101.85,0.28,3.2,5.886,7.2,1
0.0,1.5749995,0.88499993,4.4189982,0.074999996,0.0,2.7989993,7.2,1
0.0,0.79,0.8,43.356,0.47,2.22,5.986,7.2,1
0.0,1.5049995,0.6649999,8.628003,0.55500007,5.5550017,5.5830016,7.2,1
0.0,0.97499967,4.7049985,5.6079984,0.8349999,4.2449985,5.3369985,7.2,1
0.0,1.9850004,1.1150005,12.423003,1.0049995,13.574997,6.1420016,7.2,1
0.0,0.41500008,0.28499994,1.4089994,0.074999996,0.0,3.1039994,7.2,1
0.0,2.035,8.905003,6.191002,0.0,0.0,3.1949992,7.2,1
0.0,1.9349996,0.9549999,5.278001,0.074999996,0.074999996,5.9569983,7.2,1
0.0,2.4249992,9.645003,7.8210015,0.31500006,2.9450006,3.2210007,7.2,1
0.0,0.9849996,0.34499994,3.0700006,0.0,0.074999996,3.0419993,7.2,1
0.0,1.2249994,1.3850005,1.0290002,0.074999996,0.0,3.0730007,7.2,1
0.0,1.2050005,2.4149992,14.128003,1.0750005,14.274997,6.145002,7.2,1
0.0,1.3249995,0.75499994,2.7090006,1.2350005,3.3049994,2.0639994,7.2,1
0.0,0.70500004,0.8549999,-0.13400008,1.3,5.3249984,5.4629984,7.2,1
0.0,1.5549995,0.7049999,5.235998,1.2550005,6.3450017,3.3329992,7.2,1
0.0,0.17499998,0.12499999,0.8440001,0.28,0.27499998,5.8190017,7.2,1
0.0,1.9549999,2.3350008,5.6880016,0.074999996,0.074999996,5.9169984,7.2,1
0.0,0.7249999,1.4949995,4.1090016,0.87499994,3.1550007,6.130998,7.2,1
0.0,2.11,2.11,105.314,0.0,0.0,5.838,7.2,1
0.0,1.3549994,0.7749999,8.6360035,0.5149999,3.9049993,6.1670017,7.2,1
0.0,3.2050006,3.3649993,6.8320017,0.074999996,0.074999996,5.9449983,7.2,1
0.0,0.76500005,4.1550016,4.8769984,0.9749999,4.3849983,5.8199983,7.2,1
0.0,0.5950001,0.35499993,2.0030007,1.005,1.9750003,3.1759994,7.2,1
0.0,0.87500006,2.1850007,4.967002,0.074999996,0.0,5.241998,7.2,1
0.0,1.7549995,0.8449999,9.734003,0.0,0.074999996,5.435002,7.2,1
0.0,0.32499993,0.5849999,2.8670006,0.7850001,2.6049993,5.844002,7.2,1
0.0,1.3949995,0.48499992,4.7529984,1.3,6.015002,3.3589993,7.2,1
0.0,3.02,3.02,120.512,0.34,4.64,4.522,7.2,1
0.0,2.5049994,7.524998,13.990003,0.074999996,0.0,5.7129984,7.2,1
0.0,1.2350005,2.3950007,10.351003,1.2149994,13.524997,5.8670015,7.2,1
0.0,2.97,0.86,18.27,0.0,0.0,6.152,7.2,1
0.0,2.3050008,2.4649994,6.113002,0.074999996,0.074999996,5.7519984,7.2,1
0.0,1.7050005,4.484998,5.1540003,0.0,0.0,3.1080005,7.2,1
0.0,0.7049999,1.2350005,7.0369983,0.074999996,0.074999996,6.2060018,7.2,1
0.0,3.08,0.64,2.341,0.76,1.78,3.658,7.2,1
0.0,1.3650005,2.5450006,7.7260017,0.074999996,0.074999996,5.8559985,7.2,1
0.0,1.4349995,1.5950005,3.4689994,0.074999996,0.074999996,6.052998,7.2,1
0.0,5.76,2.02,4.553,0.0,0.0,2.71,7.2,1
0.0,3.2649994,7.7049985,18.973997,0.074999996,0.0,5.848998,7.2,1
0.0,1.4250005,3.1550007,10.385003,1.1049994,12.414997,3.3229992,7.2,1
0.0,13.72,3.36,19.97,0.0,0.0,5.979,7.2,1
0.0,2.0550008,3.5650008,2.1159992,0.8549999,4.4749985,2.6640007,7.2,1
0.0,1.2549995,0.6649999,4.2509985,0.074999996,0.0,3.3279994,7.2,1
0.0,5.6,1.76,4.401,0.44,1.94,3.334,7.2,1
0.0,6.92,1.9,6.181,0.66,4.08,3.253,7.2,1
0.0,1.1050005,5.515002,6.4419985,0.30500007,2.5549994,3.1639993,7.2,1
0.0,0.18499999,0.16999996,0.503,0.19999997,0.060000002,3.1649997,7.2,1
0.0,10.47,2.76,16.661,0.18,3.0,6.081,7.2,1
0.0,1.83,0.66,10.75,0.67,7.2,5.874,7.2,1
0.0,0.87500006,4.1749988,4.8769984,0.6499999,2.8450007,5.3980002,7.2,1
0.0,3.43,3.43,66.881,1.16,18.39,4.623,7.2,1
0.0,2.6850007,3.1149993,-0.32800007,0.20499992,1.9950005,5.697998,7.2,1
0.0,0.044999994,0.074999996,-0.38100007,0.29500008,0.075000025,3.2170007,7.2,1
0.0,3.05,3.05,78.493,0.87,8.24,3.106,7.2,1
0.0,0.30500007,0.35000002,0.98599994,1.2450005,2.5150006,5.7509985,7.2,1
0.0,1.0450003,2.8549993,16.729004,0.24499993,2.86,6.120002,7.2,1
0.0,0.62500006,0.38499993,3.8330007,0.044999998,0.0,5.908002,7.2,1
0.0,2.1349993,9.925003,12.066003,1.1349995,14.764997,5.8189983,7.2,1
0.0,2.25,0.7,6.961,0.0,0.0,3.094,7.2,1
0.0,0.6049999,2.0449998,11.626003,0.074999996,0.074999996,6.0450015,7.2,1
0.0,1.0700004,0.37499994,6.149998,0.53499997,2.9349992,6.238002,7.2,1
0.0,1.4649994,1.6250005,0.132,0.63499993,0.75500005,0.8920001,7.2,1
0.0,0.5350001,0.58000004,0.9369999,0.074999996,0.0,3.0990007,7.2,1
0.0,1.74,1.94,27.754,0.0,0.0,2.729,7.2,1
0.0,14.06,3.91,12.816,0.82,10.51,3.286,7.2,1
0.0,13.11,3.1,18.661,0.0,0.0,6.039,7.2,1
0.0,7.07,2.08,6.72,0.0,0.0,3.246,7.2,1
0.0,1.5350006,4.4249983,4.8049984,0.12500007,1.0450003,3.347,7.2,1
0.0,0.8349999,7.9050016,7.598998,0.8450001,7.1350017,3.2859993,7.2,1
0.0,1.3150005,3.4749994,20.463003,0.074999996,0.074999996,6.1160016,7.2,1
0.0,1.74,0.54,10.278,1.1,11.31,5.907,7.2,1
0.0,3.97,1.74,10.597,0.0,0.0,6.09,7.2,1
0.0,2.4050007,1.1450006,6.517998,0.074999996,0.0,2.7329993,7.2,1
0.0,2.7150006,2.8749993,6.850002,0.0,0.074999996,5.951998,7.2,1
0.0,3.3950007,3.5449994,-0.10300005,0.074999996,0.0,5.8049984,7.2,1
0.0,5.19,2.21,12.522,0.57,7.14,5.666,7.2,1
0.0,3.88,3.88,42.463,0.78,9.77,3.227,7.2,1
0.0,2.8949993,6.0149984,16.510998,0.21499993,2.2250006,5.7529984,7.2,1
0.0,0.43500006,0.68500006,1.4990005,0.67499995,0.7750001,5.6209984,7.2,1
0.0,0.28499997,0.43500006,0.6789999,0.074999996,0.0,2.4420006,7.2,1
0.0,2.1950006,1.5150006,6.958998,1.1450006,7.605002,3.1739993,7.2,1
0.0,0.25499994,1.7350005,1.3859994,0.022499999,0.074999996,3.0569994,7.2,1
0.0,3.75,1.38,22.747,0.33,7.51,6.066,7.2,1
0.0,2.12,2.12,79.196,0.92,11.63,5.96,7.2,1
0.0,2.6,2.6,-0.244,0.51,8.1,6.106,7.2,1
0.0,1.2549995,1.1550006,2.5330007,0.0,0.074999996,2.036,7.2,1
0.0,1.7149994,1.1150005,5.9679985,0.12500007,1.21,3.4509993,7.2,1
0.0,1.4450005,3.8450007,4.407998,0.84,3.8299994,3.2570002,7.2,1
0.0,1.85,1.85,83.447,0.0,0.0,5.702,7.2,1
0.0,15.08,4.88,29.842,1.13,33.72,6.128,7.2,1
0.0,2.33,0.93,13.511,0.0,0.0,5.799,7.2,1
0.0,0.085,0.065,0.36800006,0.19499993,0.085,4.6750016,7.2,1
0.0,0.0,0.01,-0.15000007,0.7149999,0.06500001,3.0540006,7.2,1
0.0,2.4050007,1.3150005,7.512,0.074999996,0.074999996,5.9829984,7.2,1
0.0,2.9950006,30.605003,10.971003,0.0,0.0,3.5230007,7.2,1
0.0,1.7249994,1.2350005,10.652003,0.30499995,2.5449994,6.034002,7.2,1
0.0,5.55,2.54,15.634,0.0,0.0,6.155,7.2,1
0.0,2.27,2.27,38.273,0.0,0.0,3.194,7.2,1
0.0,9.86,2.54,6.869,0.0,0.0,3.24,7.2,1
0.0,2.4750006,3.9250007,0.77199996,0.074999996,0.0,3.5340006,7.2,1
0.0,1.9549999,0.7149999,1.9670001,0.074999996,0.0,0.9310001,7.2,1
0.0,2.87,2.87,98.484,0.0,0.0,6.106,7.2,1
0.0,0.4650001,0.61499995,-0.28200006,0.0,0.0,3.6140006,7.2,1
0.0,10.1,4.08,16.11,1.09,17.56,5.754,7.2,1
0.0,1.1050005,13.344997,2.6180007,0.0,0.0,2.6899993,7.2,1
0.0,1.4949995,2.1950006,0.67599994,0.37499994,0.8450001,1.8809994,7.2,1
0.0,2.79,0.71,16.181,0.0,0.0,5.8,7.2,1
0.0,2.3049994,9.005003,7.3460016,0.57500005,4.8050017,3.1860006,7.2,1
0.0,2.82,2.83,92.732,1.3,20.07,5.476,7.2,1
0.0,15.11,3.98,23.891,0.53,12.66,6.018,7.2,1
0.0,0.7149999,1.3849995,4.5159984,0.074999996,0.0,3.2409992,7.2,1
0.0,1.0450003,2.5050006,6.5099983,0.30499995,1.4349995,3.0279994,7.2,1
0.0,1.7149994,2.3849993,0.73599994,0.074999996,0.022499999,5.697998,7.2,1
0.0,0.96499974,1.1250005,2.9429994,0.074999996,0.0,5.7609982,7.2,1
0.0,2.0750008,2.2349994,3.4619994,0.074999996,0.074999996,3.1710007,7.2,1
0.0,1.6350005,3.7550006,4.961002,1.0850005,5.0050015,3.0570006,7.2,1
0.0,2.2450006,1.1250005,7.2129984,0.074999996,0.0,3.2159994,7.2,1
0.0,0.8350001,0.99499995,1.1610005,0.074999996,0.0,5.7399983,7.2,1
0.0,3.9050007,4.495002,6.771002,0.074999996,0.044999998,3.5840006,7.2,1
0.0,1.0850005,1.0950005,12.879004,0.074999996,0.074999996,6.0950017,7.2,1
0.0,0.53499997,1.5350006,7.874998,0.7649999,5.414998,5.5580015,7.2,1
0.0,0.8,0.81,42.197,0.71,3.37,5.926,7.2,1
0.0,1.1350003,0.44499993,6.617998,0.4649999,2.6849992,6.2150016,7.2,1
0.0,0.81499994,1.9049995,4.6939983,0.0,0.074999996,3.4329994,7.2,1
0.0,0.31,0.31,8.827,0.0,0.0,3.184,7.2,1
0.0,3.3450007,4.4249983,2.5009995,0.074999996,0.074999996,4.7669983,7.2,1
0.0,1.6650006,6.8849983,5.0900016,0.0,0.0,3.2289994,7.2,1
0.0,0.105,0.23500007,0.7709999,0.0,0.0525,5.754999,7.2,1
0.0,0.28499994,0.8349999,2.5960007,0.0,0.074999996,3.6359994,7.2,1
0.0,2.34,1.03,12.676,0.0,0.0,5.417,7.2,1
0.0,0.125,0.26499993,0.9529999,0.82,0.88499993,5.4860015,7.2,1
0.0,0.7749999,1.7949995,4.9579983,0.074999996,0.0,3.2399993,7.2,1
0.0,2.0450006,1.2050005,12.133003,0.0,0.022499999,5.8330016,7.2,1
0.0,3.0549994,8.965003,9.383997,0.55499995,4.394998,3.0490007,7.2,1
0.0,0.42,0.42,9.309,0.79,2.0,6.014,7.2,1
0.0,4.245002,19.095003,24.693996,0.32499993,6.0749984,5.828998,7.2,1
0.0,16.66,4.15,24.653,0.0,0.0,5.955,7.2,1
0.0,1.5849994,1.0350002,9.950003,1.0349995,11.204997,6.1140018,7.2,1
0.0,3.08,3.08,169.33,0.18,3.35,6.035,7.2,1
0.0,2.6250007,2.7749994,0.8909999,0.41499993,2.8950007,3.1650007,7.2,1
0.0,9.85,2.45,14.704,0.0,0.0,6.002,7.2,1
0.0,2.8750007,3.0349994,8.525997,0.074999996,0.074999996,5.867998,7.2,1
0.0,2.2650006,1.3950006,4.7160015,0.5149999,2.1149993,5.874998,7.2,1
0.0,1.1449995,0.44499993,2.1789994,0.074999996,0.074999996,5.768998,7.2,1
0.0,8.38,4.86,17.826,1.28,22.82,5.695,7.2,1
0.0,0.50499994,1.2350005,6.5489984,1.1250005,7.0350018,5.835002,7.2,1
0.0,1.0549995,1.2150005,0.8179999,0.93499994,5.794998,5.966998,7.2,1
0.0,2.17,3.05,62.084,0.0,0.0,3.168,7.2,1
0.0,2.0350006,0.67499995,3.6719992,1.1150005,3.7100003,6.0219984,7.2,1
0.0,1.6449995,0.8549999,5.4429984,1.1350005,5.9250016,3.2829993,7.2,1
0.0,7.68,2.2,7.161,0.0,0.0,3.255,7.2,1
0.0,0.14500007,0.30499995,0.098,0.7649999,0.80500007,5.701998,7.2,1
0.0,4.11,1.64,5.328,0.11,0.59,3.249,7.2,1
0.0,1.1250004,3.9649994,6.500002,0.21499993,0.82500005,5.873998,7.2,1
0.0,0.44,0.45,10.158,0.0,0.0,3.305,7.2,1
0.0,3.9,1.34,4.457,0.0,0.0,3.351,7.2,1
0.0,2.5449994,5.8249984,14.968002,0.074999996,0.074999996,6.0089984,7.2,1
0.0,3.99,12.14,209.003,0.11,2.58,5.867,7.2,1
0.0,2.82,2.83,144.429,0.0,0.0,6.089,7.2,1
0.0,0.26499993,0.7749999,4.024998,0.09500004,0.7749999,5.9320016,7.2,1
0.0,2.43,0.5,2.884,0.79,2.28,5.886,7.2,1
0.0,1.08,1.36,14.629,0.78,2.64,3.133,7.2,1
0.0,1.36,1.36,52.997,0.0,0.0,5.775,7.2,1
0.0,5.1950016,23.345003,31.293003,0.0,0.0,6.051998,7.2,1
0.0,0.43500006,0.5949999,-0.40000007,0.09500004,0.4650001,6.2580004,7.2,1
0.0,2.65,2.66,115.404,1.25,19.64,5.93,7.2,1
0.0,0.5350001,2.2350006,3.6359994,0.94499993,3.0250006,5.762998,7.2,1
0.0,0.7049999,1.9149995,5.9909983,1.2450005,7.1750016,3.1389992,7.2,1
0.0,0.5149999,0.8550001,2.7549994,0.56499994,1.2349994,6.0159984,7.2,1
0.0,1.0849994,1.2350005,0.46799994,0.074999996,0.0,3.1620007,7.2,1
0.0,1.6049994,1.7650006,-0.0119999945,1.2050005,11.315003,5.925998,7.2,1
0.0,0.6650001,0.33499992,2.4300008,0.7249999,1.7050005,3.4599993,7.2,1
0.0,2.4150007,1.1250005,6.1459985,0.074999996,0.0,5.906998,7.2,1
0.0,0.68499994,1.3950006,7.8299985,0.074999996,0.074999996,6.1090016,7.2,1
0.0,2.1050007,2.2549994,5.6430016,0.074999996,0.074999996,5.9489985,7.2,1
0.0,0.105,4.754998,0.009999998,0.17499995,0.085,2.9079993,7.2,1
0.0,2.56,0.67,14.425,0.59,8.51,5.635,7.2,1
0.0,0.22499993,0.61499995,3.1610007,0.0,0.074999996,6.0680017,7.2,1
0.0,0.81500006,0.34499994,2.8200006,0.015,0.0,3.3279994,7.2,1
0.0,0.5850001,0.74499995,-0.033999994,1.1950005,4.0349984,5.486998,7.2,1
0.0,0.7149999,1.7750006,7.8199983,1.1149995,9.474997,4.719002,7.2,1
0.0,1.5349995,1.7150005,3.2519994,0.5249999,3.2750006,4.551998,7.2,1
0.0,1.9350005,4.4449983,10.453001,0.9149999,8.884997,5.5609984,7.2,1
0.0,2.1549993,6.814998,11.708997,0.074999996,0.0,5.517998,7.2,1
0.0,0.13499999,0.14499998,2.9420006,0.0,0.074999996,5.5420017,7.2,1
0.0,0.7950001,2.0350006,5.3130016,0.9749999,4.6349983,5.945998,7.2,1
0.0,0.074999996,2.4750006,-0.015000002,0.88500005,0.085,0.074999996,7.2,1
0.0,5.74,1.54,9.262,0.0,0.0,6.054,7.2,1
0.0,1.16,1.16,64.262,0.0,0.0,5.882,7.2,1
0.0,5.87,1.91,6.109,0.0,0.0,3.215,7.2,1
0.0,0.49,0.49,10.129,0.49,0.71,2.939,7.2,1
0.0,3.8850007,3.4149992,12.119003,1.0850005,12.394997,3.1539993,7.2,1
0.0,4.03,1.69,5.467,0.0,0.0,3.235,7.2,1
0.0,14.48,3.43,10.799,0.0,0.0,3.158,7.2,1
0.0,4.37,1.15,14.205,0.0,0.0,3.251,7.2,1
0.0,2.3949993,10.045003,13.065003,0.64500004,9.144997,5.6790004,7.2,1
0.0,2.1449993,5.9049983,8.156997,0.074999996,0.074999996,3.8290007,7.2,1
0.0,2.9350007,3.0849993,0.49799994,0.074999996,0.0,6.044998,7.2,1
0.0,2.5,3.0,117.325,0.79,11.34,5.743,7.2,1
0.0,2.8250008,16.754997,10.482997,0.0,0.0,3.5140007,7.2,1
0.0,1.7249994,0.7649999,5.150998,0.074999996,0.0,2.9779994,7.2,1
0.0,3.7649994,16.605003,21.394997,0.037499998,0.0,5.702998,7.2,1
0.0,1.0350002,2.1250007,5.9949985,0.20500007,1.7600005,3.5039992,7.2,1
0.0,0.28499994,0.38999996,1.8849995,0.0,0.074999996,6.014002,7.2,1
0.0,1.9150006,6.644998,5.4190016,0.10500006,0.88500005,2.8290007,7.2,1
0.0,1.71,1.78,29.673,0.0,0.0,3.04,7.2,1
0.0,9.405003,12.665003,8.749997,0.074999996,0.074999996,3.2340007,7.2,1
0.0,3.87,2.07,11.733,0.42,4.93,3.032,7.2,1
0.0,1.9850005,8.295003,5.284002,0.13500006,1.0149995,2.6520007,7.2,1
0.0,1.7850006,7.6549983,8.378003,0.43500006,4.234998,5.0180016,7.2,1
0.0,2.1550007,3.7050006,2.5029993,0.074999996,0.074999996,2.6880007,7.2,1
0.0,0.50499994,1.7149994,2.2650006,0.98499995,2.0550008,2.0919993,7.2,1
0.0,8.13,2.78,16.636,0.45,7.49,6.006,7.2,1
0.0,2.99,0.92,9.739,0.3,2.92,3.257,7.2,1
0.0,1.6,0.45,9.369,0.0,0.0,5.856,7.2,1
0.0,3.2749994,7.5349984,18.981997,1.0550004,18.604998,5.8329983,7.2,1
0.0,0.6550001,1.8850005,0.20199993,1.1250005,4.5149984,5.913998,7.2,1
0.0,2.84,1.02,6.198,0.0,0.0,6.076,7.2,1
0.0,2.1,2.57,44.806,0.0,0.0,3.17,7.2,1
0.0,13.29,3.85,12.639,1.28,16.18,3.283,7.2,1
0.0,0.13499999,0.29499993,1.2209995,0.0,0.074999996,5.9660015,7.2,1
0.0,1.5149995,0.73499995,3.9869995,1.0450003,3.8949993,5.8979983,7.2,1
0.0,3.3049994,15.255003,19.394003,0.0,0.0,5.952998,7.2,1
0.0,6.13,1.54,4.964,0.99,4.91,3.244,7.2,1
0.0,1.8249995,2.8050008,1.7860005,0.074999996,0.0,2.5320008,7.2,1
0.0,5.25,5.25,231.568,0.0,0.0,5.935,7.2,1
0.0,0.61499995,0.98499995,5.3979983,0.0,0.074999996,6.0890017,7.2,1
0.0,3.29,0.97,3.146,0.0,0.0,3.277,7.2,1
0.0,1.5949994,9.704997,9.273003,0.0,0.0,5.5229983,7.2,1
0.0,1.2049999,2.7550006,7.2230015,0.21499993,0.9250001,5.7839985,7.2,1
0.0,2.2649996,14.784997,12.586003,0.26500008,4.2249985,5.7330008,7.2,1
0.0,0.97499967,0.50499994,2.6770008,0.4649999,0.9949996,2.6959994,7.2,1
0.0,0.21500006,0.22500008,0.36899993,1.2250005,1.0049995,3.1490006,7.2,1
0.0,0.8,0.8,34.879,0.0,0.0,5.807,7.2,1
0.0,1.4050006,3.9849994,23.470003,1.0750005,23.624996,6.0970016,7.2,1
0.0,5.61,1.87,6.06,1.08,6.54,3.258,7.2,1
0.0,11.345003,10.724997,31.874996,0.074999996,0.074999996,5.835998,7.2,1
0.0,10.5,3.92,7.092,0.0,0.0,3.238,7.2,1
0.0,1.6450006,3.3949993,19.795004,0.61499995,10.670002,6.060002,7.2,1
0.0,1.1350005,2.1949992,12.374003,0.074999996,0.074999996,5.947002,7.2,1
0.0,20.87,5.6,16.321,0.63,10.28,3.181,7.2,1
0.0,0.16500004,0.13499999,0.5730001,0.16500007,0.14500001,3.1609993,7.2,1
0.0,0.31499994,0.9149999,3.7800007,0.60499996,2.3449993,4.776002,7.2,1
0.0,1.8749995,15.184997,11.001003,0.0,0.0,5.604998,7.2,1
0.0,0.32499993,0.92499995,4.8449984,0.9150001,4.9450016,5.9320016,7.2,1
0.0,1.03,2.93,37.128,0.41,2.17,5.13,7.2,1
0.0,3.4749994,8.165003,20.629997,0.43500006,10.5549965,5.9709983,7.2,1
0.0,2.1250007,11.039999,6.827999,0.34500006,2.8150008,3.1989994,7.2,1
0.0,5.42,5.44,211.973,1.06,33.44,5.82,7.2,1
0.0,0.16499996,0.30999994,0.7190001,0.0,0.074999996,3.2509995,7.2,1
0.0,2.4250007,3.0849993,2.9929993,1.1950005,15.6950035,5.5569983,7.2,1
0.0,0.18499994,0.18499994,2.3130007,0.8949999,0.15500008,2.6569993,7.2,1
0.0,1.03,1.03,15.112,0.0,0.0,3.243,7.2,1
0.0,1.6649995,0.53499997,5.571998,0.074999996,0.0,3.3199992,7.2,1
0.0,1.9350005,4.8249984,10.950998,0.074999996,0.074999996,5.7969985,7.2,1
0.0,4.7,7.84,207.38,1.07,29.63,5.893,7.2,1
0.0,1.1249995,1.2850006,1.4260005,1.2750006,8.415003,5.821998,7.2,1
0.0,0.25000006,1.5250006,1.8790001,0.8999999,1.4949995,5.9529986,7.2,1
0.0,0.39,0.39,9.983,1.26,2.69,5.477,7.2,1
0.0,7.01,1.65,5.599,0.0,0.0,3.393,7.2,1
0.0,1.01,1.01,20.787,0.0,0.0,6.065,7.2,1
0.0,1.8249995,1.9750005,2.1149993,0.074999996,0.0,3.0280006,7.2,1
0.0,3.8450007,3.4049993,12.316003,0.0,0.0,3.2359993,7.2,1
0.0,1.2749995,0.5249999,7.3979983,0.57000005,4.5550017,5.6110015,7.2,1
0.0,1.81,1.83,24.813,0.94,10.09,5.931,7.2,1
0.0,8.1,2.59,8.195,0.93,7.62,3.847,7.2,1
0.0,0.4649999,1.2049994,2.4200006,0.074999996,0.0,2.0549996,7.2,1
0.0,1.46,1.47,23.951,0.0,0.0,2.761,7.2,1
0.0,1.3350005,2.9949994,14.681003,0.47499993,5.975002,5.1280017,7.2,1
0.0,0.28499994,0.4649999,2.1930006,0.0,0.074999996,6.0430017,7.2,1
0.0,0.31499994,0.74499995,2.0690007,0.0,0.074999996,3.3229992,7.2,1
0.0,1.6649995,0.94499993,10.346003,0.0,0.074999996,6.0640016,7.2,1
0.0,3.0049994,14.215003,17.928003,0.0,0.0,6.0689983,7.2,1
0.0,4.26,4.39,112.839,1.29,17.76,3.231,7.2,1
0.0,1.5349998,5.814998,9.529997,0.36499992,2.6650007,6.024998,7.2,1
0.0,0.25499994,0.45499992,2.1850007,1.0049995,2.5149994,6.1830015,7.2,1
0.0,4.34,1.98,11.866,0.0,0.0,5.993,7.2,1
0.0,0.93,0.93,47.427,0.0,0.0,5.868,7.2,1
0.0,1.4299998,0.75499994,8.683003,0.034999996,1.0350002,6.074002,7.2,1
0.0,0.37,0.38,6.892,0.94,1.09,3.122,7.2,1
0.0,1.38,1.39,44.132,0.0,0.0,5.759,7.2,1
0.0,9.14,4.2,13.605,1.28,17.41,5.622,7.2,1
0.0,4.09,4.1,89.393,1.14,15.28,3.277,7.2,1
0.0,4.4749985,4.4749985,5.9110017,0.80499995,10.715003,3.1740007,7.2,1
0.0,2.1650007,3.0450006,2.1989994,0.7649999,4.644998,2.9770007,7.2,1
0.0,1.94,3.83,26.082,0.0,0.0,3.206,7.2,1
0.0,3.0249994,14.6950035,17.705997,1.0450003,17.174997,5.9019985,7.2,1
0.0,2.22,2.22,47.61,0.0,0.0,5.984,7.2,1
0.0,3.6650007,3.8149993,2.2029994,1.015,10.685003,2.9850006,7.2,1
0.0,1.2549995,1.4050006,1.9390005,0.074999996,0.0,3.0840006,7.2,1
0.0,3.5450006,1.9750005,4.4970016,0.074999996,0.0,2.7240007,7.2,1
0.0,0.39499992,1.2950006,7.294998,0.7649999,5.165002,6.1160016,7.2,1
0.0,2.2349994,6.484998,6.2350016,0.0,0.0,2.7770007,7.2,1
0.0,0.81499994,2.7049994,8.453003,0.715,6.0450015,3.3299994,7.2,1
0.0,0.9049999,2.5450006,6.3979983,0.074999996,0.0,3.0039992,7.2,1
0.0,8.47,3.23,6.368,0.72,4.58,1.978,7.2,1
0.0,0.99499995,4.814998,1.6329994,0.0,0.074999996,1.9320005,7.2,1
0.0,1.4849994,1.0950005,9.326003,0.074999996,0.074999996,6.1010017,7.2,1
0.0,1.5049995,0.6449999,4.3199983,1.0950005,4.5550017,2.8569994,7.2,1
0.0,0.6649999,14.664997,1.5349995,0.0,0.0,2.8039994,7.2,1
0.0,5.89,1.77,6.971,0.0,0.0,4.101,7.2,1
0.0,1.78,1.79,24.755,0.85,8.1,5.354,7.2,1
0.0,2.92,0.99,17.594,0.91,16.01,6.025,7.2,1
0.0,0.8949999,1.6050005,9.078003,0.074999996,0.074999996,6.0970016,7.2,1
0.0,1.28,1.28,26.124,0.0,0.0,5.986,7.2,1
0.0,2.2750006,2.3899996,6.0380015,0.5249999,6.395002,5.9049983,7.2,1
0.0,2.6349993,8.065003,11.214997,0.074999996,0.0,4.2769985,7.2,1
0.0,1.3550005,1.4650005,7.7729983,0.074999996,0.074999996,2.0769994,7.2,1
0.0,1.4349995,0.50499994,5.703998,0.074999996,0.0,3.9019992,7.2,1
0.0,6.62,2.39,6.222,1.03,6.41,2.963,7.2,1
0.0,1.5549995,1.7150005,1.5740005,1.2150005,7.024998,3.7480006,7.2,1
0.0,0.5949999,1.5550005,8.754004,0.19499993,1.1350005,6.041002,7.2,1
0.0,2.1749992,9.355003,12.573003,0.0,0.0,5.947998,7.2,1
0.0,2.0949993,6.9049983,11.204003,0.7849999,8.084997,5.5089984,7.2,1
0.0,1.08,1.09,34.476,1.18,6.8,5.336,7.2,1
0.0,0.115,1.0049996,0.1,0.43499994,0.0,0.7580001,7.2,1
0.0,0.27499995,0.55500007,1.3539995,0.074999996,0.074999996,2.3429992,7.2,1
0.0,1.01,0.32499993,5.9089985,0.9549999,5.3450017,6.000002,7.2,1
0.0,0.15500008,0.31499994,-0.31400007,0.73499995,0.42500007,3.2120006,7.2,1
0.0,0.08,0.14500007,0.506,0.0,0.037499998,5.95,7.2,1
0.0,0.8450001,0.63499993,5.090998,0.074999996,0.0,5.6900015,7.2,1
0.0,0.6650001,0.39499992,2.3820007,0.074999996,0.074999996,3.3949993,7.2,1
0.0,1.5749995,0.9549999,4.979998,0.0,0.0,3.1389992,7.2,1
0.0,8.18,1.67,9.514,0.43,4.09,5.731,7.2,1
0.0,1.12,1.13,23.373,0.0,0.0,5.921,7.2,1
0.0,17.64,4.28,26.418,1.04,27.47,6.187,7.2,1
0.0,2.23,0.84,13.0,0.0,0.0,5.83,7.2,1
0.0,0.9549999,0.9549999,7.8049984,0.074999996,0.0,3.2359993,7.2,1
0.0,1.47,0.38,8.596,0.0,0.0,5.848,7.2,1
0.0,2.1850007,2.3449993,0.52299994,0.074999996,0.0,5.960998,7.2,1
0.0,5.52,1.16,6.676,0.0,0.0,5.755,7.2,1
0.0,0.33499992,0.99499995,4.749998,1.2550005,5.765002,5.3200016,7.2,1
0.0,2.1050007,3.6150007,5.8280015,0.074999996,0.074999996,6.123998,7.2,1
0.0,2.7050006,3.3049994,3.6739993,0.074999996,0.074999996,4.5219984,7.2,1
0.0,2.32,2.33,47.667,0.61,8.51,6.014,7.2,1
0.0,0.68500006,0.32499993,2.2470007,0.074999996,0.0,3.1299994,7.2,1
0.0,2.22,0.57,13.464,0.0,0.0,6.065,7.2,1
0.0,0.9050001,0.42499992,3.1450007,0.015,0.0,3.3609993,7.2,1
0.0,0.38499993,0.5950001,2.0340006,0.7149999,1.2749995,3.2699993,7.2,1
0.0,0.62500006,0.35499993,2.1850007,0.35499993,0.68999994,3.3039994,7.2,1
0.0,1.39,1.4,15.772,0.0,0.0,4.387,7.2,1
0.0,0.48000002,0.26499993,2.9200006,0.022499999,0.0,5.948002,7.2,1
0.0,3.3,3.31,179.74,0.0,0.0,6.043,7.2,1
0.0,5.604998,5.765002,12.186997,0.074999996,0.074999996,5.9629984,7.2,1
0.0,0.92,3.49,21.208,0.0,0.0,6.077,7.2,1
0.0,0.24500006,0.6649999,-0.21200007,0.44500002,0.76500005,5.7460003,7.2,1
0.0,1.2050005,3.6000004,11.133003,1.0450003,11.284997,3.1709993,7.2,1
0.0,0.4650001,0.33499992,1.2639995,0.5949999,0.62500006,2.5549994,7.2,1
0.0,2.5550008,1.2750006,4.0440006,1.0550004,3.8150008,3.2600007,7.2,1
0.0,0.10500006,0.075,0.56899995,0.67499995,0.22500008,6.0999985,7.2,1
0.0,4.61,0.97,5.879,0.0,0.0,6.124,7.2,1
0.0,1.6249995,1.9650005,0.9929999,0.074999996,0.0,2.6530006,7.2,1
0.0,0.9849996,0.55499995,6.0699983,1.015,5.855002,5.8720016,7.2,1
0.0,3.13,0.92,10.138,0.0,0.0,3.239,7.2,1
0.0,3.3950007,1.9450005,20.542004,1.0150001,20.074997,6.0160017,7.2,1
0.0,2.98,2.98,166.025,0.0,0.0,5.999,7.2,1
0.0,0.42499992,0.42499992,4.748998,0.074999996,0.074999996,5.7920017,7.2,1
0.0,3.45,1.05,20.779,0.22,4.57,6.023,7.2,1
0.0,1.2750006,3.4649994,20.186003,0.074999996,0.074999996,6.0690017,7.2,1
0.0,2.4,2.41,129.727,0.0,0.0,5.98,7.2,1
0.0,0.19500008,2.2650006,0.604,0.96499974,0.49500006,1.9399998,7.2,1
0.0,1.8050005,2.6350007,8.746003,0.0,0.074999996,3.3299994,7.2,1
0.0,1.89,1.89,21.669,0.0,0.0,3.261,7.2,1
0.0,1.96,1.96,25.661,0.0,0.0,3.251,7.2,1
0.0,5.1550016,14.895003,30.726004,0.86499995,24.255003,5.9879985,7.2,1
0.0,1.9349996,2.3849993,1.0280001,0.074999996,0.0,3.0940006,7.2,1
0.0,1.98,1.99,29.413,0.0,0.0,6.139,7.2,1
0.0,15.56,4.6,15.147,0.0,0.0,3.3,7.2,1
0.0,0.25499994,0.75499994,3.8920007,0.0,0.074999996,5.909002,7.2,1
0.0,1.16,1.17,25.69,0.98,3.67,3.233,7.2,1
0.0,0.5849999,0.9149999,4.460998,0.55500007,2.9199994,5.475002,7.2,1
0.0,0.82500005,0.49499992,2.7490005,0.074999996,0.0525,3.2129993,7.2,1
0.0,2.09,2.4,44.498,0.0,0.0,2.8,7.2,1
0.0,2.05,2.27,114.019,1.14,13.4,5.735,7.2,1
0.0,7.58,2.35,7.765,0.0,0.0,3.304,7.2,1
0.0,3.3049994,9.575003,17.560997,0.6449999,10.044997,5.3389983,7.2,1
0.0,3.1750007,3.3249993,-0.40000007,0.0525,0.0,5.900998,7.2,1
0.0,0.40499994,1.6249995,2.4420006,0.48499992,0.95499986,2.1379993,7.2,1
0.0,1.8749995,2.035,0.48499992,0.27499995,2.2450006,5.879998,7.2,1
0.0,1.1999996,1.3350005,12.526003,1.1050005,4.1750016,3.2379994,7.2,1
0.0,0.44499993,1.0300002,3.2080007,0.48499992,1.2749995,3.3579993,7.2,1
0.0,4.51,1.54,14.378,0.0,0.0,3.188,7.2,1
0.0,0.26500008,0.23499992,0.47699994,0.21999994,0.0,2.5729995,7.2,1
0.0,3.75,1.35,4.288,0.0,0.0,3.176,7.2,1
0.0,6.25,1.72,5.52,0.42,2.32,3.228,7.2,1
0.0,0.40500006,0.41500008,0.6649999,0.074999996,0.0,3.1100006,7.2,1
0.0,2.225,2.2949994,19.174004,0.43499994,2.6749992,3.3389993,7.2,1
0.0,2.0050004,4.9749985,10.256003,0.53499997,4.6749983,5.2779984,7.2,1
0.0,0.57500005,0.37499994,1.7210006,0.86499995,1.3,5.4119983,7.2,1
0.0,2.3050008,1.3950006,6.933998,0.074999996,0.0,3.0199993,7.2,1
0.0,3.3250008,3.4749994,0.14899997,0.98499995,10.025003,3.1900008,7.2,1
0.0,0.33499992,0.36000004,1.1589994,0.15500008,0.35499993,3.0129993,7.2,1
0.0,0.019999996,0.015000001,0.21199992,0.022499999,0.0,5.9399986,7.2,1
0.0,2.34,0.94,14.036,0.59,8.28,5.998,7.2,1
0.0,3.8550007,17.774998,5.1480017,0.074999996,0.074999996,3.3550007,7.2,1
0.0,0.015,0.01,0.115,0.074999996,0.0,4.0600014,7.2,1
0.0,3.28,3.29,71.766,0.0,0.0,3.222,7.2,1
0.0,3.0249994,13.085003,9.768997,0.0,0.0,3.2110007,7.2,1
0.0,3.7449994,16.455004,22.218996,0.074999996,0.0,5.958998,7.2,1
0.0,2.6150007,2.9449992,2.4739993,0.074999996,0.029999997,2.6290007,7.2,1
0.0,2.1250007,13.674997,12.564003,0.0,0.0,5.669998,7.2,1
0.0,3.5550008,5.414998,0.8549999,0.074999996,0.0,3.0980008,7.2,1
0.0,2.1349993,8.1950035,6.040002,0.8450001,5.414998,2.8210006,7.2,1
0.0,7.94,4.49,9.901,0.82,8.12,5.626,7.2,1
0.0,2.3849993,7.274998,13.479003,0.074999996,0.0,5.7929983,7.2,1
0.0,1.13,1.14,35.546,0.0,0.0,3.384,7.2,1
0.0,2.4750006,0.9549999,4.350002,0.074999996,0.014999997,4.782998,7.2,1
0.0,1.0899996,1.2250005,11.551003,0.074999996,0.0,3.2589993,7.2,1
0.0,1.33,1.33,30.928,0.36,2.88,6.012,7.2,1
0.0,0.9649999,1.965,5.7199984,0.074999996,0.0,3.0169992,7.2,1
0.0,1.6,1.77,46.292,1.21,11.09,5.726,7.2,1
0.0,0.33499992,0.34499994,3.3420007,0.88499993,0.68999994,3.0629992,7.2,1
0.0,18.53,4.12,12.189,0.36,4.39,2.987,7.2,1
0.0,1.8050005,5.5349984,5.4830017,0.0,0.074999996,3.0510006,7.2,1
0.0,0.55500007,1.7250005,0.37399992,0.24500006,0.86500007,4.597998,7.2,1
0.0,2.0250006,2.1749992,3.0199993,0.75499994,8.565003,5.973998,7.2,1
0.0,0.14500007,0.30499995,-0.033,0.32500008,0.40500006,5.5570016,7.2,1
0.0,6.8849983,11.944997,11.062997,0.074999996,0.0,5.5999985,7.2,1
0.0,5.59,1.83,10.747,0.0,0.0,5.905,7.2,1
0.0,2.4949994,3.9250007,12.041003,0.75500005,10.134997,3.1119993,7.2,1
0.0,2.9450006,3.1849992,1.5380006,0.17499995,0.9050001,3.1580007,7.2,1
0.0,2.0449998,2.3450007,12.809003,0.9949996,6.145002,2.9549994,7.2,1
0.0,3.27,1.5,10.655,0.0,0.0,3.258,7.2,1
0.0,1.28,1.29,67.52,0.0,0.0,6.03,7.2,1
0.0,2.76,0.74,4.031,0.15,0.6,5.522,7.2,1
0.0,1.4649994,2.0649996,0.41199994,1.2750006,5.774998,3.0900006,7.2,1
0.0,0.7249999,4.2449985,13.839003,0.0,0.074999996,5.8010015,7.2,1
0.0,7.88,2.16,13.269,0.0,0.0,6.172,7.2,1
0.0,10.12,3.29,8.155,0.0,0.0,3.125,7.2,1
0.0,0.5850001,0.47499993,2.0130007,0.074999996,0.0,3.2389994,7.2,1
0.0,3.8749993,17.785004,23.645996,0.9849996,25.064997,6.1279984,7.2,1
0.0,0.8350001,0.98499995,1.2070005,0.074999996,0.0,5.9909983,7.2,1
0.0,0.93000007,2.9950006,5.8580017,0.074999996,0.0,5.7659984,7.2,1
0.0,1.8149995,1.9650005,2.5239992,0.074999996,0.0,3.2380006,7.2,1
0.0,0.42500004,1.8750001,1.8999997,0.87499994,1.5299997,4.2130017,7.2,1
0.0,2.4050007,1.2550005,7.964,0.99499995,7.475002,3.3169994,7.2,1
0.0,1.42,5.58,33.285,0.0,0.0,5.976,7.2,1
0.0,1.4749994,0.7849999,8.268003,0.0,0.074999996,5.4580016,7.2,1
0.0,1.9049995,0.7849999,1.7180005,0.26499993,0.23500007,2.3410006,7.2,1
0.0,0.87500006,1.0250001,1.8520005,0.61499995,3.0450006,5.999998,7.2,1
0.0,0.075,0.14500007,0.519,0.34500003,0.19,5.387999,7.2,1
0.0,3.97,1.46,3.146,0.99,3.11,3.084,7.2,1
0.0,0.31500006,2.4749994,0.27699995,0.0,0.0,4.6019983,7.2,1
0.0,0.865,0.44499993,4.8169985,0.63499993,2.8149993,5.6340017,7.2,1
0.0,6.85,1.51,4.749,0.73,3.47,3.166,7.2,1
0.0,0.94499993,2.7250006,2.4380004,0.074999996,0.044999998,2.9009998,7.2,1
0.0,5.2,12.65,152.134,0.0,0.0,5.933,7.2,1
0.0,0.31500006,0.47499993,-0.25300008,0.06,0.0,3.0740006,7.2,1
0.0,2.03,2.37,32.998,0.87,9.76,5.525,7.2,1
0.0,1.0049995,0.6549999,2.7660007,0.0,0.074999996,2.7059994,7.2,1
0.0,2.0950007,11.144997,6.3499985,0.0,0.0,3.0359993,7.2,1
0.0,0.26500008,0.41499993,-0.50100005,0.0,0.0,5.8280015,7.2,1
0.0,3.21,3.21,166.64,0.28,5.37,5.979,7.2,1
0.0,2.2949994,9.505003,6.2000017,0.0,0.0,2.6840007,7.2,1
0.0,2.3050008,2.4649994,1.7130005,0.074999996,0.074999996,6.077998,7.2,1
0.0,15.88,4.1,22.931,0.0,0.0,6.115,7.2,1
0.0,2.3650007,2.5149994,3.5949993,1.015,7.374998,3.1750007,7.2,1
0.0,2.9250007,4.544998,3.6029994,0.074999996,0.074999996,3.5410006,7.2,1
0.0,3.2249994,10.275003,19.057997,0.074999996,0.0,5.9509983,7.2,1
0.0,2.78,2.79,57.57,0.96,8.66,3.244,7.2,1
0.0,1.0450003,3.2449994,17.550003,0.074999996,0.074999996,5.653002,7.2,1
0.0,12.23,4.04,23.247,0.0,0.0,5.768,7.2,1
0.0,1.02,1.03,46.126,0.94,5.82,6.066,7.2,1
0.0,1.4250005,6.3249984,4.1859984,0.7950001,3.7849994,3.2309992,7.2,1
0.0,0.6750001,0.8349999,-0.29600006,0.29499993,0.41500008,2.8970006,7.2,1
0.0,15.57,3.13,10.138,0.0,0.0,3.249,7.2,1
0.0,0.68499994,0.68,1.7410003,0.0525,0.0,2.7249994,7.2,1
0.0,2.37,0.88,8.129,0.0,0.0,3.43,7.2,1
0.0,2.8649993,12.125003,6.2480016,1.0349995,6.9250016,2.1380007,7.2,1
0.0,1.69,6.79,77.878,0.0,0.0,5.997,7.2,1
0.0,0.51500005,2.1850007,3.6089993,1.2250005,3.984999,5.914998,7.2,1
0.0,0.20500004,0.86499995,1.4520001,0.074999996,0.0075,5.7179995,7.2,1
0.0,9.11,2.21,13.051,0.3,3.92,5.932,7.2,1
0.0,2.5450006,1.3150005,2.6519992,0.7849999,1.7549995,2.4270008,7.2,1
0.0,7.07,7.1,0.713,1.04,44.01,5.985,7.2,1
0.0,0.29500008,0.45499992,0.22999993,0.03,0.0,5.9899983,7.2,1
0.0,0.105,0.20500007,0.7609999,0.22000006,0.17500001,5.6869993,7.2,1
0.0,0.44499993,1.3249995,3.2020006,0.074999996,0.074999996,2.7179992,7.2,1
0.0,4.3150015,10.135003,24.077997,0.42499992,8.325003,5.585998,7.2,1
0.0,0.20499992,1.5549997,0.82400006,1.1950005,1.0850005,2.3799994,7.2,1
0.0,2.2250006,0.9649999,5.2149982,0.8249999,4.0450006,5.950999,7.2,1
0.0,1.23,1.23,52.636,0.0,0.0,5.96,7.2,1
0.0,11.84,2.79,16.694,0.54,9.01,5.984,7.2,1
0.0,8.95,5.61,53.437,0.14,7.48,5.971,7.2,1
0.0,1.59,1.6,20.072,0.66,6.35,6.047,7.2,1
0.0,1.1350005,4.374998,5.877002,1.2050005,6.6350017,5.3989983,7.2,1
0.0,4.26,4.26,143.834,0.92,23.96,6.114,7.2,1
0.0,1.1749995,0.45499992,5.9649982,0.25499994,1.1200002,4.9070015,7.2,1
0.0,0.70500004,2.3149993,0.094,0.22499993,0.14500007,1.8119994,7.2,1
0.0,5.71,2.5,15.184,0.0,0.0,6.074,7.2,1
0.0,3.78,0.97,5.754,0.0,0.0,5.932,7.2,1
0.0,0.40499994,0.43499994,6.275998,0.074999996,0.074999996,3.4569993,7.2,1
0.0,1.7249994,1.8750005,4.284002,0.074999996,0.074999996,5.8959985,7.2,1
0.0,1.35,1.36,31.125,0.0,0.0,3.361,7.2,1
0.0,4.38,1.15,3.339,1.15,3.84,2.903,7.2,1
0.0,0.86999995,0.37499994,5.044998,0.0,0.074999996,6.1700015,7.2,1
0.0,1.5249995,0.99499995,9.025003,0.0075,0.074999996,5.7620015,7.2,1
0.0,1.9249995,0.9549999,6.2249985,1.1950005,7.1350017,3.2249994,7.2,1
0.0,1.63,0.56,9.632,0.0,0.0,5.909,7.2,1
0.0,2.0,2.01,35.07,0.0,0.0,6.013,7.2,1
0.0,3.43,1.5,11.149,0.25,2.79,3.25,7.2,1
0.0,0.88500005,1.0550004,0.77699995,0.6449999,1.8549994,3.4600008,7.2,1
0.0,2.0050004,17.894997,11.063003,1.0049995,11.955003,5.8460016,7.2,1
0.0,7.42,3.49,42.825,0.62,26.55,5.772,7.2,1
0.0,1.11,1.12,20.421,0.94,5.89,5.65,7.2,1
0.0,0.0,0.7249999,-0.34800008,1.2650006,0.0,3.1250007,7.2,1
0.0,0.55500007,0.7149999,1.021,0.7749999,2.5150006,5.802998,7.2,1
0.0,0.80500007,0.5849999,2.8850007,0.22500001,0.75499994,3.4389994,7.2,1
0.0,7.1849985,59.705,43.875004,0.45500004,23.215004,5.978998,7.2,1
0.0,2.0250006,14.544997,12.062003,0.20500007,3.3250008,5.7049985,7.2,1
0.0,0.48500007,0.24499993,0.84699994,1.0950005,0.7150001,5.8629985,7.2,1
0.0,4.29,4.3,96.576,0.0,0.0,2.992,7.2,1
0.0,1.9249995,1.2750006,2.1039994,0.074999996,0.074999996,4.873998,7.2,1
0.0,2.8149993,6.584998,16.359997,0.074999996,0.0,5.867998,7.2,1
0.0,0.75500005,0.50499994,4.4879985,0.074999996,0.0,5.573002,7.2,1
0.0,10.69,11.13,13.476,1.29,82.62,5.991,7.2,1
0.0,1.3250005,2.8349993,14.166003,0.074999996,0.0,5.8410015,7.2,1
0.0,1.7849995,0.7749999,4.3010015,0.19499993,0.5849999,5.9619985,7.2,1
0.0,2.1150007,2.2749994,4.7940016,0.074999996,0.074999996,5.9559984,7.2,1
0.0,2.4350007,0.9749999,5.2049985,0.9649999,4.7750015,5.978001,7.2,1
0.0,0.74499995,2.1149993,12.163003,1.2300003,14.764997,6.1040015,7.2,1
0.0,1.0549995,0.45499992,5.451998,0.074999996,0.0,4.9660015,7.2,1
0.0,0.48499992,0.69,2.1120007,0.9049999,1.8950006,3.2909994,7.2,1
0.0,0.46,0.47,14.062,0.53,0.81,3.304,7.2,1
0.0,0.88499993,2.1449993,12.352003,0.074999996,0.074999996,6.0780015,7.2,1
0.0,2.91,2.91,51.066,0.0,0.0,3.703,7.2,1
0.0,0.23000002,0.5850001,1.6650006,0.074999996,0.0,6.039998,7.2,1
0.0,3.33,0.91,5.152,0.66,3.4,5.724,7.2,1
0.0,0.7950001,4.235001,5.223998,0.074999996,0.0,6.0159984,7.2,1
0.0,1.7949995,1.9550005,0.8999999,0.074999996,0.03,5.979998,7.2,1
0.0,2.4950006,1.2250005,3.9099994,0.68499994,2.2650006,3.2600007,7.2,1
0.0,0.61499995,2.6550007,5.525998,0.5950001,3.8249993,3.1029994,7.2,1
0.0,3.08,1.06,2.461,0.0,0.0,2.413,7.2,1
0.0,0.9,0.9,26.879,0.13,0.64,5.472,7.2,1
0.0,2.66,0.7,15.984,0.66,10.55,6.009,7.2,1
0.0,1.6649995,0.55499995,4.6789985,0.074999996,0.0,2.8069994,7.2,1
0.0,11.56,2.99,14.403,0.0,0.0,5.879,7.2,1
0.0,3.3850007,3.9249992,1.7410005,0.7849999,7.7849984,3.1250007,7.2,1
0.0,2.3650007,2.5149994,0.88399994,0.86499995,11.425003,5.892998,7.2,1
0.0,0.70500004,0.25499994,1.1080005,0.0,0.03,5.663998,7.2,1
0.0,0.47500008,2.5349994,3.3869994,0.74499995,2.1550007,5.973998,7.2,1
0.0,2.1150007,1.9550005,5.971998,0.8349999,4.6750016,2.8359993,7.2,1
0.0,0.7849999,2.2050006,7.4239984,0.074999996,0.0,3.3789992,7.2,1
0.0,2.5350006,3.6450007,6.2340016,1.2150005,7.0950017,5.5239983,7.2,1
0.0,3.3850007,3.4150007,7.626002,0.5249999,9.474997,5.9639983,7.2,1
0.0,2.1249993,4.894998,12.052999,1.1250005,12.684997,5.782998,7.2,1
0.0,1.5050005,3.4449992,15.185003,1.2549996,19.914997,4.6030016,7.2,1
0.0,10.5,2.81,14.478,1.28,18.53,5.745,7.2,1
0.0,2.1249993,6.524998,11.303997,0.074999996,0.0,5.4029984,7.2,1
0.0,2.6850007,3.0649993,5.0310016,0.074999996,0.074999996,4.0799985,7.2,1
0.0,1.7649995,1.1850005,10.989003,0.09500004,1.9550005,6.0880017,7.2,1
0.0,1.4950005,3.2150006,6.044998,0.44500005,3.2549994,2.8699994,7.2,1
0.0,2.0450006,2.2149994,2.8649993,0.7049999,3.8550007,2.8680007,7.2,1
0.0,1.7050005,5.0349984,16.409002,0.0,0.0,3.3069994,7.2,1
0.0,1.7999998,1.9050006,11.486003,0.074999996,0.0,2.8959994,7.2,1
0.0,5.48,5.48,244.645,0.67,21.77,5.93,7.2,1
0.0,6.81,2.56,10.558,0.0,0.0,5.175,7.2,1
0.0,2.0250006,2.3299997,1.7940005,1.0550004,5.914998,2.8370006,7.2,1
0.0,1.6749995,2.0949993,0.48299992,0.074999996,0.0,3.0920007,7.2,1
0.0,0.6549999,1.7650006,10.017003,0.074999996,0.074999996,6.0820017,7.2,1
0.0,0.40500006,0.19499993,1.4879994,0.8249999,1.0949994,3.3309994,7.2,1
0.0,2.18,0.56,13.233,0.47,6.22,6.07,7.2,1
0.0,1.5,1.51,46.552,0.34,1.83,3.593,7.2,1
0.0,2.0,2.01,49.897,1.0,11.46,5.729,7.2,1
0.0,0.74499995,1.2949995,4.3329983,1.0299997,4.745002,3.3159993,7.2,1
0.0,2.8550007,2.0749993,7.177002,0.074999996,0.074999996,5.9949985,7.2,1
0.0,2.99,3.0,67.908,0.25,4.12,5.518,7.2,1
0.0,0.39499992,2.1650007,5.032998,0.35500008,0.87499994,5.903002,7.2,1
0.0,0.0,0.105000004,0.093,0.23499992,0.0,1.815,7.2,1
0.0,3.76,3.78,203.781,1.02,21.46,5.597,7.2,1
0.0,3.8,3.94,53.581,0.0,0.0,3.033,7.2,1
0.0,0.9149999,3.8450007,8.589003,0.31499994,2.0050006,3.2959993,7.2,1
0.0,3.5450006,3.6949992,2.6599994,0.074999996,0.0,3.0540006,7.2,1
0.0,3.2149994,8.265003,18.955997,0.39499992,6.1150017,5.9379983,7.2,1
0.0,2.7950006,2.9449992,5.7350016,0.31499994,4.125002,5.801998,7.2,1
0.0,2.5949993,6.874998,15.278997,0.074999996,0.0,5.9579983,7.2,1
0.0,3.57,1.17,3.824,0.0,0.0,3.297,7.2,1
0.0,1.17,2.18,57.687,0.74,4.99,5.762,7.2,1
0.0,2.5150006,2.6849992,0.9039999,0.8349999,6.484998,3.2570007,7.2,1
0.0,4.68,0.99,5.878,1.22,7.17,5.937,7.2,1
0.0,1.49,0.38,8.874,0.0,0.0,5.956,7.2,1
0.0,0.68500006,2.9150007,4.549,0.074999996,0.0,5.9109983,7.2,1
0.0,0.49500006,0.6549999,0.8919999,0.074999996,0.0,5.887998,7.2,1
0.0,1.0650004,2.7049994,15.889003,0.074999996,0.074999996,6.145002,7.2,1
0.0,1.0449995,0.7649999,6.439998,0.074999996,0.074999996,5.8920016,7.2,1
0.0,1.87,1.88,56.581,0.0,0.0,5.51,7.2,1
0.0,1.03,0.34499994,5.998998,0.8549999,4.8150015,5.9720016,7.2,1
0.0,1.4749994,2.035,0.36099994,0.6449999,2.6750007,3.0340006,7.2,1
0.0,2.0450006,1.6350005,5.743998,0.8549999,4.6150017,2.8199992,7.2,1
0.0,1.0750005,3.1649992,13.975003,0.935,14.264997,5.9780016,7.2,1
0.0,1.5149995,1.6650006,2.8099992,1.015,8.875003,5.913998,7.2,1
0.0,3.05,1.41,10.055,0.0,0.0,3.297,7.2,1
0.0,2.32,3.2,48.688,0.0,0.0,2.894,7.2,1
0.0,0.75499994,2.3750007,3.3720007,0.0,0.074999996,2.7679994,7.2,1
0.0,7.19,2.15,12.638,1.25,15.8,5.906,7.2,1
0.0,0.72,1.44,27.832,0.46,1.76,5.315,7.2,1
0.0,8.84,1.98,5.871,0.0,0.0,2.965,7.2,1
0.0,1.1249995,0.5149999,6.669998,0.44499993,2.5749993,5.6960015,7.2,1
0.0,0.45499992,6.185002,7.571998,0.36500007,3.4349992,6.0030017,7.2,1
0.0,5.484998,5.484998,14.536997,0.86499995,26.604998,5.965998,7.2,1
0.0,1.08,1.08,13.813,0.83,2.75,3.073,7.2,1
0.0,1.27,1.27,52.855,0.69,5.28,6.028,7.2,1
0.0,0.6050001,0.33499992,2.1110008,0.074999996,0.029999997,3.2899992,7.2,1
0.0,1.8049995,1.0550004,11.093003,0.0,0.074999996,6.015002,7.2,1
0.0,0.27500007,0.19499993,1.0519994,0.94499993,0.9050001,3.2949994,7.2,1
0.0,0.83,0.43499994,4.8649983,0.03,0.074999996,6.027002,7.2,1
0.0,0.80499995,1.9750001,4.4369984,0.074999996,0.0,2.7929993,7.2,1
0.0,1.2399998,0.42499992,7.392998,0.074999996,0.074999996,5.955002,7.2,1
0.0,0.80499995,2.5549994,13.763003,1.2550005,16.404997,5.9390016,7.2,1
0.0,2.3149993,9.605003,7.7160015,0.0,0.0,3.4859993,7.2,1
0.0,2.5550008,2.7400002,5.995002,0.44499993,5.8150015,5.827998,7.2,1
0.0,0.7049999,2.1049993,11.490003,0.074999996,0.074999996,5.8000016,7.2,1
0.0,2.88,2.89,49.019,0.36,6.33,6.105,7.2,1
0.0,1.0349995,0.37499994,1.021,0.48499992,0.31500006,3.1870008,7.2,1
0.0,0.48500007,1.3349994,3.3029993,0.074999996,0.0,5.688998,7.2,1
0.0,1.2049994,1.3550005,1.9940006,0.074999996,0.0,3.2150006,7.2,1
0.0,2.1050007,2.2649994,0.6959999,0.074999996,0.0,3.0230007,7.2,1
0.0,1.9150006,6.2249985,10.607003,1.1350005,11.394997,5.729998,7.2,1
0.0,9.495003,9.654997,15.397997,0.074999996,0.074999996,5.9549985,7.2,1
0.0,7.63,2.43,6.266,0.0,0.0,3.012,7.2,1
0.0,2.17,2.44,62.745,0.25,2.4,4.424,7.2,1
0.0,0.13000003,0.62499994,0.543,0.074999996,0.0,3.3,7.2,1
0.0,3.5,1.03,20.879,0.0,0.0,5.965,7.2,1
0.0,0.43500006,0.52,1.2600005,0.074999996,0.0,5.867998,7.2,1
0.0,6.93,1.57,5.135,0.69,3.54,3.271,7.2,1
0.0,0.91,0.92,35.804,0.43,2.36,6.033,7.2,1
0.0,1.5150006,5.5349984,4.7090006,0.0,0.074999996,3.2939997,7.2,1
0.0,1.28,1.29,47.111,1.14,8.79,6.021,7.2,1
0.0,3.1350007,2.1649992,8.674003,1.2650006,10.484997,2.6510007,7.2,1
0.0,1.0650004,2.7249994,15.345003,0.0,0.074999996,5.8940015,7.2,1
0.0,4.0650015,9.305003,24.320997,0.074999996,0.0,6.0019984,7.2,1
0.0,2.3849993,10.375003,6.3260016,0.55500007,3.8650007,2.6310008,7.2,1
0.0,1.2549995,1.4750005,0.44599992,0.074999996,0.0,1.9029995,7.2,1
0.0,22.61,4.65,11.676,0.0,0.0,2.516,7.2,1
0.0,4.62,1.85,11.059,0.86,9.51,5.978,7.2,1
0.0,3.7049994,8.835003,21.614998,0.074999996,0.0,5.8589983,7.2,1
0.0,5.87,2.46,7.966,0.0,0.0,3.251,7.2,1
0.0,2.7850006,2.9449992,7.743002,0.074999996,0.074999996,5.7989984,7.2,1
0.0,1.9149995,0.8249999,6.2379985,0.7249999,4.1750016,3.2469993,7.2,1
0.0,5.88,1.37,4.446,0.26,1.16,3.245,7.2,1
0.0,1.25,4.65,28.047,0.0,0.0,6.045,7.2,1
0.0,0.36500007,0.21499993,1.1529995,0.50499994,0.45500004,2.8659992,7.2,1
0.0,0.79,0.79,24.515,0.0,0.0,3.271,7.2,1
0.0,0.16500007,0.62499994,-0.47700006,0.0,0.0,5.8710017,7.2,1
0.0,1.14,1.81,34.328,0.0,0.0,3.156,7.2,1
0.0,9.41,3.66,21.821,0.46,10.04,6.078,7.2,1
0.0,2.7649994,10.255003,14.775003,0.074999996,0.0,5.4449983,7.2,1
0.0,0.31499994,0.92499995,4.938998,1.1249995,6.0950017,5.974002,7.2,1
0.0,7.16,1.63,9.344,0.14,1.31,5.733,7.2,1
0.0,1.9850004,2.2049994,0.42899993,0.8349999,4.504998,2.8500006,7.2,1
0.0,2.0950007,2.2649994,2.5539994,0.074999996,0.074999996,5.4749985,7.2,1
0.0,0.56499994,1.0250001,6.9119983,0.074999996,0.074999996,2.9529994,7.2,1
0.0,2.6050007,2.7549994,3.0759993,0.33499992,3.7550006,5.425998,7.2,1
0.0,0.48499992,1.6850005,1.8229995,0.074999996,0.074999996,3.0879993,7.2,1
0.0,2.3350008,2.4949994,1.0570004,0.99499995,13.095003,5.8629985,7.2,1
0.0,1.79,2.83,66.619,0.0,0.0,5.708,7.2,1
0.0,1.4499996,6.910001,8.817998,0.074999996,0.0,5.734998,7.2,1
0.0,0.8550001,0.42499992,0.8349999,0.9149999,0.56500006,2.1600006,7.2,1
0.0,1.4249995,0.5849999,8.624003,0.0,0.074999996,5.8665013,7.2,1
0.0,0.29499993,0.47999993,1.2809994,0.0,0.074999996,3.3039994,7.2,1
0.0,7.44,2.57,45.401,0.0,0.0,6.102,7.2,1
0.0,1.9049995,2.0649996,1.0910006,0.32499993,2.8050008,5.7339983,7.2,1
0.0,0.8349999,1.7449995,4.3510017,1.2550005,4.9749985,5.550998,7.2,1
0.0,0.8350001,3.8850007,5.4969983,0.074999996,0.0,6.0479984,7.2,1
0.0,2.2050006,0.88499993,4.2449985,0.38499993,1.2649995,5.392998,7.2,1
0.0,0.48,0.48,9.194,0.96,2.66,5.767,7.2,1
0.0,4.65,1.99,28.23,0.11,3.11,6.071,7.2,1
0.0,2.32,0.61,13.063,0.0,0.0,5.631,7.2,1
0.0,1.8949995,1.9249997,5.960002,0.074999996,0.074999996,5.978998,7.2,1
0.0,0.7749999,2.5250006,2.2460008,0.074999996,0.0,3.3909993,7.2,1
0.0,1.8349994,0.8449999,4.5489984,1.1750005,5.165002,5.9299984,7.2,1
0.0,1.1750005,4.6150017,22.645002,0.0,0.067499995,5.396002,7.2,1
0.0,1.2100002,4.2449985,6.883002,0.074999996,0.074999996,5.6939983,7.2,1
0.0,10.0,2.08,6.653,0.61,4.06,3.199,7.2,1
0.0,0.49499992,1.2050005,4.057998,0.68499994,2.4450006,3.7649994,7.2,1
0.0,3.62,3.91,44.892,0.87,9.61,3.05,7.2,1
0.0,7.88,1.68,10.218,0.78,7.97,6.082,7.2,1
0.0,1.6599996,5.5549984,10.380997,0.074999996,0.074999996,5.9169984,7.2,1
0.0,12.32,3.17,18.213,0.82,14.93,5.764,7.2,1
0.0,3.3649993,15.515003,14.781997,0.074999996,0.0,4.394998,7.2,1
0.0,1.7249994,1.8750005,4.0770016,0.074999996,0.074999996,5.7319984,7.2,1
0.0,1.5249995,1.6750005,2.4139993,0.074999996,0.0,3.1790006,7.2,1
0.0,1.4849994,0.5949999,8.704003,0.5850001,5.8650017,5.7030015,7.2,1
0.0,0.45499992,2.5750008,4.3719983,0.0,0.074999996,2.5539994,7.2,1
0.0,2.45,0.67,14.555,1.16,16.88,5.941,7.2,1
0.0,0.6049999,2.32,6.0549984,1.1549995,7.6150017,3.2679994,7.2,1
0.0,1.22,1.23,16.417,1.12,8.37,6.128,7.2,1
0.0,0.535,0.26499993,3.1920006,0.0,0.014999999,6.015002,7.2,1
0.0,2.3750007,2.7149994,2.8939993,0.074999996,0.074999996,5.498998,7.2,1
0.0,4.0450006,13.465003,24.134996,0.34499994,6.4249983,5.984998,7.2,1
0.0,19.04,4.47,26.878,0.17,4.57,6.04,7.2,1
0.0,0.69500005,2.3150008,4.645002,0.074999996,0.0,5.859998,7.2,1
0.0,4.92,2.95,29.259,0.0,0.0,5.947,7.2,1
0.0,0.7350001,0.88499993,0.20899993,1.0450003,4.624998,5.9109983,7.2,1
0.0,0.24500006,0.23499992,0.89399993,0.037499998,0.0,5.3849983,7.2,1
0.0,9.01,2.08,11.545,0.0,0.0,5.577,7.2,1
0.0,2.42,2.57,85.467,0.44,6.39,6.001,7.2,1
0.0,3.73,3.73,52.153,1.25,15.15,3.249,7.2,1
0.0,3.04,3.04,64.831,0.0,0.0,6.043,7.2,1
0.0,5.59,2.63,6.682,0.0,0.0,3.051,7.2,1
0.0,1.4850005,6.0149984,7.623998,1.1599996,9.464997,5.3849983,7.2,1
0.0,2.0850008,2.8750005,0.90299994,1.0450003,6.664998,3.1420007,7.2,1
0.0,2.48,0.76,14.839,0.0,0.0,5.983,7.2,1
0.0,2.5749993,9.4450035,15.217997,1.0350002,14.614997,5.9819984,7.2,1
0.0,10.86,2.44,7.535,0.0,0.0,3.101,7.2,1
0.0,0.86499995,2.7350006,9.051003,0.47500008,5.0950017,3.3339994,7.2,1
0.0,1.2950006,3.9250007,9.554003,0.0,0.0,3.5639994,7.2,1
0.0,1.2050005,3.5749993,21.462004,0.074999996,0.074999996,6.2460017,7.2,1
0.0,0.8549999,2.3750007,6.3569984,0.074999996,0.0,2.9989994,7.2,1
0.0,2.5149994,8.6950035,14.508997,0.074999996,0.0,5.840998,7.2,1
0.0,0.61500007,2.1450007,4.258002,1.2750006,4.9449983,5.986998,7.2,1
0.0,0.45499992,1.2249999,3.9679997,0.074999996,0.074999996,3.3349993,7.2,1
0.0,3.2250006,1.5550005,4.7290015,0.074999996,0.0,3.0910006,7.2,1
0.0,10.69,3.22,19.51,1.25,24.39,6.059,7.2,1
0.0,1.7949995,1.0650004,6.084998,0.8549999,4.875002,3.3689992,7.2,1
0.0,17.2,5.16,30.338,0.0,0.0,5.902,7.2,1
0.0,0.72499996,0.75499994,5.051998,0.86499995,1.36,2.6069994,7.2,1
0.0,5.73,2.37,33.644,0.0,0.0,5.872,7.2,1
0.0,1.0450003,2.9850006,3.4820006,0.0,0.074999996,3.7419994,7.2,1
0.0,0.20499992,0.21499993,4.050998,0.074999996,0.074999996,5.8130016,7.2,1
0.0,2.06,2.06,31.293,0.44,5.46,6.028,7.2,1
0.0,0.06500001,0.22499993,-0.22200006,1.0049995,0.74500006,5.5110016,7.2,1
0.0,0.4649999,1.3549994,4.216998,0.074999996,0.074999996,3.0979993,7.2,1
0.0,1.1549995,0.5849999,3.1019993,0.074999996,0.074999996,5.978998,7.2,1
0.0,3.05,3.06,38.227,0.0,0.0,3.153,7.2,1
0.0,0.73,0.73,25.209,0.0,0.0,5.915,7.2,1
0.0,1.2650006,2.0250006,5.925998,0.0,0.0,2.9879994,7.2,1
0.0,3.36,1.41,20.362,0.0,0.0,6.06,7.2,1
0.0,1.1350005,3.4849994,18.868004,1.1250005,19.964996,5.6300015,7.2,1
0.0,3.4950006,3.6549993,4.2800016,0.074999996,0.074999996,3.1840007,7.2,1
0.0,1.9350005,2.0150003,15.298003,0.074999996,0.074999996,2.9299994,7.2,1
0.0,2.7750006,2.9349992,6.1430016,0.0,0.074999996,5.800998,7.2,1
0.0,2.025,8.985003,6.560002,0.0,0.0,3.4009993,7.2,1
0.0,0.72,0.73,19.689,0.66,2.91,6.122,7.2,1
0.0,1.2850006,5.1349983,7.3000016,0.6549999,4.1149983,5.8959985,7.2,1
0.0,1.9249995,1.6150005,11.936003,1.1350005,12.8049965,6.080002,7.2,1
0.0,1.7149994,1.7249994,4.915002,1.2250005,12.465003,6.017998,7.2,1
0.0,6.02,1.29,4.176,0.92,3.84,3.237,7.2,1
0.0,1.01,1.05,30.833,0.4,2.14,5.309,7.2,1
0.0,1.0550004,3.3150008,2.9840007,0.92499995,2.6599994,3.1959994,7.2,1
0.0,0.33499992,1.1650006,1.0869994,0.24499993,0.27499995,1.8630005,7.2,1
0.0,0.705,0.29499993,3.9529998,0.17,0.72499996,5.9130015,7.2,1
0.0,6.76,1.81,5.187,0.0,0.0,3.202,7.2,1
0.0,2.2249994,8.845003,12.733003,0.067499995,0.0,5.881998,7.2,1
0.0,3.38,1.32,9.531,0.28,2.67,2.82,7.2,1
0.0,2.1449993,9.225003,6.0750017,0.0,0.0,2.8240006,7.2,1
0.0,8.87,1.98,6.401,0.0,0.0,3.249,7.2,1
0.0,3.0450006,3.1949992,-0.09300003,0.074999996,0.0,5.9039984,7.2,1
0.0,1.9549999,0.9649999,5.848998,0.074999996,0.0,2.9929993,7.2,1
0.0,7.15,2.9,17.897,0.0,0.0,6.171,7.2,1
0.0,1.95,2.23,33.505,0.29,1.72,3.044,7.2,1
0.0,10.185003,11.995003,20.140997,1.1550006,63.315002,5.644998,7.2,1
0.0,5.4850016,8.674997,47.157,0.0,0.0,5.651002,7.2,1
0.0,8.76,4.02,13.128,0.0,0.0,3.274,7.2,1
0.0,1.7850006,4.5549984,5.524998,0.6549999,3.1750007,3.2000008,7.2,1
0.0,1.9449997,0.8449999,5.801998,1.1150005,6.185002,2.9839993,7.2,1
0.0,0.9049999,3.8949993,7.203998,0.39500007,3.4949994,3.2259994,7.2,1
0.0,3.96,3.96,72.548,0.0,0.0,5.812,7.2,1
0.0,5.9050016,26.565002,34.902004,0.0,0.0,5.9239984,7.2,1
0.0,1.2750006,5.3249984,15.165003,0.40500006,7.395002,3.2569993,7.2,1
0.0,2.37,2.38,59.704,0.0,0.0,3.339,7.2,1
0.0,1.3649995,0.8349999,8.307003,0.59,5.0250015,5.896002,7.2,1
0.0,0.11,0.074999996,0.28999996,0.0,0.044999998,3.1219995,7.2,1
0.0,1.0949994,0.69499993,5.334998,0.074999996,0.074999996,4.699002,7.2,1
0.0,2.3850007,1.0550004,5.7589984,0.074999996,0.0,5.8779984,7.2,1
0.0,0.80499995,1.8249995,2.2280006,0.75499994,1.6350005,3.0590007,7.2,1
0.0,2.02,2.22,39.261,0.76,4.4,2.868,7.2,1
0.0,0.53499997,1.0699996,3.5930007,0.074999996,0.0075,3.3209994,7.2,1
0.0,1.0450003,3.3449993,19.612003,0.074999996,0.074999996,6.1140018,7.2,1
0.0,0.0,0.01,-0.28600007,0.74499995,0.0,2.9250007,7.2,1
0.0,0.87499994,3.3699994,5.6879983,0.0,0.074999996,3.1899993,7.2,1
0.0,1.9349996,2.6149993,0.48199993,1.2350005,6.7249985,2.8410006,7.2,1
0.0,0.97499967,1.1350005,-0.37500006,1.2150005,3.3350008,2.7740006,7.2,1
0.0,1.1749995,1.3350005,-0.33800006,0.074999996,0.0,5.9429984,7.2,1
0.0,4.18,1.75,10.036,0.18,1.81,5.735,7.2,1
0.0,12.02,4.11,11.963,0.0,0.0,3.14,7.2,1
0.0,0.97,0.97,57.179,0.0,0.0,5.987,7.2,1
0.0,2.8549993,10.155003,15.359997,0.56499994,7.4749994,5.4229984,7.2,1
0.0,0.62499994,0.9849996,3.3330007,0.074999996,0.074999996,3.3209994,7.2,1
0.0,1.2349994,1.7250005,0.5989999,0.044999998,0.074999996,6.0019984,7.2,1
0.0,3.0450006,1.4850005,2.0040004,0.074999996,0.0,1.8539995,7.2,1
0.0,1.46,1.47,47.277,0.94,8.38,6.108,7.2,1
0.0,2.2249994,10.005003,11.985003,0.94499993,12.374997,5.5339985,7.2,1
0.0,0.39499992,0.61999995,0.556,0.074999996,0.074999996,1.0170001,7.2,1
0.0,8.54,4.05,12.341,1.13,13.95,3.047,7.2,1
0.0,0.62500006,0.23499992,0.29999992,0.074999996,0.0,1.3309995,7.2,1
0.0,1.005,2.7550006,3.0020006,0.0,0.074999996,3.3839993,7.2,1
0.0,2.0250006,2.3149993,1.019,0.074999996,0.0,3.1010008,7.2,1
0.0,3.1450007,3.4349992,0.97599995,1.3,13.015003,3.1020007,7.2,1
0.0,3.56,3.56,68.572,0.0,0.0,6.064,7.2,1
0.0,0.75,0.76,31.175,0.0,0.0,5.988,7.2,1
0.0,16.31,3.42,18.812,0.0,0.0,5.517,7.2,1
0.0,3.86,1.97,23.401,0.83,19.42,6.062,7.2,1
0.0,3.5650008,5.774998,3.7729993,0.074999996,0.0,3.2070007,7.2,1
0.0,4.2149982,2.7849994,13.973003,0.074999996,0.0,3.3499994,7.2,1
0.0,2.5549994,10.405003,8.412997,0.0,0.0,3.4369993,7.2,1
0.0,2.85,2.86,37.199,0.0,0.0,2.086,7.2,1
0.0,2.2550006,2.4049993,-0.40600008,0.074999996,0.0,3.0340006,7.2,1
0.0,0.7649999,1.9450005,11.035003,0.38499993,3.5149994,6.0160017,7.2,1
0.0,1.9850004,0.7249999,5.9619985,0.54499996,2.9149992,3.0059993,7.2,1
0.0,0.69499993,0.69499993,8.404003,0.074999996,0.074999996,5.9440017,7.2,1
0.0,2.1450007,2.3249993,0.22199993,0.074999996,0.0,5.9089985,7.2,1
0.0,0.74499995,1.3649995,4.5279984,0.074999996,0.0,3.2719994,7.2,1
0.0,1.965,3.3150008,3.0739994,0.62499994,3.9050007,3.4750006,7.2,1
0.0,0.92499995,3.0449994,15.269003,0.074999996,0.074999996,3.1259995,7.2,1
0.0,6.38,1.79,5.692,0.0,0.0,3.18,7.2,1
0.0,1.5750005,3.3250008,4.9440017,0.7249999,3.0850008,3.1710007,7.2,1
0.0,0.88,0.32499993,4.7669983,0.074999996,0.0,5.5770016,7.2,1
0.0,1.4849994,1.6350005,0.6739999,0.074999996,0.0,2.8380008,7.2,1
0.0,1.83,2.32,44.067,1.06,6.19,3.193,7.2,1
0.0,0.88499993,2.3449993,13.648003,0.94499993,12.014997,6.120002,7.2,1
0.0,2.4250007,2.7950006,6.1690016,1.0350002,14.065003,5.8179984,7.2,1
0.0,3.16,1.29,18.8,0.19,3.57,5.949,7.2,1
0.0,0.94499993,0.74499995,5.8889985,0.074999996,0.074999996,5.922002,7.2,1
0.0,2.0150003,4.5949984,6.344002,0.68499994,3.7450006,3.1560006,7.2,1
0.0,3.1650007,3.3249993,5.8390017,0.074999996,0.074999996,5.985998,7.2,1
0.0,6.88,3.36,6.573,1.18,7.76,3.238,7.2,1
0.0,2.58,2.59,90.0,0.17,2.7,6.156,7.2,1
0.0,0.6650001,0.6649999,1.2569995,0.8449999,0.95499986,1.8750005,7.2,1
0.0,3.4550006,3.6049993,1.4540005,0.9149999,9.125003,3.0270007,7.2,1
0.0,1.7749995,2.3850007,5.395002,0.074999996,0.074999996,5.8789983,7.2,1
0.0,0.86500007,0.39499992,1.9130006,0.92499995,1.6350005,5.6689982,7.2,1
0.0,6.35,1.53,4.893,0.0,0.0,3.219,7.2,1
0.0,2.1050007,1.1950005,7.322998,0.059999995,0.0,3.4689994,7.2,1
0.0,0.35499993,1.0450003,5.6199985,0.0,0.074999996,6.007002,7.2,1
0.0,2.39,0.88,7.907,0.0,0.0,3.308,7.2,1
0.0,0.9049999,2.2549994,12.607003,0.074999996,0.074999996,5.9190016,7.2,1
0.0,1.9950005,1.5050005,6.005998,0.0,0.074999996,3.0129993,7.2,1
0.0,2.0450006,2.1949992,-0.20200008,0.074999996,0.0,5.564998,7.2,1
0.0,2.0550008,2.8450007,1.2810005,0.79499996,4.4549985,2.8790007,7.2,1
0.0,0.62499994,2.6250007,1.966,0.074999996,0.0,3.7859993,7.2,1
0.0,1.5,1.5,47.387,0.0,0.0,6.076,7.2,1
0.0,0.7,1.88,35.609,0.0,0.0,5.151,7.2,1
0.0,2.2349994,7.4649982,6.633002,0.0,0.0,2.9610007,7.2,1
0.0,1.5149995,1.6650006,1.8310006,1.1050005,5.2849984,3.1970007,7.2,1
0.0,1.2849995,1.4350005,-0.17400007,0.074999996,0.0,3.1430006,7.2,1
0.0,23.66,5.63,16.26,0.0,0.0,3.22,7.2,1
0.0,1.2949995,0.61499995,4.4349985,0.074999996,0.0,3.3669994,7.2,1
0.0,0.8249999,2.1650007,6.900998,0.074999996,0.0,3.2459993,7.2,1
0.0,0.26500008,0.17499995,0.94999987,0.0,0.0,3.0899994,7.2,1
0.0,2.1250007,2.2749994,0.91199994,0.5249999,6.004998,6.0629983,7.2,1
0.0,4.064998,4.0749984,11.453997,0.28499994,5.335002,5.9709983,7.2,1
0.0,4.33,1.11,6.527,1.02,6.66,5.934,7.2,1
0.0,11.14,2.51,8.448,0.0,0.0,3.738,7.2,1
0.0,0.53499997,1.1349995,3.8120008,0.93499994,3.34,3.2869992,7.2,1
0.0,1.05,1.28,17.327,0.47,2.97,6.012,7.2,1
0.0,6.16,1.91,11.596,0.41,4.75,6.135,7.2,1
0.0,2.4150007,1.1250005,6.8049984,0.7049999,4.4050016,2.8379993,7.2,1
0.0,10.07,4.05,12.735,0.42,5.35,3.24,7.2,1
0.0,1.1050005,4.2149982,3.2790008,1.3,4.4050016,3.3309994,7.2,1
0.0,0.9050001,0.33499992,1.6280005,1.1250005,1.5549995,5.8979983,7.2,1
0.0,1.96,1.96,98.635,0.0,0.0,6.099,7.2,1
0.0,1.22,0.68499994,7.3309984,0.0,0.074999996,6.145002,7.2,1
0.0,1.0700004,4.734998,3.4110007,0.0,0.074999996,3.5259993,7.2,1
0.0,0.43499994,0.45499992,6.6149983,0.6449999,1.2850006,5.9580016,7.2,1
0.0,2.09,2.73,51.55,0.0,0.0,3.212,7.2,1
0.0,0.6,0.6,8.198,0.0,0.0,3.255,7.2,1
0.0,2.7350006,2.8949993,5.290002,0.54499996,7.9850016,5.914998,7.2,1
0.0,5.044998,5.205002,7.0120015,0.074999996,0.074999996,6.051998,7.2,1
0.0,1.0500002,3.9550002,6.1240015,0.99499995,5.4949985,5.854998,7.2,1
0.0,11.99,3.5,17.975,1.19,21.39,5.635,7.2,1
0.0,0.24000004,0.20499992,1.3589995,0.0,0.0075,5.3860016,7.2,1
0.0,0.23499992,0.24499993,3.8540006,0.585,0.5949999,6.119002,7.2,1
0.0,0.94499993,1.0950005,-0.37800008,0.06,0.0,5.861998,7.2,1
0.0,3.4649994,10.045003,19.630997,0.074999996,0.0,5.6939983,7.2,1
0.0,1.4650005,2.1749992,12.135003,0.17500001,2.32,5.889002,7.2,1
0.0,2.77,5.24,86.241,0.43,6.87,5.768,7.2,1
0.0,3.8949993,14.715003,22.934998,1.1849995,28.874996,5.9089985,7.2,1
0.0,0.935,1.0950005,0.17299995,1.0850005,6.004998,5.880998,7.2,1
0.0,1.1149995,1.2650006,2.3059993,1.1150005,6.834998,5.5099983,7.2,1
0.0,1.6250005,5.024998,5.4320006,0.56500006,3.3850007,3.4100006,7.2,1
0.0,0.515,0.24499993,3.0800006,1.2850006,3.8949993,6.028002,7.2,1
0.0,0.23499992,0.42499992,1.9469998,0.6750001,1.5950005,5.8520017,7.2,1
0.0,0.55499995,1.7049994,2.3410006,0.39499992,0.69500005,1.9620005,7.2,1
0.0,0.33000004,0.19499993,2.0990007,0.26499993,0.45499995,6.1140018,7.2,1
0.0,0.125,1.0850005,0.9190001,0.074999996,0.074999996,5.922002,7.2,1
0.0,1.3149995,1.4750005,0.0069999984,0.8949999,6.624998,5.800998,7.2,1
0.0,5.15,1.1,6.7,0.44,2.95,6.147,7.2,1
0.0,0.9049999,0.9049999,8.205003,0.8449999,1.9750001,3.2809994,7.2,1
0.0,1.3449994,0.41499993,2.0969994,0.074999996,0.074999996,6.051998,7.2,1
0.0,0.48500007,5.4649982,0.81400007,0.0,0.074999996,1.6620005,7.2,1
0.0,4.65,1.66,5.127,0.55,2.82,3.089,7.2,1
0.0,2.1150007,2.2749994,0.19799994,0.67499995,7.6149983,5.7799983,7.2,1
0.0,2.7349994,4.4349985,13.3200035,0.0,0.074999996,3.2639992,7.2,1
0.0,2.57,1.04,15.455,0.0,0.0,6.014,7.2,1
0.0,1.9750005,8.745003,5.9200015,1.1849995,7.435002,3.0010006,7.2,1
0.0,0.21000007,0.19499993,0.7860001,0.03,0.015,3.2639992,7.2,1
0.0,0.6750001,0.4649999,1.3659995,0.8249999,1.0049995,1.9960005,7.2,1
0.0,1.5949994,1.8849995,1.3190005,0.31499994,1.2049994,3.1080008,7.2,1
0.0,0.30499995,0.5749999,2.7900007,0.5250001,1.7950006,5.922002,7.2,1
0.0,2.96,2.96,170.502,1.15,20.3,5.963,7.2,1
0.0,2.8450007,2.9949994,7.1100016,0.0,0.074999996,5.9359984,7.2,1
0.0,8.595003,6.8050017,12.145997,0.074999996,0.074999996,3.0280006,7.2,1
0.0,0.4649999,1.5450006,8.772003,0.6049999,4.765002,6.1350017,7.2,1
0.0,2.5049994,9.745003,13.898,0.074999996,0.0,5.637998,7.2,1
0.0,1.5649995,1.7849995,3.2219994,0.7249999,5.8249984,5.458998,7.2,1
0.0,0.7749999,3.0149994,14.212003,0.0,0.074999996,5.4260015,7.2,1
0.0,5.1849985,6.0149984,13.841997,1.0450003,30.105003,5.8399982,7.2,1
0.0,1.98,3.1,46.902,0.0,0.0,3.09,7.2,1
0.0,1.2350005,4.0650015,19.283003,0.0,0.074999996,5.6700015,7.2,1
0.0,1.48,1.48,44.449,0.0,0.0,3.245,7.2,1
0.0,2.7050006,17.944998,11.718997,0.0,0.0,4.1129985,7.2,1
0.0,10.55,2.5,6.828,0.0,0.0,3.161,7.2,1
0.0,9.82,3.02,18.096,0.0,0.0,6.012,7.2,1
0.0,7.19,2.56,15.362,0.42,6.45,6.001,7.2,1
0.0,1.1300002,0.39499992,6.637998,0.074999996,0.074999996,6.178002,7.2,1
0.0,0.7249999,4.044998,2.7780006,0.88499993,2.2350006,4.4640017,7.2,1
0.0,1.4349995,1.5850005,0.119,0.074999996,0.0,3.1040006,7.2,1
0.0,1.8649995,1.2050005,6.0539985,1.0650004,6.145002,3.2339993,7.2,1
0.0,0.97499967,0.7249999,5.7969985,0.96499974,6.185002,5.6670017,7.2,1
0.0,1.4250003,10.344997,2.6470006,0.034999996,0.22500008,2.0469997,7.2,1
0.0,1.25,1.26,63.561,1.09,7.83,5.743,7.2,1
0.0,17.715004,13.314997,11.885997,1.3,15.165003,2.9300008,7.2,1
0.0,2.91,1.23,9.012,0.0,0.0,3.097,7.2,1
0.0,1.7349994,1.8950006,4.9520016,0.5249999,5.0750017,6.0669985,7.2,1
0.0,0.88499993,1.1350005,9.093003,0.9049999,1.7249994,2.7529993,7.2,1
0.0,3.45,3.45,0.641,0.64,12.98,5.881,7.2,1
0.0,2.91,2.91,72.619,0.22,2.11,3.298,7.2,1
0.0,2.7949994,8.1950035,16.635998,0.074999996,0.0,6.0139985,7.2,1
0.0,0.9549999,1.1950005,9.746003,0.37499994,0.47500008,2.1499994,7.2,1
0.0,2.1349993,5.294998,6.1210017,0.5949999,3.0650008,2.8600006,7.2,1
0.0,2.98,2.98,89.599,0.22,3.94,6.009,7.2,1
0.0,0.635,2.7450001,1.8849995,0.074999996,0.0,3.2359993,7.2,1
0.0,1.0149995,1.1650006,-0.29800007,0.074999996,0.0,2.1200006,7.2,1
0.0,0.32499993,1.2950006,5.6519985,0.30500007,2.2549994,5.8600016,7.2,1
0.0,4.975002,9.845003,29.442003,0.36499992,8.634997,5.9489985,7.2,1
0.0,0.86500007,0.35499993,2.7450006,0.8949999,2.3849993,3.0749993,7.2,1
0.0,0.0,1.1050005,0.097,0.95499986,0.0,2.1250007,7.2,1
0.0,0.8450001,0.43499994,1.7300005,0.12500007,0.40499994,4.6539984,7.2,1
0.0,0.7249999,1.6749995,5.216998,0.074999996,0.0,3.1159992,7.2,1
0.0,0.6750001,2.7750006,4.607002,0.5849999,2.2350006,5.9679985,7.2,1
0.0,1.3249997,0.56499994,8.134003,0.93499994,7.1350017,6.067002,7.2,1
0.0,2.0450006,0.80499995,4.4239993,0.6049999,2.4349992,6.025998,7.2,1
0.0,2.88,0.9,5.432,0.0,0.0,6.036,7.2,1
0.0,1.65,1.93,25.552,0.0,0.0,2.727,7.2,1
0.0,6.12,2.27,13.466,0.0,0.0,5.958,7.2,1
0.0,15.76,3.3,10.745,0.96,10.32,3.266,7.2,1
0.0,0.9049999,1.8549994,6.024998,0.96,5.935002,3.2519994,7.2,1
0.0,1.6750005,3.3149993,19.784002,0.074999996,0.0,6.204002,7.2,1
0.0,0.49,0.48499992,1.6379995,0.94499993,1.4599998,3.3689992,7.2,1
0.0,1.1500002,0.36499992,6.644998,1.1550006,7.335002,6.0750017,7.2,1
0.0,2.63,1.27,15.942,0.2,3.19,6.062,7.2,1
0.0,1.19,2.02,46.872,0.69,4.67,5.684,7.2,1
0.0,1.0250001,3.2050006,2.5890007,0.7749999,1.8900002,2.8189998,7.2,1
0.0,2.5150006,1.5250006,15.776003,1.3,19.884996,6.1950016,7.2,1
0.0,1.0949999,0.40499994,6.6209984,0.8449999,5.2350016,6.107002,7.2,1
0.0,2.1050007,2.2549994,3.1509993,0.47499993,2.5950007,2.9870007,7.2,1
0.0,1.68,2.23,78.209,0.57,5.25,5.483,7.2,1
0.0,2.21,2.21,21.637,0.0,0.0,3.358,7.2,1
0.0,10.65,2.99,13.929,0.0,0.0,5.42,7.2,1
0.0,2.2650006,5.395002,2.5569994,0.27499995,2.6450007,5.7279983,7.2,1
0.0,4.1549983,4.3050017,5.600002,0.074999996,0.074999996,5.5009985,7.2,1
0.0,2.4450006,3.8549993,-0.10200004,0.074999996,0.0,6.037998,7.2,1
0.0,1.3649995,1.5150006,1.6590005,0.074999996,0.0,3.0070007,7.2,1
0.0,0.38000003,0.20499992,2.3530006,0.044999998,0.029999997,5.9970016,7.2,1
0.0,0.8449999,2.7050006,2.4170008,0.074999996,0.014999997,3.3109994,7.2,1
0.0,3.1550007,3.3049994,2.1499994,0.63499993,10.675003,5.8709984,7.2,1
0.0,0.56500006,0.7149999,1.2990005,0.8349999,2.5550008,5.3389983,7.2,1
0.0,1.5349995,0.5749999,2.9619994,0.074999996,0.074999996,5.8169985,7.2,1
0.0,0.36,0.39,8.799,0.0,0.0,2.986,7.2,1
0.0,1.22,1.22,23.779,0.14,0.37,2.183,7.2,1
0.0,0.50500005,0.6649999,-0.51800007,0.9749999,2.7250006,5.2869983,7.2,1
0.0,0.5749999,1.6350005,9.204003,0.20499992,1.2850006,6.061002,7.2,1
0.0,2.7749994,7.5149984,24.575003,0.95499986,25.464996,3.3269994,7.2,1
0.0,2.8850007,3.0349994,5.2010016,0.34499994,4.955002,6.0299983,7.2,1
0.0,0.0,2.9450006,0.106,0.074999996,0.0,3.1749992,7.2,1
0.0,7.16,2.74,8.004,0.73,5.84,2.921,7.2,1
0.0,2.38,2.39,120.068,0.0,0.0,5.892,7.2,1
0.0,2.9250007,3.0849993,6.679002,0.0,0.074999996,5.854998,7.2,1
0.0,1.5950005,7.205001,4.946998,0.0,0.0,3.3789992,7.2,1
0.0,0.7849999,2.7449994,15.249003,0.32499993,3.9049993,5.9240017,7.2,1
0.0,0.29499993,0.87499994,4.572998,0.6450001,3.4249992,5.8850017,7.2,1
0.0,1.38,1.4,26.523,0.98,7.44,5.499,7.2,1
0.0,1.9049995,0.9749999,5.697998,1.2350005,6.7750015,2.9909992,7.2,1
0.0,0.035,0.01,0.14599998,0.6549999,0.0,3.6249993,7.2,1
0.0,2.1750007,2.3500006,3.9639993,1.2250005,14.205003,5.4449983,7.2,1
0.0,1.6249995,0.7149999,5.0009985,0.074999996,0.0,3.0609994,7.2,1
0.0,1.0450003,1.9249995,3.1120007,0.63499993,1.8550005,3.2710001,7.2,1
0.0,0.83,0.84,12.149,0.21,0.57,3.253,7.2,1
0.0,3.2849994,14.375003,19.003998,0.69499993,11.814997,5.821998,7.2,1
0.0,0.22500008,3.4350007,0.61200005,0.074999996,0.0,5.2719984,7.2,1
0.0,0.62500006,1.3250005,-0.14600007,0.074999996,0.0,5.4839983,7.2,1
0.0,7.92,2.61,9.245,0.61,5.64,3.542,7.2,1
0.0,1.2050005,3.6049993,21.049004,0.7849999,14.925003,6.059002,7.2,1
0.0,1.7849995,1.9000002,5.2060018,0.56499994,5.395002,5.7649984,7.2,1
0.0,2.67,0.73,15.748,0.12,1.89,5.898,7.2,1
0.0,1.2250005,5.0550017,22.209003,0.48500007,12.405003,5.5500016,7.2,1
0.0,8.12,2.59,6.496,0.0,0.0,2.926,7.2,1
0.0,6.2,2.02,4.452,0.0,0.0,2.891,7.2,1
0.0,2.3349993,9.825003,13.535,0.97999996,12.514997,5.906998,7.2,1
0.0,0.96499974,1.1150005,2.7979994,0.074999996,0.0,5.7189984,7.2,1
0.0,3.4249992,8.505003,20.098997,0.40500006,9.684997,5.9019985,7.2,1
0.0,0.6,3.06,3.7590008,0.074999996,0.0,6.0559993,7.2,1
0.0,5.98,2.55,7.461,0.61,4.55,3.361,7.2,1
0.0,1.5949994,0.7149999,5.241998,0.074999996,0.0,3.2589993,7.2,1
0.0,0.022499999,0.13000005,0.17199996,0.11,0.015,3.1450002,7.2,1
0.0,2.8349993,7.2049985,16.308996,0.50499994,7.0550017,5.8069983,7.2,1
0.0,1.5999998,1.7050005,12.652003,0.074999996,0.022499999,3.3579993,7.2,1
0.0,1.67,1.67,61.379,0.0,0.0,5.558,7.2,1
0.0,5.415002,14.575003,17.196997,0.074999996,0.0,3.1310008,7.2,1
0.0,0.67999995,0.73499995,6.0079985,0.62499994,0.30500007,1.1460005,7.2,1
0.0,0.24000007,1.5350006,1.705,0.94499993,1.4349997,5.683,7.2,1
0.0,0.945,0.4649999,5.406998,0.47499993,2.2649994,5.9700017,7.2,1
0.0,1.5549995,1.0950005,5.4099984,0.015,0.074999996,3.4399993,7.2,1
0.0,1.61,0.44,9.763,0.0,0.0,6.064,7.2,1
0.0,5.67,2.29,11.763,0.0,0.0,5.795,7.2,1
0.0,2.44,2.45,55.887,1.17,8.94,3.13,7.2,1
0.0,0.80499995,0.80499995,9.423003,0.074999996,0.074999996,5.987002,7.2,1
0.0,1.0349995,0.5249999,1.0450003,0.32499993,0.16500007,2.1810007,7.2,1
0.0,2.0050006,0.63499993,3.3079994,0.074999996,0.074999996,5.802998,7.2,1
0.0,1.1550006,2.0550008,6.1949983,0.74500006,5.2150016,3.0329993,7.2,1
0.0,0.83,0.35499993,4.5269985,1.0350002,4.495002,5.620002,7.2,1
0.0,0.9050001,1.1250005,2.2129993,0.6449999,3.1550007,5.710998,7.2,1
0.0,1.3849995,1.5350006,-0.37400007,1.1350005,5.024998,3.2220006,7.2,1
0.0,0.27000004,0.15499997,1.7109995,0.0,0.0,6.028002,7.2,1
0.0,1.7450005,4.0549984,10.155997,0.9049999,8.444997,5.9619985,7.2,1
0.0,0.55500007,0.7149999,0.47099993,0.45499992,1.3949995,6.0549984,7.2,1
0.0,0.34499994,3.1750007,5.098998,0.80500007,4.625002,5.355002,7.2,1
0.0,0.6049999,1.0550004,4.228998,0.7250001,3.5149994,4.9110017,7.2,1
0.0,1.9549999,2.1049993,1.5750005,0.074999996,0.0,2.9940007,7.2,1
0.0,0.62499994,1.5950005,6.9349985,0.074999996,0.074999996,4.717002,7.2,1
0.0,1.1550006,2.7749994,15.167003,0.32499993,3.7350006,6.2210016,7.2,1
0.0,1.0049995,1.1650006,1.8260006,0.80499995,2.5050006,3.1940007,7.2,1
0.0,0.93,1.44,19.598,0.0,0.0,5.897,7.2,1
0.0,4.46,0.97,3.196,0.11,0.35,3.295,7.2,1
0.0,0.16499996,0.45499992,2.2080007,0.0,0.074999996,6.245002,7.2,1
0.0,1.21,4.65,26.848,0.0,0.0,5.786,7.2,1
0.0,3.77,1.04,11.459,1.1,12.6,3.04,7.2,1
0.0,28.95,6.84,41.133,0.0,0.0,6.014,7.2,1
0.0,1.29,1.3,18.332,0.0,0.0,3.297,7.2,1
0.0,2.71,0.69,1.716,0.24,0.41,2.908,7.2,1
0.0,0.88499993,0.32499993,4.833998,1.1550006,5.375002,5.9190016,7.2,1
0.0,0.305,1.4350003,1.8339998,0.074999996,0.0,5.84,7.2,1
0.0,0.35499993,0.9049999,2.6060007,0.7749999,1.9550005,3.3849993,7.2,1
0.0,1.3050005,4.4349985,7.402002,0.7149999,4.6149983,5.881998,7.2,1
0.0,0.86500007,2.8350008,5.712002,0.47499993,2.1750007,5.9219985,7.2,1
0.0,0.66,0.67,16.901,0.0,0.0,3.289,7.2,1
0.0,0.61499995,1.5850005,9.143003,0.074999996,0.074999996,6.1800017,7.2,1
0.0,0.79999995,0.33499992,4.583998,0.68499994,2.9149992,6.126002,7.2,1
0.0,4.11,1.33,8.108,0.74,6.0,6.096,7.2,1
0.0,2.2550006,1.4550005,8.495003,0.76500005,7.2750015,3.7529993,7.2,1
0.0,0.33500007,0.49499992,-0.20300007,0.0,0.0,6.0419984,7.2,1
0.0,9.56,4.84,14.612,0.2,2.92,3.211,7.2,1
0.0,0.39499992,0.5350001,1.2859994,0.55499995,0.7249999,2.3059993,7.2,1
0.0,1.1949999,3.9150007,7.2740016,1.3,9.214997,5.874998,7.2,1
0.0,0.6649999,2.2000005,5.7639985,1.2149994,7.605002,3.1639993,7.2,1
0.0,0.8350001,0.44499993,1.9980005,0.33499992,0.4650001,2.3529994,7.2,1
0.0,8.035,49.875004,48.178,1.0049995,52.184998,5.986998,7.2,1
0.0,0.6649999,1.1850005,5.8659983,0.0,0.074999996,5.427002,7.2,1
0.0,3.43,0.96,20.309,0.77,15.64,5.921,7.2,1
0.0,2.0050006,2.1649992,2.0689993,1.005,11.575003,5.9449983,7.2,1
0.0,2.3050008,20.744997,7.593002,0.0,0.0,3.0840006,7.2,1
0.0,2.0950007,2.2849994,2.2039993,1.005,12.045003,5.9319983,7.2,1
0.0,2.3449993,6.1149983,6.7160015,1.2150005,7.645002,2.8510008,7.2,1
0.0,3.1050007,1.2950006,1.2750006,1.3,1.4749994,1.6899995,7.2,1
0.0,0.37499994,0.38499993,5.3589983,0.81499994,0.7649999,3.1819994,7.2,1
0.0,1.26,1.27,13.193,0.0,0.0,3.179,7.2,1
0.0,1.4550005,4.205002,22.972004,0.0,0.074999996,6.140002,7.2,1
0.0,2.1650007,2.5750008,3.6329994,0.074999996,0.0,3.3110006,7.2,1
0.0,3.6,0.91,2.968,0.0,0.0,3.298,7.2,1
0.0,1.4350005,4.4549985,7.559002,0.074999996,0.074999996,5.427998,7.2,1
0.0,1.94,0.51,6.481,0.0,0.0,3.341,7.2,1
0.0,1.3050005,2.7650006,3.9360006,0.074999996,0.044999998,3.3209994,7.2,1
0.0,0.7850001,0.38499993,1.8310006,0.8249999,1.3950006,5.7779984,7.2,1
0.0,2.8550007,3.0049994,0.50699997,1.3,10.935003,2.9800007,7.2,1
0.0,1.56,1.56,43.849,0.0,0.0,3.275,7.2,1
0.0,2.2049994,9.485003,6.7850018,0.20500007,1.8049995,3.2249994,7.2,1
0.0,1.5049995,1.6550006,2.0060005,0.074999996,0.074999996,5.905998,7.2,1
0.0,0.33500007,1.9050006,1.34,0.44499993,0.42500007,3.268,7.2,1
0.0,2.3850007,2.5449994,3.6499994,0.81499994,11.075003,6.050998,7.2,1
0.0,1.4050006,5.0149984,4.3439984,0.015,0.029999997,3.3979993,7.2,1
0.0,1.99,2.36,49.289,0.43,2.48,2.892,7.2,1
0.0,2.14,8.37,50.303,1.17,58.85,6.017,7.2,1
0.0,0.485,0.36499992,3.1770008,0.074999996,0.06,6.211002,7.2,1
0.0,0.82500005,0.44499993,2.8360007,0.074999996,0.0,3.3089993,7.2,1
0.0,1.36,0.39,8.097,0.0,0.0,5.954,7.2,1
0.0,2.11,4.35,39.558,1.17,7.82,3.169,7.2,1
0.0,2.6549993,11.515003,13.993997,1.1050005,14.414997,5.3199983,7.2,1
0.0,0.36499992,0.50500005,1.2199994,0.86499995,1.0950005,2.3079994,7.2,1
0.0,1.965,2.8350008,1.6690005,0.074999996,0.0,2.8490007,7.2,1
0.0,2.9249992,6.354998,12.864997,1.2750006,15.424997,4.412998,7.2,1
0.0,1.58,0.44,9.567,0.0,0.0,6.055,7.2,1
0.0,5.04,1.93,8.705,0.0,0.0,4.51,7.2,1
0.0,0.25500008,1.5050005,0.23699993,0.074999996,0.0,5.3889985,7.2,1
0.0,3.08,3.08,105.338,0.0,0.0,3.475,7.2,1
0.0,2.2150006,2.5349994,3.8019993,0.074999996,0.074999996,3.3890007,7.2,1
0.0,2.0050006,0.88499993,6.3559985,1.0250001,6.185002,3.1669993,7.2,1
0.0,3.9249992,6.8050017,40.677002,0.074999996,0.0,6.1300015,7.2,1
0.0,2.92,1.14,17.615,0.0,0.0,6.033,7.2,1
0.0,19.44,5.66,34.248,0.96,32.88,6.062,7.2,1
0.0,2.05,2.11,53.658,0.0,0.0,2.978,7.2,1
0.0,3.1450007,3.2949994,6.8610015,0.074999996,0.074999996,5.9749985,7.2,1
0.0,0.42499992,0.9749999,5.287998,0.0,0.074999996,6.1010017,7.2,1
0.0,2.78,0.98,12.19,0.0,0.0,4.385,7.2,1
0.0,0.99,1.41,16.371,0.0,0.0,2.638,7.2,1
0.0,1.26,1.27,21.263,0.26,1.86,5.67,7.2,1
0.0,1.27,1.27,31.792,1.25,8.97,5.649,7.2,1
0.0,3.1950006,3.3549993,6.0890017,0.074999996,0.074999996,6.070998,7.2,1
0.0,3.2450006,3.4049993,5.4240017,0.37499994,3.3249993,3.1890006,7.2,1
0.0,0.034999996,0.044999994,-0.43800008,0.0,0.0,3.0700006,7.2,1
0.0,2.36,2.74,54.09,0.0,0.0,2.858,7.2,1
0.0,7.68,1.86,5.523,0.68,3.76,3.586,7.2,1
0.0,2.01,2.52,41.718,0.93,6.01,3.216,7.2,1
0.0,1.7950006,6.5149984,5.8990016,1.3,7.355002,3.3110006,7.2,1
0.0,1.8449994,1.6750005,5.8889985,0.19499993,0.79499996,3.1809993,7.2,1
0.0,1.7,1.7,92.554,0.25,2.52,5.921,7.2,1
0.0,0.43499994,2.24,7.2919984,0.0,0.074999996,5.6560016,7.2,1
0.0,1.2949995,1.3049995,3.7869992,1.3,10.285003,6.0209985,7.2,1
0.0,3.2549994,7.664998,19.173998,0.074999996,0.0,5.9309983,7.2,1
0.0,2.52,0.74,13.279,0.0,0.0,5.269,7.2,1
0.0,2.85,0.92,16.74,0.87,14.56,5.874,7.2,1
0.0,6.4,1.61,5.096,0.97,4.94,3.165,7.2,1
0.0,2.7,0.86,16.213,1.09,17.67,6.005,7.2,1
0.0,3.48,1.86,21.138,0.63,13.32,6.074,7.2,1
0.0,2.2950006,1.1350005,6.1599984,0.68499994,3.8749993,5.8970003,7.2,1
0.0,1.49,1.5,37.561,0.0,0.0,6.065,7.2,1
0.0,0.21499993,0.62499994,3.0590007,0.06500001,0.5149999,5.8790016,7.2,1
0.0,12.76,3.39,12.334,0.0,0.0,4.111,7.2,1
0.0,0.93499994,2.6750007,2.6270006,0.0,0.074999996,2.0469997,7.2,1
0.0,0.6049999,1.7749995,5.9299984,0.074999996,0.074999996,3.3209994,7.2,1
0.0,0.5949999,0.88499993,4.682998,0.34500006,2.0749993,5.949002,7.2,1
0.0,1.3349994,0.50499994,7.949,0.0,0.074999996,5.7510014,7.2,1
0.0,0.7950001,0.9549999,0.44299993,0.44499993,1.8349994,5.8579984,7.2,1
0.0,1.6850005,4.1349983,5.5350018,1.0650004,5.4850016,3.3160007,7.2,1
0.0,1.3750005,2.6050007,7.337002,1.3,9.154997,5.5109982,7.2,1
0.0,0.75500005,0.9049999,-0.4280001,0.0,0.0,5.2789984,7.2,1
0.0,4.165002,10.715003,12.435997,0.074999996,0.0,2.9470007,7.2,1
0.0,0.61499995,1.8150005,9.638003,0.074999996,0.074999996,5.7220016,7.2,1
0.0,3.7849994,12.615003,18.479998,0.074999996,0.0,4.8859982,7.2,1
0.0,0.75499994,2.9750006,6.6619983,0.074999996,0.044999998,3.1369994,7.2,1
0.0,3.7349994,11.4450035,12.030997,0.074999996,0.0,3.1920006,7.2,1
0.0,2.6950006,2.9750006,2.9809992,0.54499996,3.8750007,2.9570007,7.2,1
0.0,1.2650006,3.0449994,15.857003,0.074999996,0.0,2.1049993,7.2,1
0.0,2.9849994,8.655003,17.023996,0.55499995,8.214997,5.748998,7.2,1
0.0,2.91,3.04,166.046,0.0,0.0,5.791,7.2,1
0.0,1.5849994,10.084997,9.394003,0.0,0.0,5.6289983,7.2,1
0.0,2.9749994,6.254998,17.445997,0.29499993,3.8649995,5.914998,7.2,1
0.0,2.9250007,3.2149994,0.65199995,0.074999996,0.0,3.0330007,7.2,1
0.0,1.69,1.69,74.819,0.0,0.0,6.064,7.2,1
0.0,1.7550005,7.5549984,10.008003,0.8350001,9.254997,5.926998,7.2,1
0.0,4.89,1.49,4.728,0.22,1.04,3.173,7.2,1
0.0,3.64,1.18,22.003,1.19,26.18,6.045,7.2,1
0.0,1.7950006,4.6750016,27.969004,0.0,0.074999996,6.172002,7.2,1
0.0,2.46,2.46,62.366,0.42,6.41,6.203,7.2,1
0.0,1.6249995,6.664998,10.342997,0.074999996,0.0,5.9649982,7.2,1
0.0,0.81499994,2.6850007,1.6539999,0.074999996,0.074999996,2.1800008,7.2,1
0.0,0.97,0.98,11.402,0.0,0.0,3.222,7.2,1
0.0,1.71,0.44,10.368,0.0,0.0,6.063,7.2,1
0.0,6.54,1.59,2.719,0.95,2.58,1.97,7.2,1
0.0,2.18,0.79,12.912,0.0,0.0,5.923,7.2,1
0.0,0.5849999,1.3249995,3.8620007,0.21499993,0.47500008,3.3019993,7.2,1
0.0,1.3750005,2.6950006,3.9430003,0.0,0.074999996,1.5310005,7.2,1
0.0,1.2949995,1.4450005,2.044,1.3,5.584998,3.2320006,7.2,1
0.0,2.0450006,0.7749999,2.2309992,0.5849999,1.0249995,3.0500007,7.2,1
0.0,6.68,3.21,40.328,0.37,14.92,6.037,7.2,1
0.0,3.68,1.27,22.032,0.18,3.97,5.987,7.2,1
0.0,4.46,4.46,3.011,0.72,19.42,6.047,7.2,1
0.0,0.80499995,3.1749992,16.955004,0.0,0.074999996,6.0710015,7.2,1
0.0,1.5650005,7.355002,6.8389983,0.0,0.0,4.7150016,7.2,1
0.0,4.87,1.9,11.415,0.14,1.6,6.008,7.2,1
0.0,3.53,1.56,15.755,0.0,0.0,4.463,7.2,1
0.0,2.8050008,3.1949992,0.36299992,0.074999996,0.0,4.144998,7.2,1
0.0,1.93,2.0,36.775,0.19,1.17,3.19,7.2,1
0.0,1.2350005,4.504998,7.0560017,0.38499993,2.0850008,5.9429984,7.2,1
0.0,0.67499995,1.1449995,3.9949987,0.21499993,0.49500006,3.4389994,7.2,1
0.0,0.115,0.09499999,0.28400004,0.074999996,0.074999996,2.8849998,7.2,1
0.0,1.18,1.47,22.927,0.0,0.0,2.002,7.2,1
0.0,1.4749994,1.6250005,0.46799994,0.81499994,3.6950006,3.2120006,7.2,1
0.0,0.09500004,0.049999997,0.53299993,1.1450006,0.41500008,5.649998,7.2,1
0.0,0.9800001,0.33499992,5.6549983,1.0550004,5.6950016,5.922002,7.2,1
0.0,0.24499993,0.61500007,2.1500006,1.2550005,2.6749997,3.2999992,7.2,1
0.0,3.2150006,2.2749994,18.889004,0.074999996,0.074999996,5.8390017,7.2,1
0.0,1.2750006,2.6549993,14.859003,0.32499993,1.6449995,5.8000016,7.2,1
0.0,0.5149999,1.1950005,6.755998,0.074999996,0.074999996,6.2290015,7.2,1
0.0,2.3149993,5.4649982,7.5650015,0.074999996,0.074999996,3.2690008,7.2,1
0.0,9.54,5.92,31.571,0.0,0.0,3.309,7.2,1
0.0,1.9650005,6.584998,6.5100017,1.0750005,6.5050015,3.3300006,7.2,1
0.0,0.024999999,0.01,0.19799994,0.074999996,0.0,6.104999,7.2,1
0.0,1.9150006,7.354998,5.572002,0.0,0.0,2.9120007,7.2,1
0.0,0.9149999,3.3050008,2.5730007,0.074999996,0.074999996,3.2269993,7.2,1
0.0,0.23499992,0.47499993,1.2279994,1.3,1.7450005,3.3319993,7.2,1
0.0,0.07,0.17500007,0.62399995,0.37000006,0.23500001,5.835001,7.2,1
0.0,0.054999992,0.065,0.22599992,0.845,0.054999992,2.9450006,7.2,1
0.0,0.61499995,1.9449997,4.6389985,1.1650006,5.2150016,2.4199994,7.2,1
0.0,1.6949995,7.2149982,10.933997,0.074999996,0.0,6.0599985,7.2,1
0.0,1.75,1.75,72.425,0.0,0.0,6.099,7.2,1
0.0,7.82,2.11,10.967,0.0,0.0,5.896,7.2,1
0.0,1.0149995,5.1250005,5.9699984,0.8449999,4.5749984,5.4859986,7.2,1
0.0,0.32,0.33,10.104,0.0,0.0,5.753,7.2,1
0.0,1.04,1.04,24.792,0.93,3.17,3.281,7.2,1
0.0,4.59,1.54,8.292,0.0,0.0,5.384,7.2,1
0.0,2.4650006,2.6149993,1.9580005,1.2150005,8.125003,2.7560008,7.2,1
0.0,6.7550015,7.374998,39.900997,0.074999996,0.074999996,5.886998,7.2,1
0.0,0.47499993,0.88500005,2.3279994,1.3,2.9549994,5.557998,7.2,1
0.0,0.14499998,0.32499993,1.3839995,0.76500005,1.3050005,5.9110017,7.2,1
0.0,0.49,0.5,9.741,1.05,1.14,2.216,7.2,1
0.0,2.1950006,2.3649993,-0.46400005,0.074999996,0.014999997,3.3230007,7.2,1
0.0,2.67,0.89,9.603,0.31,2.98,3.597,7.2,1
0.0,2.5750008,21.994997,15.170997,0.0,0.0,5.6219983,7.2,1
0.0,6.5,1.75,5.74,1.08,6.2,3.28,7.2,1
0.0,1.1849995,0.9049999,2.4320006,0.074999996,0.074999996,2.0649996,7.2,1
0.0,3.08,3.09,46.749,0.0,0.0,6.013,7.2,1
0.0,0.82,2.45,36.563,0.0,0.0,5.862,7.2,1
0.0,6.23,1.38,4.492,0.0,0.0,3.255,7.2,1
0.0,0.7850001,0.36499992,3.1290007,0.022499999,0.074999996,3.8009994,7.2,1
0.0,1.6949995,0.8249999,5.3959985,1.1450006,5.9250016,3.1659994,7.2,1
0.0,2.64,0.71,16.172,0.73,11.81,6.126,7.2,1
0.0,7.91,2.53,13.757,0.86,11.83,5.481,7.2,1
0.0,2.0749993,9.405003,6.0240016,0.4650001,3.1800003,2.974,7.2,1
0.0,1.16,2.2,37.328,0.0,0.0,5.484,7.2,1
0.0,1.7949995,1.9450005,-0.33500007,0.7849999,3.0350006,2.2670007,7.2,1
0.0,0.96499974,0.6549999,3.3520007,1.005,3.2199998,3.3699994,7.2,1
0.0,0.39500007,1.6650006,2.8459992,0.8349999,2.0350006,5.820998,7.2,1
0.0,2.21,2.52,23.93,0.83,5.64,3.072,7.2,1
0.0,1.5449995,0.50499994,5.328998,0.9649999,4.8850017,3.4109993,7.2,1
0.0,0.54499996,1.6950005,9.5370035,0.074999996,0.074999996,6.0450015,7.2,1
0.0,0.085,0.8449999,0.70100003,0.68499994,0.40500003,5.698002,7.2,1
0.0,1.87,3.61,65.152,0.0,0.0,5.308,7.2,1
0.0,0.25000003,0.16499996,1.5409995,1.0450003,1.6450006,5.8460016,7.2,1
0.0,1.5849994,0.4649999,2.3369994,0.074999996,0.0,5.8779984,7.2,1
0.0,3.11,3.12,40.114,0.0,0.0,6.166,7.2,1
0.0,1.3949995,1.5550005,1.1440005,0.0075,0.0,5.8639984,7.2,1
0.0,0.115,0.065,0.58000004,0.8549999,0.525,5.5600004,7.2,1
0.0,1.4149995,6.8500013,8.862997,0.074999996,0.0,5.822998,7.2,1
0.0,0.089999996,0.029999994,0.344,0.074999996,0.014999997,5.748,7.2,1
0.0,3.1750007,18.554996,19.015003,0.0,0.0,5.7989984,7.2,1
0.0,0.26499993,0.42500007,1.0239995,0.074999996,0.074999996,2.3179994,7.2,1
0.0,0.26500008,0.21499993,0.42599994,0.0,0.0,2.6250007,7.2,1
0.0,1.8449994,0.8349999,6.1809983,0.22499993,0.86500007,3.3329992,7.2,1
0.0,3.1650007,1.8050005,9.752003,0.074999996,0.0,3.1079993,7.2,1
0.0,1.1849995,1.3350005,0.70799994,0.074999996,0.0,3.1230006,7.2,1
0.0,8.05,2.01,5.173,1.03,5.33,2.737,7.2,1
0.0,3.32,3.46,78.67,0.28,5.46,5.876,7.2,1
0.0,2.4649994,8.775003,14.381003,0.074999996,0.0,5.973998,7.2,1
0.0,2.4150007,2.6949992,2.2429993,0.61499995,3.5050006,2.5890007,7.2,1
0.0,2.0850008,2.9349997,0.27899992,1.1450006,6.2849984,2.6750007,7.2,1
0.0,9.86,2.45,6.734,0.0,0.0,3.237,7.2,1
0.0,0.6549999,1.1349995,3.4499993,0.074999996,0.0,5.743998,7.2,1
0.0,2.7649994,7.834998,14.251997,0.5249999,6.455002,5.1949983,7.2,1
0.0,0.9549999,2.8850007,6.327998,0.30500007,2.5049994,2.9589994,7.2,1
0.0,5.04,2.87,16.046,0.0,0.0,3.184,7.2,1
0.0,1.4850005,3.2950006,10.897003,0.0,0.0,3.3399994,7.2,1
0.0,0.20499992,0.54499996,1.3489995,0.074999996,0.074999996,3.1709993,7.2,1
0.0,6.73,2.43,8.947,0.0,0.0,5.663,7.2,1
0.0,2.4,2.89,83.789,0.0,0.0,3.862,7.2,1
0.0,3.2850006,3.4349992,-0.013999999,0.074999996,0.0,5.8249984,7.2,1
0.0,9.72,2.31,5.995,0.24,1.44,2.882,7.2,1
0.0,0.19999997,0.49500006,0.32199997,0.074999996,0.0075,1.6429995,7.2,1
0.0,1.95,1.95,30.566,0.0,0.0,3.337,7.2,1
0.0,1.3649995,0.7149999,3.5079994,0.074999996,0.074999996,5.373998,7.2,1
0.0,1.75,0.58,10.586,0.0,0.0,6.049,7.2,1
0.0,3.5949993,3.8349993,24.160004,0.6750001,8.344997,3.2069993,7.2,1
0.0,2.6250007,1.1050005,5.932998,0.074999996,0.074999996,5.7579985,7.2,1
0.0,2.9350007,1.8950006,17.874002,0.03,0.074999996,6.0380015,7.2,1
0.0,1.0049995,1.1550006,1.1420006,1.2150005,7.3449984,5.9499984,7.2,1
0.0,1.01,3.3450007,5.988002,0.074999996,0.044999998,5.7789984,7.2,1
0.0,5.65,1.96,6.064,0.19,1.15,3.11,7.2,1
0.0,2.4950006,12.074997,1.7810005,0.074999996,0.0,3.3850007,7.2,1
0.0,5.2,2.01,30.795,0.97,29.87,5.922,7.2,1
0.0,9.21,2.83,14.583,0.0,0.0,5.88,7.2,1
0.0,3.93,4.66,53.276,0.0,0.0,3.076,7.2,1
0.0,3.6050007,3.7549994,3.6199994,0.35499993,3.2650006,3.1700006,7.2,1
0.0,0.53499997,1.8450005,10.283003,0.9250001,10.434997,5.927002,7.2,1
0.0,8.09,3.42,18.629,0.0,0.0,5.447,7.2,1
0.0,2.9849994,11.785003,16.107998,0.9049999,13.384997,5.4349985,7.2,1
0.0,1.4000005,4.3049984,8.069997,1.2850006,9.684999,5.8909984,7.2,1
0.0,2.2750006,1.3050005,7.675998,0.074999996,0.0,3.3729994,7.2,1
0.0,7.82,1.91,11.341,0.32,3.63,5.938,7.2,1
0.0,1.4549994,17.124996,8.681997,0.0,0.0,5.5499983,7.2,1
0.0,2.33,2.84,33.514,0.0,0.0,2.887,7.2,1
0.0,1.44,2.92,22.959,0.69,2.75,2.768,7.2,1
0.0,1.96,1.97,95.0,1.11,12.65,5.816,7.2,1
0.0,2.5849993,10.595003,15.130003,0.022499999,0.0,5.9829984,7.2,1
0.0,1.5450006,3.2150006,8.426997,0.50499994,3.5150006,5.6069984,7.2,1
0.0,11.32,2.7,15.869,0.0,0.0,5.899,7.2,1
0.0,0.27500007,0.2850001,0.9049999,0.074999996,0.0,5.8189983,7.2,1
0.0,1.51,1.52,28.516,1.27,6.15,3.209,7.2,1
0.0,12.65,4.74,27.29,0.0,0.0,6.078,7.2,1
0.0,7.29,1.75,5.341,0.82,4.38,3.07,7.2,1
0.0,1.9950005,4.1149983,12.118003,0.0,0.0,3.0629992,7.2,1
0.0,2.3450007,1.3450005,5.276002,0.074999996,0.074999996,5.703998,7.2,1
0.0,0.31,0.31,8.63,0.54,0.55,3.306,7.2,1
0.0,1.3249995,1.4850005,3.9829993,0.22499993,1.1449995,5.723998,7.2,1
0.0,0.27499995,0.6649999,3.4210007,0.41500008,1.7850006,6.1030016,7.2,1
0.0,1.64,2.25,47.883,0.16,0.83,3.174,7.2,1
0.0,3.04,1.1,16.953,1.17,19.84,5.577,7.2,1
0.0,2.2850006,2.8450007,7.567002,0.8949999,6.2150016,3.1000006,7.2,1
0.0,2.0650008,3.13,-0.36200008,0.074999996,0.0,2.6760006,7.2,1
0.0,8.595003,5.9250016,6.5380015,0.44499993,2.4349997,2.2090006,7.2,1
0.0,5.31,5.31,302.148,0.0,0.0,5.833,7.2,1
0.0,0.95,0.96,15.277,0.58,3.34,6.066,7.2,1
0.0,5.0749984,3.2249994,6.0490017,0.7649999,4.1950016,2.8680007,7.2,1
0.0,1.6249995,2.9649994,0.071,0.074999996,0.0,5.2269983,7.2,1
0.0,2.19,0.45,1.455,0.0,0.0,3.233,7.2,1
0.0,1.95,1.95,94.292,0.39,4.42,5.811,7.2,1
0.0,0.64,4.7649984,3.5390007,0.074999996,0.06,5.879999,7.2,1
0.0,2.0450006,2.1949992,1.8370005,0.48499992,2.6350007,3.0480006,7.2,1
0.0,1.5249995,1.6750005,0.7929999,0.074999996,0.0,2.9750006,7.2,1
0.0,2.0250006,2.6249993,0.46099994,0.074999996,0.0,5.7329984,7.2,1
0.0,12.1,2.77,16.309,1.05,17.12,5.909,7.2,1
0.0,2.02,2.03,40.244,0.0,0.0,3.301,7.2,1
0.0,15.55,3.25,10.104,0.0,0.0,3.109,7.2,1
0.0,7.26,2.55,6.279,0.28,1.76,2.948,7.2,1
0.0,4.41,4.41,125.659,0.58,14.88,5.817,7.2,1
0.0,1.0049995,1.1650006,0.9089999,0.074999996,0.0,5.9019985,7.2,1
0.0,2.1049993,5.9549985,11.946002,0.074999996,0.0,5.8389983,7.2,1
0.0,2.0750008,13.024997,6.4060016,0.32500008,2.4550006,3.0199993,7.2,1
0.0,0.054999992,0.054999992,0.048,0.015,0.0,2.6630006,7.2,1
0.0,2.6650007,1.3550005,6.435001,0.074999996,0.067499995,5.433998,7.2,1
0.0,2.035,6.9549985,5.829002,0.0,0.0,2.8610008,7.2,1
0.0,1.34,0.36,8.282,0.32,2.65,6.181,7.2,1
0.0,3.3250008,3.4849994,6.0170016,0.074999996,0.074999996,5.9049983,7.2,1
0.0,1.0300002,0.33499992,6.005998,0.074999996,0.074999996,6.1560016,7.2,1
0.0,2.96,1.26,17.573,0.69,12.13,5.937,7.2,1
0.0,3.7950006,7.1349983,1.3250005,0.35499993,3.2550006,3.0020006,7.2,1
0.0,16.33,4.6,27.573,0.12,3.31,5.994,7.2,1
0.0,4.165002,8.165003,24.650003,0.8349999,18.864998,5.9699984,7.2,1
0.0,1.2149994,0.6449999,4.1079984,0.074999996,0.0,3.3179994,7.2,1
0.0,2.7349994,10.9450035,8.156997,0.0,0.0,2.9630008,7.2,1
0.0,2.8349993,3.9149992,21.702003,0.6650001,7.3150015,3.6219993,7.2,1
0.0,3.64,3.65,54.458,1.03,21.95,5.854,7.2,1
0.0,1.6749995,0.7649999,2.6239994,0.074999996,0.0,3.6190007,7.2,1
0.0,2.06,2.07,28.934,0.35,2.14,2.972,7.2,1
0.0,0.5450001,0.25499994,0.6219999,0.0,0.0,3.1430006,7.2,1
0.0,1.0650004,2.2550006,6.827998,0.074999996,0.0,3.1429994,7.2,1
0.0,1.1999996,3.1050007,7.7130017,0.074999996,0.074999996,5.986998,7.2,1
0.0,0.64,0.64,11.942,0.0,0.0,5.978,7.2,1
0.0,22.78,5.53,32.794,0.0,0.0,5.941,7.2,1
0.0,0.32499993,0.93499994,5.175998,0.42000005,2.5949993,6.1810017,7.2,1
0.0,10.6,2.27,7.383,0.42,3.1,3.267,7.2,1
0.0,3.2149994,11.835003,16.954996,0.074999996,0.0,5.300998,7.2,1
0.0,7.61,3.14,6.437,0.27,1.74,2.926,7.2,1
0.0,0.40499994,2.0750008,3.0550008,0.0,0.074999996,2.6409993,7.2,1
0.0,2.2949994,2.4249992,21.314003,1.3,7.8500013,2.8359993,7.2,1
0.0,1.9750001,1.2750006,11.147003,0.0,0.074999996,5.5490017,7.2,1
0.0,1.2449995,1.3950006,1.9960005,0.92499995,3.5650008,3.1730006,7.2,1
0.0,5.69,2.88,31.857,0.0,0.0,5.599,7.2,1
0.0,1.99,2.26,51.762,0.0,0.0,3.072,7.2,1
0.0,1.6,4.09,50.011,0.2,1.86,5.82,7.2,1
0.0,0.33499992,1.1150005,5.5149984,1.1649995,7.0050015,5.4500017,7.2,1
0.0,8.92,12.74,384.045,0.0,0.0,5.612,7.2,1
0.0,1.7150005,2.5850008,8.502003,0.0,0.074999996,3.2989993,7.2,1
0.0,0.20499992,0.41499993,1.7069994,0.0,0.074999996,5.475002,7.2,1
0.0,0.6549999,2.0350006,1.8409995,0.0,0.074999996,1.0430002,7.2,1
0.0,0.87499994,1.8649995,5.045998,0.074999996,0.0,3.2559993,7.2,1
0.0,1.6850005,4.394998,14.464003,1.0650004,14.464997,3.3279994,7.2,1
0.0,2.4,0.94,14.057,0.0,0.0,5.857,7.2,1
0.0,1.0650004,3.9849994,21.319002,0.0,0.067499995,5.561002,7.2,1
0.0,3.7949994,9.115003,12.159997,0.074999996,0.0,3.1740007,7.2,1
0.0,3.4250007,3.5749993,1.1850005,0.5175,9.990003,5.9089985,7.2,1
0.0,4.8049984,5.0550017,8.534997,0.074999996,0.074999996,5.688998,7.2,1
0.0,2.4549994,9.725003,6.9310017,0.4650001,3.6250007,2.8060007,7.2,1
0.0,1.98,2.91,80.687,0.0,0.0,6.054,7.2,1
0.0,2.1250007,2.4549994,0.23899993,0.074999996,0.0,2.8560007,7.2,1
0.0,1.06,0.41499993,6.1949983,0.074999996,0.074999996,5.9900017,7.2,1
0.0,0.6549999,1.5450006,8.687003,0.87500006,8.394997,6.0760016,7.2,1
0.0,8.94,3.73,7.209,0.8,5.77,3.055,7.2,1
0.0,0.8449999,1.8649995,5.781998,0.074999996,0.0,3.1099994,7.2,1
0.0,2.13,2.67,56.791,0.0,0.0,2.915,7.2,1
0.0,8.54,4.75,51.267,0.7,35.89,6.003,7.2,1
0.0,4.99,2.44,6.393,0.35,2.24,3.181,7.2,1
0.0,1.2149994,1.4850005,2.1089993,0.7849999,5.0149984,5.484998,7.2,1
0.0,2.09,2.09,49.492,0.0,0.0,3.398,7.2,1
0.0,0.57500005,2.3650007,3.8979993,0.36499992,1.0349995,5.8069983,7.2,1
0.0,0.059999995,0.044999998,0.20099998,0.029999997,0.044999998,2.9249992,7.2,1
0.0,1.3350005,2.4749994,13.034003,0.545,7.415002,5.606002,7.2,1
0.0,0.21499993,0.22499993,1.4319994,0.074999996,0.074999996,3.1889994,7.2,1
0.0,1.97,2.12,46.551,1.21,7.27,3.052,7.2,1
0.0,0.41499993,0.42499992,5.676998,0.99499995,1.9050006,5.9400015,7.2,1
0.0,1.7049999,0.88499993,10.566003,0.115000054,2.0949993,6.2620015,7.2,1
0.0,1.9050006,4.4949985,10.871002,0.86499995,8.694997,5.8899984,7.2,1
0.0,0.54499996,4.4649982,0.89300007,0.10999999,0.18499994,2.1349993,7.2,1
0.0,1.4049995,1.5550005,-0.4790001,0.62499994,4.814998,5.9379983,7.2,1
0.0,2.1250007,2.2849994,0.24899992,0.79499996,9.315003,5.8509984,7.2,1
0.0,5.66,1.14,6.462,1.11,7.17,5.668,7.2,1
0.0,1.51,1.51,21.26,0.0,0.0,5.485,7.2,1
0.0,2.5249994,8.305003,12.5479965,0.7250001,10.0549965,5.0159984,7.2,1
0.0,1.2650006,3.8649993,21.483004,0.7749999,15.015003,5.778002,7.2,1
0.0,0.935,0.48499992,2.2329993,1.1850005,2.3250008,5.3199983,7.2,1
0.0,0.13499999,0.16,0.8130001,0.7649999,0.67499995,5.8800015,7.2,1
0.0,1.7149994,0.92499995,5.1539984,0.56499994,2.6349993,2.9959993,7.2,1
0.0,1.3850005,3.2750006,4.0409985,0.015,0.074999996,3.2169993,7.2,1
0.0,0.92,0.92,46.612,1.07,5.39,5.476,7.2,1
0.0,0.8549999,1.5150006,12.629004,0.87499994,3.6150005,5.948002,7.2,1
0.0,0.5250001,0.24499993,1.7359995,0.074999996,0.014999997,3.0929992,7.2,1
0.0,2.91,2.91,174.125,0.0,0.0,6.115,7.2,1
0.0,0.69499993,1.2950006,7.280998,0.35499993,2.1349993,6.1540017,7.2,1
0.0,1.5350006,4.544998,4.6519985,0.0,0.074999996,3.2829995,7.2,1
0.0,1.7,5.49,30.151,0.0,0.0,5.594,7.2,1
0.0,1.1650006,4.4949985,3.3110006,0.48500007,1.9450003,3.1809993,7.2,1
0.0,0.73499995,2.1649992,12.147003,0.074999996,0.074999996,5.9510016,7.2,1
0.0,0.25,0.25,12.412,0.77,1.14,5.916,7.2,1
0.0,1.2249994,2.1150007,1.008,0.074999996,0.0,1.8719995,7.2,1
0.0,2.97,2.97,49.031,0.6,10.68,5.995,7.2,1
0.0,2.2450006,0.8249999,4.435001,0.074999996,0.074999996,5.7779984,7.2,1
0.0,0.23499992,0.23499992,2.9800007,0.0,0.074999996,5.975002,7.2,1
0.0,1.6049994,0.8949999,9.891003,0.0,0.074999996,6.007002,7.2,1
0.0,0.4,0.41,8.658,0.43,1.03,5.995,7.2,1
0.0,4.7,2.82,28.998,0.27,7.83,6.17,7.2,1
0.0,3.37,1.22,7.341,0.25,1.84,6.067,7.2,1
0.0,2.12,2.13,122.554,1.21,15.07,5.876,7.2,1
0.0,1.1450001,5.3249984,3.5830007,0.24500006,1.1850001,3.3119993,7.2,1
0.0,2.5850008,2.7549994,6.980002,0.074999996,0.074999996,5.2729983,7.2,1
0.0,17.66,3.81,12.597,0.18,2.27,3.306,7.2,1
0.0,3.1949992,7.584998,17.200996,1.1099998,19.594997,5.413998,7.2,1
0.0,7.83,2.2,12.336,0.33,4.07,5.607,7.2,1
0.0,2.0,0.81,11.621,0.0,0.0,5.811,7.2,1
0.0,2.7850006,1.3250005,7.2279983,0.56499994,3.6549993,5.9650016,7.2,1
0.0,1.4350005,6.4249983,2.6120007,0.0,0.0,1.9009994,7.2,1
0.0,0.6049999,1.4849994,3.2810006,0.41499993,1.0649995,2.2679994,7.2,1
0.0,0.53499997,1.7050005,9.752003,0.7250001,7.935002,6.1410017,7.2,1
0.0,1.0950005,2.7250006,2.3689992,0.074999996,0.0,2.1740007,7.2,1
0.0,4.0,1.27,4.146,0.0,0.0,3.29,7.2,1
0.0,1.5849994,1.7350005,2.5419993,0.074999996,0.074999996,4.064998,7.2,1
0.0,7.96,1.69,10.127,0.0,0.0,6.028,7.2,1
0.0,0.43499994,1.3850005,7.7199984,0.39499992,2.5649993,6.0710015,7.2,1
0.0,0.0,0.37499994,0.4209999,0.875,0.23500007,5.767,7.2,1
0.0,1.9850004,11.834997,5.8969984,0.0,0.0,2.9739993,7.2,1
0.0,13.26,4.36,14.243,0.0,0.0,3.267,7.2,1
0.0,4.015,7.955,23.917997,0.074999996,0.0,5.9769983,7.2,1
0.0,1.1649995,1.3150005,2.041,0.074999996,0.0,3.2700007,7.2,1
0.0,11.0,3.8,22.671,0.22,4.99,5.966,7.2,1
0.0,3.5850008,3.9049993,1.1940005,0.34499994,5.8049984,5.8759985,7.2,1
0.0,1.0750005,2.0350006,7.267998,1.2350005,2.995,2.6399994,7.2,1
0.0,3.31,3.32,147.552,0.82,16.59,6.112,7.2,1
0.0,0.40499994,1.1650006,6.2119985,0.0,0.074999996,5.843002,7.2,1
0.0,1.97,2.89,57.454,0.0,0.0,3.139,7.2,1
0.0,2.71,1.04,11.12,0.31,3.45,4.103,7.2,1
0.0,4.3850017,8.865003,25.798998,0.53499997,11.904997,5.892998,7.2,1
0.0,1.8050005,4.584998,5.435002,0.03,0.0,3.0230007,7.2,1
0.0,6.73,1.5,4.812,0.44,2.12,3.23,7.2,1
0.0,2.49,2.91,62.928,0.0,0.0,4.836,7.2,1
0.0,5.45,5.46,212.046,1.27,40.89,5.907,7.2,1
0.0,1.67,2.47,77.479,1.05,9.22,5.26,7.2,1
0.0,12.32,3.44,11.261,0.0,0.0,3.283,7.2,1
0.0,1.9950005,1.2450005,6.0009985,0.21499993,0.7750001,3.0099993,7.2,1
0.0,2.7150006,1.4150006,7.287998,0.074999996,0.074999996,5.5550013,7.2,1
0.0,1.1649995,0.41499993,4.0669985,0.0,0.074999996,3.4149992,7.2,1
0.0,5.0950017,14.205003,16.209997,1.1750005,17.675003,3.1390007,7.2,1
0.0,17.33,3.64,22.41,0.2,4.48,6.157,7.2,1
0.0,1.5349995,9.714997,8.667003,0.0,0.0,5.354998,7.2,1
0.0,2.9,3.06,64.057,1.2,11.29,3.245,7.2,1
0.0,0.27499995,0.325,0.8870001,0.0,0.074999996,3.1779993,7.2,1
0.0,0.86,1.16,37.788,0.0,0.0,5.491,7.2,1
0.0,1.5450006,2.2549994,15.290003,0.074999996,0.0,3.2319994,7.2,1
0.0,1.2149994,11.504997,3.7780006,0.34500006,1.5449995,3.0619993,7.2,1
0.0,0.014999999,0.01,0.20899993,0.5749999,0.0,6.624998,7.2,1
0.0,0.935,1.0550003,2.4699993,0.93499994,5.0349984,5.802998,7.2,1
0.0,0.51,0.51,28.913,0.54,1.65,5.975,7.2,1
0.0,1.41,1.41,79.047,0.0,0.0,5.878,7.2,1
0.0,1.16,1.17,15.853,0.61,4.16,5.879,7.2,1
0.0,2.8549993,12.025003,15.512999,0.0075,0.0,5.4889984,7.2,1
0.0,3.8149993,7.484998,20.504004,0.074999996,0.0,5.426998,7.2,1
0.0,0.93499994,1.8649995,6.2709985,0.074999996,0.0,3.3629994,7.2,1
0.0,1.9850005,2.0000005,5.8929987,0.5849999,3.1149993,3.1919994,7.2,1
0.0,3.79,2.07,12.337,0.0,0.0,3.255,7.2,1
0.0,2.96,1.22,12.151,0.0,0.0,4.105,7.2,1
0.0,12.92,3.19,10.376,0.7,7.26,3.263,7.2,1
0.0,3.7349994,13.995003,11.307997,0.074999996,0.0,2.9940007,7.2,1
0.0,2.1850007,0.99499995,6.518998,0.5949999,3.5049994,2.9929993,7.2,1
0.0,1.7250005,3.5449994,20.846003,0.074999996,0.0,6.1220016,7.2,1
0.0,1.3350005,2.8549993,16.747004,0.5849999,8.505003,6.1480017,7.2,1
0.0,4.72,4.72,68.964,1.19,34.32,6.11,7.2,1
0.0,1.7750006,9.754997,9.701003,0.6050001,6.5749984,5.8260016,7.2,1
0.0,2.2650006,2.2950003,5.7940016,0.6549999,8.279999,5.999998,7.2,1
0.0,1.7049994,1.8550005,1.5940006,0.074999996,0.06,5.8969984,7.2,1
0.0,1.3149995,0.54499996,2.7699993,0.074999996,0.074999996,5.7839985,7.2,1
0.0,0.05,0.01,0.18499994,0.34499997,0.0,5.4249983,7.2,1
0.0,0.86500007,1.0250001,0.6169999,0.074999996,0.0,3.0870006,7.2,1
0.0,1.63,1.63,84.384,0.0,0.0,5.898,7.2,1
0.0,0.8449999,2.9649994,17.560003,0.074999996,0.074999996,6.177002,7.2,1
0.0,5.79,1.81,10.536,0.0,0.0,5.853,7.2,1
0.0,4.0950017,11.475003,12.344997,0.19499993,1.3949995,2.9770007,7.2,1
0.0,1.0450003,10.264997,11.517003,0.0,0.0,3.2599993,7.2,1
0.0,2.5,1.17,13.94,0.0,0.0,5.576,7.2,1
0.0,1.6449995,0.61499995,5.493998,0.074999996,0.0,3.3129992,7.2,1
0.0,0.7250001,0.87499994,0.074,0.0,0.0,3.1740007,7.2,1
0.0,3.0749993,6.3049984,16.541996,0.074999996,0.074999996,5.413998,7.2,1
0.0,2.84,0.73,9.32,0.96,8.95,3.282,7.2,1
0.0,2.2849994,3.5149994,20.482002,0.6449999,11.794997,6.1030016,7.2,1
0.0,22.09,6.16,37.017,0.0,0.0,6.009,7.2,1
0.0,2.24,2.84,26.294,0.0,0.0,2.867,7.2,1
0.0,2.5449994,19.144997,7.7349987,0.50500005,4.4449983,3.2309992,7.2,1
0.0,3.16,3.55,44.883,0.0,0.0,3.587,7.2,1
0.0,0.6049999,1.6849995,5.432998,0.074999996,0.074999996,3.6749992,7.2,1
0.0,5.4,2.33,6.791,0.0,0.0,3.159,7.2,1
0.0,4.25,1.37,8.189,0.37,3.03,5.977,7.2,1
0.0,0.81499994,2.5150006,5.9629984,0.97499967,6.415002,3.0199993,7.2,1
0.0,2.6550007,1.4550005,5.4419985,0.63499993,3.1649992,1.9459996,7.2,1
0.0,9.985003,8.064998,26.298998,0.9049999,21.844997,5.8309984,7.2,1
0.0,1.3249995,1.4750005,1.1830006,0.074999996,0.0,5.8969984,7.2,1
0.0,0.6050001,0.43499994,1.1559994,0.074999996,0.014999997,1.8850005,7.2,1
0.0,4.36,4.37,217.143,0.0,0.0,6.053,7.2,1
0.0,2.0050004,4.334998,14.3200035,1.0049995,15.624997,3.3389993,7.2,1
0.0,2.54,2.62,135.493,0.3,4.54,5.957,7.2,1
0.0,1.2550005,3.6249993,21.070004,0.074999996,0.074999996,6.151002,7.2,1
0.0,0.4650001,2.5549994,3.2509997,0.92499995,2.6650007,5.8899984,7.2,1
0.0,2.35,2.36,98.004,0.0,0.0,5.948,7.2,1
0.0,2.2249994,8.905003,6.7390018,0.0,0.0,3.0250006,7.2,1
0.0,0.16499996,0.32499993,1.4449995,0.9150001,1.5750005,6.1550016,7.2,1
0.0,3.3949993,12.405003,16.385998,1.2650006,19.484997,4.8379984,7.2,1
0.0,0.66,0.38499993,4.1259985,0.79499996,3.0949993,6.1630015,7.2,1
0.0,1.3849995,0.55499995,2.9149992,0.25499994,0.5849999,5.841998,7.2,1
0.0,1.4849994,1.0850005,5.6859984,0.43499994,2.1449993,3.7679994,7.2,1
0.0,1.1650006,2.7150006,8.5770035,0.44500005,4.5750017,3.1869993,7.2,1
0.0,13.085003,12.645003,9.977997,1.0850005,9.925003,3.0200007,7.2,1
0.0,1.9750001,0.93499994,5.8649983,0.074999996,0.0,2.9729993,7.2,1
0.0,3.5350006,3.9749994,1.6720005,0.074999996,0.0,3.2010007,7.2,1
0.0,2.4,3.17,67.008,0.0,0.0,3.2,7.2,1
0.0,0.5950001,1.8349994,4.0330005,0.074999996,0.0,5.8319983,7.2,1
0.0,2.18,2.75,59.324,0.0,0.0,3.144,7.2,1
0.0,4.28,1.71,25.819,0.0,0.0,6.032,7.2,1
0.0,18.14,3.65,11.28,0.84,9.48,3.099,7.2,1
0.0,3.2150006,3.4049993,4.5230017,0.19499993,2.4749994,5.999998,7.2,1
0.0,8.89,5.16,23.895,0.91,21.74,5.842,7.2,1
0.0,0.7950001,0.55499995,2.7430007,0.86499995,2.2599998,3.3139994,7.2,1
0.0,0.5849999,2.0050004,11.689003,0.074999996,0.074999996,6.1700015,7.2,1
0.0,1.2350005,1.7649995,5.287998,0.0,0.074999996,3.0059993,7.2,1
0.0,5.18,2.19,16.421,0.47,7.72,3.17,7.2,1
0.0,4.13,0.9,5.468,0.41,2.24,6.076,7.2,1
0.0,6.92,1.89,11.347,0.0,0.0,6.036,7.2,1
0.0,1.34,1.91,61.593,0.0,0.0,5.739,7.2,1
0.0,2.2349994,8.185003,6.750002,0.0,0.0,3.0150006,7.2,1
0.0,3.56,1.28,3.562,0.29,1.03,3.298,7.2,1
0.0,5.72,6.57,-0.247,0.26,8.2,5.512,7.2,1
0.0,0.99499995,2.9450006,6.3759985,0.074999996,0.0,3.0209994,7.2,1
0.0,0.7750001,0.49499992,2.4070008,0.067499995,0.074999996,2.9949994,7.2,1
0.0,5.87,2.36,14.58,0.0,0.0,6.178,7.2,1
0.0,1.5549995,1.7350005,1.4490005,1.0350002,5.124998,3.2470007,7.2,1
0.0,10.66,3.8,64.594,1.06,68.47,6.059,7.2,1
0.0,2.5450006,3.2449994,2.7739992,1.2650006,18.355003,5.8369985,7.2,1
0.0,2.0550008,12.404997,5.9860015,0.6450001,4.1849985,2.8499994,7.2,1
0.0,2.9349992,12.605003,17.449997,0.9049999,14.494997,5.999998,7.2,1
0.0,1.5950005,2.6550007,7.7269983,0.9849996,8.344997,3.3119993,7.2,1
0.0,1.015,3.4449992,20.086002,0.62499994,11.015003,6.0570016,7.2,1
0.0,0.39499992,0.61499995,3.1730006,0.0,0.074999996,6.0900016,7.2,1
0.0,2.4850006,2.6349993,3.4679992,1.3,14.725003,4.5889983,7.2,1
0.0,0.58,0.58,17.236,0.71,1.29,3.122,7.2,1
0.0,1.3599998,0.7749999,8.330003,0.0,0.074999996,6.1220016,7.2,1
0.0,2.2,2.63,63.343,0.7,5.16,3.351,7.2,1
0.0,0.9049999,1.5250006,6.175998,0.0,0.067499995,4.3860016,7.2,1
0.0,2.0550008,1.1850005,2.4079993,0.074999996,0.0,2.9160006,7.2,1
0.0,0.7850001,0.94499993,0.078,0.55499995,1.2649995,3.1690006,7.2,1
0.0,1.3149995,5.8650017,8.612997,0.074999996,0.0,6.0669985,7.2,1
0.0,2.0950007,1.1850005,6.7249985,0.074999996,0.0,3.2089994,7.2,1
0.0,5.1,5.3,161.923,0.0,0.0,6.042,7.2,1
0.0,1.7950006,4.5050015,22.911003,0.0,0.0,5.231002,7.2,1
0.0,2.8950007,3.0549994,0.59299994,0.074999996,0.0,6.0039983,7.2,1
0.0,1.92,0.62,11.691,1.1,12.86,6.089,7.2,1
0.0,0.35499993,0.50500005,1.7549995,0.074999996,0.074999996,3.2299993,7.2,1
0.0,0.30499995,0.31499994,4.111998,1.3,1.7750006,5.949002,7.2,1
0.0,1.5249995,1.6850005,2.1029994,0.5249999,4.0949984,5.7129984,7.2,1
0.0,0.13000003,0.9049999,0.945,0.074999996,0.0,5.8759995,7.2,1
0.0,0.19500008,0.24000004,0.57799995,1.2150005,1.6649995,5.572998,7.2,1
0.0,0.92499995,3.0049994,17.021004,0.074999996,0.074999996,5.9100018,7.2,1
0.0,0.44500005,0.6049999,-0.5120001,0.2850001,0.55500007,3.3150008,7.2,1
0.0,4.85,1.24,7.353,0.0,0.0,5.93,7.2,1
0.0,0.97,0.97,38.569,0.0,0.0,5.813,7.2,1
0.0,0.9949996,1.1450006,-0.10500006,0.074999996,0.0,5.6259985,7.2,1
0.0,0.6050001,0.7649999,-0.39800006,0.0,0.0,5.8499985,7.2,1
0.0,0.68,0.71,22.511,0.0,0.0,5.809,7.2,1
0.0,1.83,0.53,10.974,0.57,6.26,5.997,7.2,1
0.0,0.44499993,0.6649999,3.5670006,0.0,0.074999996,6.2480016,7.2,1
0.0,0.16500007,0.14999998,0.7739999,0.5949999,0.2850001,6.2799983,7.2,1
0.0,1.43,1.44,19.61,0.0,0.0,2.906,7.2,1
0.0,0.7749999,1.1549995,3.9390004,0.88499993,3.37,3.3649993,7.2,1
0.0,0.40499994,1.6349995,2.4050007,0.074999996,0.0,1.9830005,7.2,1
0.0,0.95499986,1.1150005,0.074999996,0.074999996,0.0,5.9239984,7.2,1
0.0,0.74499995,0.7649999,5.4249983,0.074999996,0.0,3.2449994,7.2,1
0.0,2.2449994,8.235003,13.287999,0.074999996,0.0,6.0419984,7.2,1
0.0,1.8950006,3.9149992,22.972004,0.074999996,0.0,6.0770016,7.2,1
0.0,19.97,6.9,30.073,0.37,11.13,5.967,7.2,1
0.0,0.4649999,1.3749995,4.517998,0.074999996,0.074999996,3.2649994,7.2,1
0.0,5.93,2.95,17.943,0.0,0.0,6.124,7.2,1
0.0,0.38499993,1.0250001,5.736998,0.33499992,1.5850005,6.1930017,7.2,1
0.0,0.76500005,0.31499994,1.4660006,0.015,0.074999996,5.7209983,7.2,1
0.0,1.3550005,2.8949993,16.982002,1.0349995,19.004997,6.1240015,7.2,1
0.0,1.8449994,0.67499995,5.761998,0.074999996,0.0,3.1149993,7.2,1
0.0,3.3149993,11.455003,19.414997,0.5250001,11.674997,5.893998,7.2,1
0.0,1.6049994,0.79499996,8.960003,0.0,0.074999996,5.4530015,7.2,1
0.0,6.15,1.43,4.785,0.0,0.0,3.37,7.2,1
0.0,10.98,2.89,7.847,0.0,0.0,3.018,7.2,1
0.0,1.58,0.45,9.35,0.0,0.0,5.918,7.2,1
0.0,0.5850001,1.5150006,-0.029999994,1.1750005,1.2349994,1.7299994,7.2,1
0.0,2.0950007,2.2549994,4.2930017,0.26499993,2.5649993,5.951998,7.2,1
0.0,3.5549994,7.5950017,43.498005,0.16500007,10.534997,5.877002,7.2,1
0.0,1.0350002,4.2249985,5.9179997,0.47499993,2.2950006,5.9179983,7.2,1
0.0,1.6150005,3.1350007,7.4960017,0.074999996,0.0,4.743998,7.2,1
0.0,0.6750001,2.7550006,4.6280017,0.074999996,0.0,5.9959984,7.2,1
0.0,0.39499992,0.5749999,2.9410007,0.09500004,0.5849999,6.107002,7.2,1
0.0,1.9750001,3.3750007,5.422002,1.1950005,13.315003,5.754998,7.2,1
0.0,2.79,2.8,134.139,0.47,7.35,5.605,7.2,1
0.0,0.8350001,0.6549999,2.8870006,1.1850005,3.2150006,3.3299994,7.2,1
0.0,2.8850007,3.0349994,0.3839999,0.074999996,0.0,3.2610006,7.2,1
0.0,0.6650001,0.38499993,2.3500006,0.074999996,0.074999996,3.3519993,7.2,1
0.0,1.005,2.2949994,13.623003,0.074999996,0.074999996,6.245002,7.2,1
0.0,2.5649993,5.5349984,8.515997,0.86499995,6.745002,3.3150008,7.2,1
0.0,0.059999995,0.054999992,0.33099994,0.022499999,0.0,5.3169985,7.2,1
0.0,7.51,1.53,8.888,0.88,7.82,5.809,7.2,1
0.0,3.2649994,11.885003,18.944998,0.49499992,8.005001,5.8399982,7.2,1
0.0,2.2749994,8.075003,12.255003,0.074999996,0.0,5.5299983,7.2,1
0.0,3.9849994,9.885003,12.029997,0.80499995,8.655003,2.9830008,7.2,1
0.0,8.77,3.07,18.585,0.0,0.0,6.054,7.2,1
0.0,1.77,0.65,10.637,0.0,0.0,6.01,7.2,1
0.0,4.164998,2.1749992,6.8969984,1.3,8.654997,3.2610006,7.2,1
0.0,1.35,1.82,21.146,0.4,1.72,3.184,7.2,1
0.0,1.8250005,8.255003,4.998998,0.0,0.0,2.9739993,7.2,1
0.0,1.065,2.7550006,5.751002,0.074999996,0.0,5.3309984,7.2,1
0.0,12.21,4.03,15.469,1.2,18.56,5.772,7.2,1
0.0,1.9250005,5.3250017,30.099003,0.074999996,0.074999996,5.822002,7.2,1
0.0,2.3350008,2.4949994,4.7360015,0.074999996,0.074999996,5.8909984,7.2,1
0.0,1.54,1.55,22.495,1.13,10.39,5.972,7.2,1
0.0,0.98499995,2.9249992,15.842003,1.1050005,16.464996,5.6600018,7.2,1
0.0,10.05,2.32,13.556,0.52,7.05,5.843,7.2,1
0.0,1.5149995,0.6549999,8.608003,0.0,0.074999996,5.5360017,7.2,1
0.0,2.9949994,7.7249985,17.617996,0.074999996,0.0,5.932998,7.2,1
0.0,3.34,3.34,66.243,1.07,21.84,6.11,7.2,1
0.0,0.38499993,0.61499995,3.2050006,1.0650004,0.755,2.5009995,7.2,1
0.0,0.83000004,5.354998,2.5300007,0.0,0.074999996,3.1039994,7.2,1
0.0,4.07,1.72,5.41,0.29,1.57,3.145,7.2,1
0.0,1.1550006,12.964997,7.558998,0.06500001,1.07,3.5769994,7.2,1
0.0,1.1749995,0.47499993,0.95299995,0.7649999,0.5350001,2.1760006,7.2,1
0.0,0.16,0.33500007,0.57299995,0.0,0.037499998,3.0370007,7.2,1
0.0,1.7749995,0.62499994,5.808998,0.074999996,0.0,3.2559993,7.2,1
0.0,0.50499994,1.3850005,7.6519985,0.93999994,6.875002,6.0190015,7.2,1
0.0,9.4,3.18,17.256,0.87,15.01,5.426,7.2,1
0.0,5.93,2.19,6.544,0.0,0.0,3.208,7.2,1
0.0,0.074999996,0.1,0.049,0.074999996,0.0,0.0,7.2,1
0.0,1.0949994,1.2550005,2.0659995,0.074999996,0.0,6.038998,7.2,1
0.0,2.6749992,10.835003,8.556997,0.0,0.0,3.1870008,7.2,1
0.0,1.965,1.4050006,12.374003,0.0,0.074999996,6.177002,7.2,1
0.0,0.21499999,0.33500007,1.2240006,0.074999996,0.0525,5.669998,7.2,1
0.0,1.5450006,3.0550008,10.275003,0.0,0.0,3.3919992,7.2,1
0.0,3.88,0.95,3.035,0.36,1.09,3.195,7.2,1
0.0,1.1150005,2.025,11.224003,0.074999996,0.029999997,5.929002,7.2,1
0.0,2.2149994,6.0549984,6.2550015,0.80499995,4.4349985,2.8130007,7.2,1
0.0,1.8249995,1.0450003,2.4129994,1.1850005,2.5250006,2.7420006,7.2,1
0.0,3.1649992,3.6849992,30.275003,0.074999996,0.0,4.343002,7.2,1
0.0,1.75,6.77,81.829,1.01,9.6,5.431,7.2,1
0.0,0.81499994,2.3950007,7.7309985,0.8549999,6.165002,3.2349994,7.2,1
0.0,2.5349994,13.474997,13.741003,0.61500007,9.604997,5.691002,7.2,1
0.0,15.66,3.95,24.072,0.86,20.7,6.157,7.2,1
0.0,1.8050005,6.984998,10.572997,1.0950005,10.784997,5.992998,7.2,1
0.0,1.98,2.94,40.229,0.0,0.0,3.018,7.2,1
0.0,0.36500007,0.9149999,1.002,0.074999996,0.0,5.563998,7.2,1
0.0,2.7550006,1.6650006,6.0440016,1.1650006,6.585002,5.3509984,7.2,1
0.0,1.1650006,3.3349993,17.590004,0.074999996,0.074999996,5.5100017,7.2,1
0.0,0.43,0.44,18.344,0.0,0.0,6.165,7.2,1
0.0,6.88,1.63,9.965,0.0,0.0,6.151,7.2,1
0.0,0.57500005,0.7249999,1.0330002,0.26499993,0.61500007,5.4829984,7.2,1
0.0,14.13,8.13,57.653,0.87,50.16,4.08,7.2,1
0.0,9.175003,8.199999,12.140997,0.5249999,5.5050015,3.0110006,7.2,1
0.0,0.9149999,3.2349994,10.460003,1.1950005,11.874997,3.4089994,7.2,1
0.0,6.33,6.34,0.657,1.16,44.43,6.051,7.2,1
0.0,2.3050008,2.4649994,0.25499994,0.074999996,0.0,3.1930006,7.2,1
0.0,2.1750007,2.4000003,3.0369992,0.074999996,0.0,2.5700006,7.2,1
0.0,1.91,1.91,19.563,0.42,2.68,3.346,7.2,1
0.0,1.9150006,4.1849985,14.027003,0.30500007,5.435002,3.3929994,7.2,1
0.0,2.9350007,1.6850005,18.038004,1.2750006,21.814997,6.093002,7.2,1
0.0,0.6450001,1.8849995,4.4260015,0.9549999,3.7550006,5.9679985,7.2,1
0.0,6.68,3.11,18.986,0.0,0.0,6.125,7.2,1
0.0,1.18,1.18,49.268,1.21,8.43,5.903,7.2,1
0.0,2.13,2.16,60.999,0.0,0.0,3.413,7.2,1
0.0,1.7450005,4.774998,6.1820016,0.50000006,3.3450007,3.5820007,7.2,1
0.0,2.6750007,1.8850005,11.776003,0.68499994,7.3050017,4.3840017,7.2,1
0.0,20.01,5.08,29.864,0.0,0.0,6.009,7.2,1
0.0,2.5,2.5,28.519,0.12,0.91,3.022,7.2,1
0.0,2.0450006,2.3749993,0.40199992,0.074999996,0.0,2.8280008,7.2,1
0.0,3.9250007,4.085002,5.4120016,0.074999996,0.074999996,2.9350007,7.2,1
0.0,2.1249993,9.295003,12.483003,0.0,0.0,6.050998,7.2,1
0.0,2.9850006,1.1950005,3.7079992,1.0550004,3.4850006,3.1980007,7.2,1
0.0,2.9800003,2.9,10.033002,0.68499994,6.225002,3.4229994,7.2,1
0.0,1.0750005,2.4949994,11.999003,0.074999996,0.074999996,5.797002,7.2,1
0.0,0.32499993,0.53999996,1.5659995,1.2350005,1.9750005,3.4939992,7.2,1
0.0,1.7749995,1.9350005,0.93899995,0.074999996,0.044999998,5.9309983,7.2,1
0.0,1.2149997,0.74499995,7.4429984,1.1950005,8.494997,6.0420017,7.2,1
0.0,3.4349992,11.985003,20.616997,0.074999996,0.0,6.038998,7.2,1
0.0,5.14,1.39,7.403,0.0,0.0,5.364,7.2,1
0.0,0.9949996,1.1450006,1.7920005,0.074999996,0.0,5.9219985,7.2,1
0.0,2.8350008,1.3850005,7.6529984,0.074999996,0.074999996,5.990001,7.2,1
0.0,1.3550005,1.5950005,11.580003,0.35499993,0.735,2.0779994,7.2,1
0.0,7.13,7.14,7.894,0.75,32.57,6.091,7.2,1
0.0,1.8449994,2.025,1.3550005,0.074999996,0.0,3.1970007,7.2,1
0.0,2.0550008,2.0800006,6.2020016,0.55499995,6.3050017,6.0169983,7.2,1
0.0,0.50499994,1.4350005,7.8959985,0.074999996,0.074999996,5.9790015,7.2,1
0.0,1.1149995,1.2650006,1.6880006,0.074999996,0.0,3.0910006,7.2,1
0.0,2.1650007,7.6950016,-0.22200006,0.074999996,0.0,3.0950007,7.2,1
0.0,2.06,2.38,54.903,1.14,6.89,2.933,7.2,1
0.0,6.81,3.23,18.747,0.0,0.0,5.804,7.2,1
0.0,2.48,3.11,74.792,0.27,2.22,3.308,7.2,1
0.0,2.6649992,16.104998,9.911997,1.0549995,11.045003,3.8729994,7.2,1
0.0,23.65,6.86,31.406,1.2,37.69,5.794,7.2,1
0.0,1.61,1.62,21.846,0.23,2.18,5.88,7.2,1
0.0,0.4649999,1.3149997,4.215998,1.3,5.395002,3.2299993,7.2,1
0.0,0.8249999,2.2949994,13.459003,0.9649999,12.124997,6.171002,7.2,1
0.0,1.76,1.77,50.024,0.0,0.0,5.905,7.2,1
0.0,0.67499995,2.3549993,13.673003,0.20499992,1.8650005,6.131002,7.2,1
0.0,2.24,3.8,30.531,0.86,5.85,3.038,7.2,1
0.0,10.12,2.18,6.036,0.0,0.0,2.902,7.2,1
0.0,0.21500002,0.49500006,1.4260005,0.074999996,0.0,5.7989984,7.2,1
0.0,2.1,2.11,124.236,0.0,0.0,6.033,7.2,1
0.0,1.0049995,2.5049994,-0.36700007,0.0,0.0,3.2200007,7.2,1
0.0,3.6,1.65,21.884,0.0,0.0,6.079,7.2,1
0.0,3.52,3.52,176.278,0.0,0.0,6.118,7.2,1
0.0,2.9349992,6.774998,9.552997,0.074999996,0.0,3.2390006,7.2,1
0.0,1.2150005,3.3449993,19.592003,0.68499994,11.925003,6.1080017,7.2,1
0.0,1.4750005,10.884997,16.886003,1.0649995,19.414997,5.673002,7.2,1
0.0,2.0450006,1.1650006,6.6859984,1.015,6.435002,3.2639992,7.2,1
0.0,7.36,1.69,5.466,0.99,5.41,3.254,7.2,1
0.0,2.3,3.15,66.068,1.27,9.38,3.21,7.2,1
0.0,0.9049999,2.2149994,11.659003,0.57,6.415002,5.5580015,7.2,1
0.0,0.8549999,1.3750005,7.6659985,0.074999996,0.074999996,6.0300016,7.2,1
0.0,5.41,5.42,3.319,0.96,30.41,5.856,7.2,1
0.0,5.9449983,8.415003,16.548998,1.0950005,36.495003,5.880998,7.2,1
0.0,0.67,0.68,16.049,0.0,0.0,6.157,7.2,1
0.0,1.2949995,1.4450005,1.1230005,0.074999996,0.0,6.0439982,7.2,1
0.0,1.8250005,4.0550013,24.003002,0.110000044,4.165002,6.125002,7.2,1
0.0,1.8249995,1.9850005,2.5529993,1.1150005,11.925003,5.997998,7.2,1
0.0,2.8049994,8.565003,5.5110016,0.75499994,3.6250007,1.9159995,7.2,1
0.0,1.95,2.68,41.016,1.1,6.79,3.166,7.2,1
0.0,1.14,4.16,24.799,0.0,0.0,5.961,7.2,1
0.0,2.2149994,10.185003,6.1289983,0.0,0.0,2.9739993,7.2,1
0.0,2.09,2.17,47.643,0.85,5.13,2.889,7.2,1
0.0,2.04,0.73,11.958,0.0,0.0,5.862,7.2,1
0.0,0.5250001,0.40499994,1.6869994,0.074999996,0.0,3.0119994,7.2,1
0.0,0.6549999,5.3449984,1.8729994,0.45499992,0.81499994,3.4339993,7.2,1
0.0,8.11,1.96,11.751,0.14,1.65,6.026,7.2,1
0.0,0.44499993,1.3849995,2.1290007,0.73499995,1.3749995,2.025,7.2,1
0.0,2.22,2.37,43.778,0.94,6.04,2.892,7.2,1
0.0,0.40500006,0.27499995,0.68099993,0.68499994,0.29500008,3.1140006,7.2,1
0.0,1.7849995,1.9350005,4.5100017,0.56499994,5.5250006,5.966998,7.2,1
0.0,0.17499995,0.4649999,1.1969994,0.0,0.074999996,3.4219992,7.2,1
0.0,1.7449995,1.2950006,6.4649982,0.022499999,0.074999996,3.6679993,7.2,1
0.0,1.8949995,2.0549996,2.4039993,0.6449999,6.7649984,6.0139985,7.2,1
0.0,0.96499974,0.69499993,6.347998,0.43499994,2.3849993,6.251002,7.2,1
0.0,0.7350001,3.0250006,4.9310017,0.36499992,1.3349994,5.919998,7.2,1
0.0,0.0,0.01,0.055,0.0075,0.0,2.9250007,7.2,1
0.0,1.4149995,0.5849999,8.680003,0.0,0.074999996,5.9435015,7.2,1
0.0,0.7649999,2.6049993,15.239003,0.074999996,0.074999996,6.1280017,7.2,1
0.0,0.43500006,0.34499994,1.5179995,0.074999996,0.0,3.1989994,7.2,1
0.0,1.6150005,6.044998,4.534002,0.0,0.0,2.8200006,7.2,1
0.0,5.834998,20.294996,13.577997,1.1350005,37.355003,5.8989983,7.2,1
0.0,0.23500004,0.20499992,1.4929994,0.0,0.0,5.6750016,7.2,1
0.0,2.8549993,13.085003,16.984003,0.0,0.0,6.0609984,7.2,1
0.0,0.16499996,0.19499993,5.400998,0.21999994,0.18499994,5.8000016,7.2,1
0.0,1.82,0.74,10.682,0.0,0.0,5.869,7.2,1
0.0,1.6050005,3.6550007,9.023999,0.5749999,4.4249983,5.802998,7.2,1
0.0,0.9849996,0.6049999,3.8810008,0.074999996,0.0,3.8069994,7.2,1
0.0,0.79499996,1.6649995,5.6819983,0.074999996,0.0,3.3839993,7.2,1
0.0,0.33499992,1.0750005,5.9119983,0.6649999,3.6049993,6.0620017,7.2,1
0.0,1.1850005,2.8349993,16.770002,0.30499995,3.7950006,6.178002,7.2,1
0.0,0.16500007,0.31499994,-0.14700007,0.0,0.0,5.796002,7.2,1
0.0,0.375,0.33499992,1.9740002,0.074999996,0.0,5.329002,7.2,1
0.0,3.6,1.41,21.404,0.0,0.0,5.946,7.2,1
0.0,1.8249995,1.9750005,3.6839993,0.8449999,8.855003,6.0279984,7.2,1
0.0,1.66,1.66,60.915,0.0,0.0,5.969,7.2,1
0.0,0.7849999,1.2449995,4.413998,0.9649999,4.0750017,3.4759994,7.2,1
0.0,1.6949995,0.68499994,3.6889994,0.99499995,3.3949993,5.8499985,7.2,1
0.0,0.5350001,0.6999999,1.2980006,0.8549999,2.7850006,5.9319983,7.2,1
0.0,2.2150006,0.8549999,3.8839993,0.074999996,0.0,4.807998,7.2,1
0.0,2.95,0.98,18.16,0.0,0.0,6.156,7.2,1
0.0,2.7449994,6.3449984,15.676997,0.074999996,0.0,5.767998,7.2,1
0.0,0.20499992,0.42499992,1.8959994,0.0,0.074999996,5.8720016,7.2,1
0.0,0.36,0.37,10.091,0.0,0.0,5.992,7.2,1
0.0,0.9149999,2.6150007,2.6520007,0.0,0.074999996,3.3059995,7.2,1
0.0,1.1250005,3.9050007,10.737003,0.37500006,4.9450016,3.0949993,7.2,1
0.0,5.69,1.59,5.113,1.08,5.52,3.257,7.2,1
0.0,0.24,0.25,10.483,0.93,1.31,5.875,7.2,1
0.0,1.7,0.57,10.588,1.22,12.92,6.228,7.2,1
0.0,0.61500007,0.7649999,0.6029999,0.074999996,0.0,6.0549984,7.2,1
0.0,1.6750005,4.6349998,15.117003,1.1549995,18.764997,3.3419993,7.2,1
0.0,1.8449994,1.3750005,6.076998,0.0,0.074999996,3.2789993,7.2,1
0.0,1.95,0.49,6.571,0.0,0.0,3.37,7.2,1
0.0,4.0349984,4.625002,0.5849999,0.48499992,5.0549984,2.9690006,7.2,1
0.0,0.74500006,0.55499995,4.4119983,0.074999996,0.0,5.547002,7.2,1
0.0,1.4849994,1.7950006,1.5530006,0.18499994,0.43500006,2.9210007,7.2,1
0.0,1.0249995,0.42499992,3.0810006,0.0,0.044999998,2.9439993,7.2,1
0.0,0.68500006,0.80499995,2.0869994,0.074999996,0.0,5.795998,7.2,1
0.0,1.6449995,15.514997,5.5440016,0.47500008,2.9350007,3.2549994,7.2,1
0.0,3.1449995,15.454997,4.666999,0.0,0.0,1.52,7.2,1
0.0,1.2350005,3.4549994,20.199003,0.074999996,0.074999996,6.0910015,7.2,1
0.0,2.5,2.51,86.522,0.0,0.0,6.011,7.2,1
0.0,6.65,2.85,9.38,1.29,12.1,3.291,7.2,1
0.0,1.1349995,0.5949999,3.2620006,0.24999994,0.55500007,2.8329992,7.2,1
0.0,3.33,1.42,20.377,0.92,18.75,6.119,7.2,1
0.0,1.0949994,0.8949999,6.249998,0.074999996,0.074999996,5.481002,7.2,1
0.0,4.104998,22.124996,12.647997,0.0,0.0,2.9330006,7.2,1
0.0,2.1150007,2.5950007,1.1550006,0.074999996,0.0,2.8480008,7.2,1
0.0,1.0450003,2.0150006,5.7750015,0.74499995,3.7450006,5.800998,7.2,1
0.0,1.9549999,2.1149993,1.8030006,0.8949999,9.885003,5.9109983,7.2,1
0.0,1.3050005,6.854998,2.3790007,0.79499996,1.9150006,1.9199995,7.2,1
0.0,0.50500005,0.6549999,-0.38200006,0.074999996,0.0,2.1870008,7.2,1
0.0,1.2150003,0.43499994,7.2319984,0.9549999,6.5050015,6.3200016,7.2,1
0.0,10.37,2.19,7.51,0.0,0.0,3.445,7.2,1
0.0,2.5449994,3.9350007,12.809003,0.0,0.0,3.2959993,7.2,1
0.0,1.8349994,1.5150006,10.745003,0.074999996,0.074999996,5.7400017,7.2,1
0.0,0.88500005,4.645002,5.7449985,0.21499993,0.7350001,5.9879985,7.2,1
0.0,0.32500005,1.6549995,0.83199996,0.074999996,0.0,2.1330006,7.2,1
0.0,0.26000002,1.1950005,0.92,0.037499998,0.0075,3.2389998,7.2,1
0.0,2.2549994,5.814998,13.142003,0.17499995,1.3650004,5.9879985,7.2,1
0.0,3.3750007,2.8249993,4.9780016,1.2150005,5.665002,5.433998,7.2,1
0.0,1.8549994,0.81499994,5.2069983,0.73499995,3.5649993,2.8119993,7.2,1
0.0,14.65,3.99,11.608,0.52,6.04,3.023,7.2,1
0.0,2.1149993,2.6549993,12.536003,0.81500006,5.3050017,2.9539993,7.2,1
0.0,6.92,3.69,6.999,0.26,1.82,3.056,7.2,1
0.0,1.1650006,3.8049994,14.623003,0.0,0.074999996,4.2740016,7.2,1
0.0,2.8750007,1.1850005,6.4509983,0.9749999,5.9450016,6.008002,7.2,1
0.0,0.32499993,0.86499995,4.326998,1.0049995,4.8250017,5.6470017,7.2,1
0.0,1.8,0.66,11.05,0.0,0.0,6.139,7.2,1
0.0,0.5249999,1.2649995,3.5380006,0.9649999,3.2949994,2.7919993,7.2,1
0.0,1.965,2.1149993,2.0989993,1.3,15.835003,5.972998,7.2,1
0.0,0.67499995,1.6149995,3.1150007,0.0,0.074999996,3.3639994,7.2,1
0.0,0.5950001,0.44499993,1.4289994,1.3,1.8349994,2.3199992,7.2,1
0.0,3.18,3.33,96.577,0.35,3.45,3.099,7.2,1
0.0,2.5649993,5.0050015,28.901003,0.18500006,7.605002,5.9640017,7.2,1
0.0,8.56,2.34,7.41,0.66,4.89,3.18,7.2,1
0.0,1.57,0.56,9.622,0.0,0.0,6.129,7.2,1
0.0,0.11,0.089999996,0.31299993,0.022499997,0.029999997,3.2379994,7.2,1
0.0,2.8949993,4.4850016,26.473003,1.0900004,27.414997,6.1090016,7.2,1
0.0,3.4550006,3.6149993,1.016,0.074999996,0.0,6.0889983,7.2,1
0.0,3.4150007,3.7649994,2.2569993,0.42499992,7.3249984,5.986998,7.2,1
0.0,0.485,1.7349994,2.9049997,0.074999996,0.0075,5.379999,7.2,1
0.0,2.44,0.68,14.748,0.0,0.0,6.044,7.2,1
0.0,1.7450005,6.064998,5.3580017,0.0,0.0,3.0880008,7.2,1
0.0,1.9750005,7.1949983,5.962002,0.8350001,5.405001,3.0230007,7.2,1
0.0,3.23,3.24,126.901,0.0,0.0,5.351,7.2,1
0.0,1.1749995,1.3250005,1.3740005,0.55499995,1.6949995,2.8710008,7.2,1
0.0,0.79499996,3.3350008,1.6989995,0.0,0.074999996,2.5389993,7.2,1
0.0,0.31499994,0.94499993,2.7990007,0.38499993,0.9649999,3.3779993,7.2,1
0.0,0.97499996,0.49499992,5.624998,0.074999996,0.074999996,6.013002,7.2,1
0.0,0.51500005,2.6799994,3.5470006,0.074999996,0.0,6.063998,7.2,1
0.0,1.9350005,7.1849985,11.325997,0.5749999,5.5549984,5.973998,7.2,1
0.0,1.3049995,1.4650005,2.0539997,0.074999996,0.074999996,5.846998,7.2,1
0.0,0.87499994,2.8849993,14.314003,0.0,0.074999996,6.146002,7.2,1
0.0,1.9850004,0.7849999,6.5339985,1.1450006,7.145002,3.2829993,7.2,1
0.0,1.5350006,4.7350016,22.332003,0.0,0.074999996,5.835002,7.2,1
0.0,3.41,3.41,194.345,0.0,0.0,5.997,7.2,1
0.0,3.4550006,3.6149993,9.799997,0.044999998,0.074999996,5.9769983,7.2,1
0.0,12.32,3.08,18.516,0.34,6.3,6.031,7.2,1
0.0,2.0950007,10.875003,6.9760017,0.9050001,6.835002,3.2549994,7.2,1
0.0,3.6949992,8.375003,21.929996,0.13500006,4.665002,5.9619985,7.2,1
0.0,5.86,1.67,9.994,1.17,11.69,5.984,7.2,1
0.0,2.8049994,9.955003,16.889997,1.0049995,18.234997,6.083998,7.2,1
0.0,1.9049995,1.1050005,11.469003,0.9049999,9.654997,5.9050016,7.2,1
0.0,2.97,0.98,17.561,0.28,4.92,5.913,7.2,1
0.0,2.9250007,3.0849993,1.9980005,0.35499993,5.0949984,6.0819983,7.2,1
0.0,2.9149992,10.175003,9.401997,0.044999998,0.0,3.2090006,7.2,1
0.0,1.7,0.65,9.69,0.0,0.0,5.7,7.2,1
0.0,1.7450005,6.7849984,4.7880015,1.3,5.9549985,2.7470007,7.2,1
0.0,2.9450006,3.0949993,4.9060016,0.074999996,0.074999996,5.978998,7.2,1
0.0,2.4350007,2.5849993,5.5510015,0.074999996,0.074999996,6.122998,7.2,1
0.0,1.5349995,1.2650006,9.520003,0.5949999,5.0650015,6.0350018,7.2,1
0.0,4.51,1.49,27.381,0.0,0.0,6.071,7.2,1
0.0,1.06,0.42499992,6.5349984,0.6449999,3.8449993,6.311002,7.2,1
0.0,1.3,1.93,19.162,0.0,0.0,1.932,7.2,1
0.0,3.7250006,3.7949994,4.6880016,0.36499992,1.2649995,3.0630007,7.2,1
0.0,3.6650007,3.8249993,5.9850016,0.074999996,0.074999996,3.2230008,7.2,1
0.0,0.55500007,2.0750008,3.8849993,1.3,4.834998,5.972998,7.2,1
0.0,0.26499993,0.49499992,2.3130007,0.044999994,0.36499992,5.7610016,7.2,1
0.0,0.36499992,1.0450003,5.280998,0.10500006,1.0350002,5.6540017,7.2,1
0.0,1.7750006,2.7849994,16.167004,0.074999996,0.0,6.0910015,7.2,1
0.0,0.375,2.5750008,2.0710006,0.074999996,0.0,5.8859982,7.2,1
0.0,0.39499992,1.0450003,5.7209983,0.074999996,0.074999996,6.0500016,7.2,1
0.0,6.1950016,27.315002,36.612995,0.37999997,12.864997,5.894998,7.2,1
0.0,3.7149994,7.354998,11.639003,0.34499994,3.0850008,3.1430006,7.2,1
0.0,14.8,3.51,11.415,0.0,0.0,3.252,7.2,1
0.0,1.79,2.32,47.282,0.79,4.46,3.154,7.2,1
0.0,1.0550004,3.9849994,7.255998,0.62500006,5.205002,3.2899992,7.2,1
0.0,7.0149984,7.0149984,6.7930017,0.94499993,20.065002,3.1900008,7.2,1
0.0,5.14,5.66,289.738,1.05,32.37,5.999,7.2,1
0.0,4.91,2.22,13.344,0.0,0.0,6.038,7.2,1
0.0,2.6650007,2.8149993,2.5139992,0.55499995,4.294998,3.2480006,7.2,1
0.0,6.3249984,4.335002,7.474002,1.2250005,8.569998,5.4879985,7.2,1
0.0,1.0849994,1.4249995,0.86499995,0.33499992,0.5450001,1.966,7.2,1
0.0,0.76500005,0.76500005,2.5679994,0.69499993,3.0350006,5.900998,7.2,1
0.0,2.84,2.84,50.489,0.0,0.0,3.985,7.2,1
0.0,0.16500004,0.16499996,0.4830001,0.61499995,0.25500005,2.7319994,7.2,1
0.0,2.1150007,2.5849993,0.28899994,0.54499996,3.1350007,3.0390007,7.2,1
0.0,1.0799996,2.9650006,6.875002,0.074999996,0.014999997,5.8899984,7.2,1
0.0,5.1149983,5.265002,9.305997,0.074999996,0.074999996,5.952998,7.2,1
0.0,2.42,2.87,78.353,0.0,0.0,5.808,7.2,1
0.0,0.0,0.01,-0.49900007,0.0,0.0,3.7249994,7.2,1
0.0,0.30500007,7.9650006,2.2460008,0.0,0.0,6.077999,7.2,1
0.0,1.4450005,5.1549983,5.2769985,1.0450003,5.1149983,3.9819994,7.2,1
0.0,1.6249995,2.7450006,0.15199998,0.9649999,4.2449985,2.7830007,7.2,1
0.0,1.7849995,1.9350005,4.052001,1.3,14.455003,6.0759983,7.2,1
0.0,3.14,3.15,85.438,0.0,0.0,6.093,7.2,1
0.0,2.7750006,3.1949992,5.5580015,0.029999997,0.074999996,5.8649983,7.2,1
0.0,2.7849994,8.395003,8.782997,0.074999996,0.0,3.1380007,7.2,1
0.0,2.7450006,2.8949993,4.9240017,0.074999996,0.074999996,5.848998,7.2,1
0.0,2.1749992,8.375003,5.923002,0.0,0.0,2.7100008,7.2,1
0.0,2.9550006,2.9650006,9.219997,0.97499967,19.135002,5.9619985,7.2,1
0.0,2.7249994,6.774998,9.861997,0.074999996,0.0,3.6180007,7.2,1
0.0,2.9549994,8.555003,12.751997,0.39499992,3.984999,4.326998,7.2,1
0.0,1.6299998,0.80499995,10.181003,0.0,0.029999997,6.2530017,7.2,1
0.0,5.78,1.75,5.221,0.0,0.0,3.001,7.2,1
0.0,9.38,2.73,7.841,0.22,1.73,3.351,7.2,1
0.0,18.99,5.72,33.736,0.98,33.06,5.898,7.2,1
0.0,0.85,4.739999,5.0739985,0.56499994,2.4450006,5.911001,7.2,1
0.0,1.4350005,6.334998,2.3380008,0.69499993,1.5750005,1.8490006,7.2,1
0.0,0.32499993,0.44500002,1.2909995,0.0,0.074999996,3.2519994,7.2,1
0.0,5.99,1.28,7.319,0.33,2.42,5.855,7.2,1
0.0,3.14,3.14,85.513,1.18,12.3,3.321,7.2,1
0.0,9.67,2.33,13.888,0.7,9.72,5.986,7.2,1
0.0,0.39500007,0.54499996,-0.37200007,0.0,0.0,5.9439983,7.2,1
0.0,1.4049995,1.5200002,3.4829993,1.2950006,10.895003,6.0009985,7.2,1
0.0,4.0749984,4.225002,7.0840015,0.074999996,0.074999996,5.893998,7.2,1
0.0,4.8850017,21.995003,15.819997,0.074999996,0.0,3.1980007,7.2,1
0.0,1.33,1.33,66.632,0.0,0.0,5.807,7.2,1
0.0,1.2049994,1.4849994,0.33799994,0.074999996,0.0,1.9189994,7.2,1
0.0,2.9649994,6.495002,39.368004,0.36500007,17.275003,6.2280016,7.2,1
0.0,0.04,0.01,0.21699993,0.79499996,0.23500007,5.524998,7.2,1
0.0,10.24,2.89,7.936,0.0,0.0,3.029,7.2,1
0.0,0.985,0.48499992,5.755998,1.0750005,5.9050016,6.086002,7.2,1
0.0,2.5049994,10.085003,14.536997,0.63499993,8.174997,5.8759985,7.2,1
0.0,2.1150007,0.88499993,6.7399983,0.34499994,1.7949997,3.1869993,7.2,1
0.0,1.3649995,1.5150006,4.192002,0.074999996,0.044999998,6.0489984,7.2,1
0.0,2.87,1.31,17.177,0.0,0.0,5.985,7.2,1
0.0,8.175003,4.7950015,9.1469965,0.74499995,6.0124984,3.1080008,7.2,1
0.0,0.20500007,1.2450005,0.98099995,1.3,1.0849994,3.1610007,7.2,1
0.0,4.585002,12.575003,14.853997,0.53499997,6.7249985,3.2020006,7.2,1
0.0,2.43,0.75,14.422,0.0,0.0,5.935,7.2,1
0.0,3.3250008,21.194998,19.574003,0.0,0.0,5.703998,7.2,1
0.0,0.5850001,0.74499995,1.2750006,0.7749999,2.4650006,5.4309983,7.2,1
0.0,0.49,0.5,13.433,0.0,0.0,5.327,7.2,1
0.0,2.73,1.16,16.759,0.0,0.0,6.139,7.2,1
0.0,1.66,1.66,48.68,0.0,0.0,3.371,7.2,1
0.0,0.9949996,1.1450006,2.4339993,1.2450005,7.544998,6.0089984,7.2,1
0.0,1.0850005,1.0850003,3.0940006,0.0525,0.0,3.2129993,7.2,1
0.0,7.53,2.19,7.274,0.0,0.0,3.692,7.2,1
0.0,0.08500002,0.08500002,0.15299998,0.69499993,0.22500008,2.9560006,7.2,1
0.0,5.6,2.62,8.193,1.01,8.27,3.127,7.2,1
0.0,1.9750001,2.1349993,3.0309994,0.074999996,0.0,3.2270007,7.2,1
0.0,1.8549994,1.0750005,5.9969983,1.3,7.9050016,3.2209992,7.2,1
0.0,0.69500005,0.39499992,2.4320006,0.92499995,2.0550008,3.3309994,7.2,1
0.0,0.52,0.52,26.055,0.0,0.0,6.067,7.2,1
0.0,1.015,1.0750005,10.925003,0.7849999,3.6949992,5.495002,7.2,1
0.0,2.4749994,11.705003,14.050003,0.27500007,4.8649983,5.960002,7.2,1
0.0,1.9449997,0.79499996,6.6869984,0.18499994,0.6650001,3.4229994,7.2,1
0.0,8.35,2.45,11.249,0.0,0.0,5.137,7.2,1
0.0,0.5950001,0.74499995,-0.41600007,0.0,0.0,5.4909983,7.2,1
0.0,0.9149999,2.3750007,2.6670008,0.9049999,2.2500002,3.249,7.2,1
0.0,2.6349993,7.2449985,15.457997,0.074999996,0.0,5.933998,7.2,1
0.0,0.74499995,1.2950006,7.2129984,0.074999996,0.074999996,6.0490017,7.2,1
0.0,0.38,1.1749995,1.2200005,0.8949999,0.86500007,2.9380007,7.2,1
0.0,5.95,1.59,4.786,0.72,3.45,3.234,7.2,1
0.0,1.2349994,1.3850005,1.9400005,0.074999996,0.0,2.9710007,7.2,1
0.0,7.57,2.24,6.948,0.0,0.0,3.102,7.2,1
0.0,0.054999992,0.16500007,-0.086000025,0.55500007,0.18500006,3.1020007,7.2,1
0.0,2.03,2.04,72.695,1.05,12.05,5.652,7.2,1
0.0,3.8450007,2.0050004,5.689998,0.8549999,4.5750017,2.9120007,7.2,1
0.0,1.6299996,8.454997,8.817003,0.0,0.0,5.262,7.2,1
0.0,0.63500005,0.49499992,4.2839985,0.38499993,1.3650001,6.2140017,7.2,1
0.0,0.9949996,0.36499992,1.0420003,0.87499994,0.69500005,3.2590008,7.2,1
0.0,1.4850005,6.1749983,5.1670017,0.0,0.0,3.6859994,7.2,1
0.0,0.21000002,0.15499997,1.3879995,0.0,0.0,6.171002,7.2,1
0.0,1.2649995,0.6549999,7.275998,0.47499993,3.0149994,5.561002,7.2,1
0.0,2.1749992,9.125003,11.248003,0.70500004,8.904997,5.467002,7.2,1
0.0,1.5649995,1.7250005,1.6890005,0.074999996,0.0,3.8270006,7.2,1
0.0,1.9349996,2.4050007,2.9149992,0.074999996,0.0,2.8020008,7.2,1
0.0,3.97,4.15,53.725,0.0,0.0,3.07,7.2,1
0.0,1.0750005,2.1550007,3.1370006,0.074999996,0.03,3.212,7.2,1
0.0,0.87,0.37499994,4.741998,0.074999996,0.0,5.427002,7.2,1
0.0,2.13,2.75,59.059,0.27,1.89,3.289,7.2,1
0.0,1.8950006,4.585002,17.963003,0.074999996,0.0,4.250002,7.2,1
0.0,6.36,6.73,168.265,0.78,28.15,5.674,7.2,1
0.0,1.8350005,3.0049994,17.474003,0.074999996,0.0,6.085002,7.2,1
0.0,0.39499992,2.7150006,2.9300008,0.5250001,1.8750005,3.0209994,7.2,1
0.0,2.89,2.9,81.651,0.37,6.36,5.948,7.2,1
0.0,2.9150007,3.0649993,2.7589993,0.29499993,2.0650008,3.1740007,7.2,1
0.0,3.28,3.29,44.304,0.39,7.73,6.044,7.2,1
0.0,3.0750008,3.2349994,4.057001,0.074999996,0.074999996,5.933998,7.2,1
0.0,14.07,5.83,32.074,0.74,23.73,6.109,7.2,1
0.0,3.9550002,4.265002,2.7249994,0.074999996,0.0,2.9830008,7.2,1
0.0,0.62,0.63,35.413,0.66,2.34,5.729,7.2,1
0.0,2.3750007,4.205002,0.31699994,0.87499994,8.795003,4.4489985,7.2,1
0.0,1.2399995,1.3850005,13.313003,0.61249995,2.4649994,3.3399994,7.2,1
0.0,1.1849995,0.5149999,4.1619983,0.06,0.0,3.4379992,7.2,1
0.0,0.45499992,0.55499995,5.221998,0.074999996,0.074999996,2.6619992,7.2,1
0.0,1.36,1.38,52.298,0.44,3.36,5.614,7.2,1
0.0,5.17,1.56,4.971,0.0,0.0,3.207,7.2,1
0.0,2.3150008,29.494997,13.715997,0.97499967,14.245003,5.6329985,7.2,1
0.0,2.71,1.0,9.019,0.0,0.0,3.328,7.2,1
0.0,1.6449995,1.8050005,1.1540005,0.074999996,0.0,3.0700006,7.2,1
0.0,1.8550005,8.095003,10.8740015,0.755,8.474997,6.1410003,7.2,1
0.0,11.17,2.98,9.705,0.43,4.17,3.257,7.2,1
0.0,2.26,2.27,92.467,0.0,0.0,5.929,7.2,1
0.0,0.13000003,0.7849999,0.895,0.074999996,0.0,5.5789995,7.2,1
0.0,3.7950006,5.6949983,6.513002,1.2450005,21.615004,4.7149982,7.2,1
0.0,1.55,1.55,30.487,0.0,0.0,3.267,7.2,1
0.0,6.2849984,7.1349983,13.542997,0.074999996,0.014999997,5.655998,7.2,1
0.0,2.0950007,10.575003,7.1680017,0.61500007,4.9650016,3.3439994,7.2,1
0.0,0.49499992,1.2150005,6.736998,0.92499995,5.8650017,6.0500016,7.2,1
0.0,1.91,0.52,11.743,0.58,6.81,6.148,7.2,1
0.0,1.94,2.51,83.361,0.32,3.51,5.648,7.2,1
0.0,1.0650004,2.8799994,10.2870035,0.7149999,6.705002,3.7489994,7.2,1
0.0,2.5850008,1.3550005,8.619003,1.1450006,9.374997,3.3429992,7.2,1
0.0,4.17,4.7,251.887,0.0,0.0,6.064,7.2,1
0.0,1.1299996,2.8650007,7.186002,0.074999996,0.0,5.900998,7.2,1
0.0,6.36,3.17,6.737,0.0,0.0,2.955,7.2,1
0.0,11.8,3.17,8.824,0.67,5.91,3.186,7.2,1
0.0,1.9550005,7.524998,11.267997,0.38499993,3.3950007,5.8789983,7.2,1
0.0,8.08,3.03,6.275,0.83,5.21,2.905,7.2,1
0.0,0.61,0.62,20.468,0.0,0.0,5.426,7.2,1
0.0,2.63,3.52,50.767,0.61,6.18,3.851,7.2,1
0.0,1.6850005,4.5149984,14.002003,0.0,0.0,3.3109994,7.2,1
0.0,11.01,3.3,19.249,0.0,0.0,5.851,7.2,1
0.0,1.7050005,6.2049985,5.469002,0.26500008,1.7549995,3.2340007,7.2,1
0.0,3.94,1.07,3.509,0.0,0.0,3.279,7.2,1
0.0,4.38,1.47,14.462,0.13,1.88,3.302,7.2,1
0.0,1.5250006,4.1949983,4.808998,1.0950005,5.0550017,3.2930007,7.2,1
0.0,7.9,1.73,5.153,0.0,0.0,2.996,7.2,1
0.0,1.4150006,3.2649994,19.336002,0.7249999,12.545003,6.1600018,7.2,1
0.0,1.4850005,8.614997,7.754998,0.50500005,4.4649982,5.6280017,7.2,1
0.0,1.9950005,7.4349985,5.9070015,0.7350001,4.7950015,2.9630008,7.2,1
0.0,0.96499974,1.1250005,0.121,0.074999996,0.0,5.4749985,7.2,1
0.0,9.17,1.97,12.077,1.15,13.89,6.13,7.2,1
0.0,1.4849994,1.4849994,4.2330017,1.015,8.085003,5.486998,7.2,1
0.0,1.4349995,1.5950005,0.9239999,0.5249999,2.1250007,3.1690006,7.2,1
0.0,1.9149995,2.0949993,0.8249999,0.074999996,0.0,3.2840006,7.2,1
0.0,5.1349983,8.315003,5.6350017,0.62499994,17.425003,6.032998,7.2,1
0.0,1.7149997,5.9249983,10.399997,0.074999996,0.059999995,5.7909985,7.2,1
0.0,3.5,3.51,100.673,0.59,12.23,5.923,7.2,1
0.0,2.41,2.42,110.764,0.0,0.0,5.798,7.2,1
0.0,0.81,0.81,42.076,1.17,5.64,5.953,7.2,1
0.0,0.84,0.40499994,4.6919985,0.074999996,0.0,5.750002,7.2,1
0.0,0.87499994,3.0050006,5.9699984,0.0,0.074999996,2.9809992,7.2,1
0.0,1.4349995,0.6449999,4.662998,0.6049999,2.5849993,3.2129993,7.2,1
0.0,3.64,3.64,55.431,0.6,11.85,5.426,7.2,1
0.0,9.12,3.04,6.112,0.62,3.79,2.897,7.2,1
0.0,0.97499967,0.6449999,2.7820008,0.0075,0.074999996,2.7959993,7.2,1
0.0,2.2249994,8.095003,12.835001,0.074999996,0.0,5.9089985,7.2,1
0.0,1.3150005,6.2449985,3.2910006,0.0,0.0,2.7899992,7.2,1
0.0,1.9750005,7.604998,11.911997,0.49499992,4.894998,6.1549983,7.2,1
0.0,3.7,0.82,2.662,0.84,2.24,3.286,7.2,1
0.0,0.36500007,0.6450001,0.5519999,0.9049999,0.94499993,2.7110007,7.2,1
0.0,1.87,2.0,33.209,0.39,2.33,3.191,7.2,1
0.0,1.3849995,1.5450006,0.82299995,0.074999996,0.074999996,5.532998,7.2,1
0.0,2.0550008,2.7150006,1.1200005,0.9649999,5.394998,2.8080006,7.2,1
0.0,1.8449994,1.9950005,2.6569993,0.074999996,0.0,3.1760006,7.2,1
0.0,2.46,2.46,124.602,0.0,0.0,6.027,7.2,1
0.0,2.53,15.194997,13.8270035,1.0249995,15.364997,5.419998,7.2,1
0.0,1.8149995,0.74499995,5.966998,0.074999996,0.0,3.2719994,7.2,1
0.0,0.8249999,2.1749992,12.531003,0.5950001,8.524997,6.107002,7.2,1
0.0,2.6650007,2.8149993,2.2989993,0.074999996,0.074999996,5.8449984,7.2,1
0.0,2.37,0.64,13.764,0.71,9.77,5.808,7.2,1
0.0,2.83,4.37,68.888,0.0,0.0,3.542,7.2,1
0.0,2.1049993,8.535003,12.0370035,0.0,0.0,5.8919983,7.2,1
0.0,0.9949996,1.1550006,-0.35500008,0.044999998,0.0,5.9029984,7.2,1
0.0,2.1450007,2.2949994,3.5269992,0.074999996,0.074999996,3.2360008,7.2,1
0.0,2.2750006,2.2850006,5.184002,0.87499994,11.165003,5.9029984,7.2,1
0.0,0.47499993,1.4049995,4.689998,0.074999996,0.074999996,3.2949994,7.2,1
0.0,2.4049993,5.314998,10.910997,0.074999996,0.074999996,4.5759983,7.2,1
0.0,1.8249995,1.9750005,3.0369992,0.074999996,0.074999996,5.9349985,7.2,1
0.0,0.80499995,1.2850006,7.201998,1.1250005,7.7150016,6.0890017,7.2,1
0.0,2.0850008,3.3350008,3.6189992,0.074999996,0.074999996,4.327998,7.2,1
0.0,0.69499993,2.3449993,13.158003,0.074999996,0.074999996,5.9300017,7.2,1
0.0,0.5250001,0.55500007,0.8359999,0.074999996,0.0,2.8900006,7.2,1
0.0,2.7749994,8.085003,6.283002,0.0,0.0,2.2240007,7.2,1
0.0,0.034999996,0.044999994,0.28399995,0.5949999,0.23500007,5.2799983,7.2,1
0.0,7.82,2.36,7.731,1.12,8.66,3.276,7.2,1
0.0,0.7350001,0.8949999,1.7450005,0.074999996,0.0,5.7579985,7.2,1
0.0,2.64,1.16,16.122,0.5,8.06,6.107,7.2,1
0.0,0.9549999,3.0549994,16.172003,1.0950005,16.644997,5.5820017,7.2,1
0.0,0.38500008,1.1950005,1.1990005,1.2100004,3.1450007,6.0079985,7.2,1
0.0,0.54499996,1.1949995,4.0109982,0.074999996,0.0,3.2919993,7.2,1
0.0,2.6050007,2.7649994,1.4280006,0.6049999,7.8049984,5.471998,7.2,1
0.0,0.29499993,0.93499994,5.163998,0.75500005,4.265002,6.1670017,7.2,1
0.0,2.2849994,4.984998,13.240003,0.54499996,6.335002,5.9499984,7.2,1
0.0,0.49500006,0.6449999,-0.015999995,0.20499992,0.15500008,2.9780006,7.2,1
0.0,1.7,0.5,10.435,0.0,0.0,6.138,7.2,1
0.0,1.23,1.23,29.509,0.23,0.88,3.118,7.2,1
0.0,0.9049999,1.6249995,5.211002,0.35499993,1.3649995,6.1129985,7.2,1
0.0,3.7850006,5.564998,2.037,0.074999996,0.0,4.690998,7.2,1
0.0,20.97,4.33,14.172,1.08,15.31,3.273,7.2,1
0.0,3.24,0.89,19.289,0.88,16.97,5.953,7.2,1
0.0,2.2949994,4.0350003,23.758003,0.39499992,7.705002,6.093002,7.2,1
0.0,3.21,0.94,19.402,0.0,0.0,6.044,7.2,1
0.0,1.8649995,2.8150008,1.7560005,0.074999996,0.0,3.1200006,7.2,1
0.0,2.9449992,8.875003,12.131997,0.40499994,3.9050007,4.1259985,7.2,1
0.0,2.5350006,11.794997,0.23499992,0.074999996,0.0,0.0,7.2,1
0.0,3.8150008,4.280001,3.6889994,0.074999996,0.059999995,2.9760008,7.2,1
0.0,7.4,3.53,5.828,0.0,0.0,2.885,7.2,1
0.0,4.12,1.32,24.766,0.45,11.14,6.011,7.2,1
0.0,1.0549995,1.2050005,1.7690005,0.9549999,3.2350006,3.2510006,7.2,1
0.0,4.2,1.1,6.304,0.0,0.0,5.783,7.2,1
0.0,0.56,0.30499995,3.4540007,0.73499995,2.4049993,6.0560017,7.2,1
0.0,1.42,1.42,71.955,0.0,0.0,5.941,7.2,1
0.0,0.92499995,1.3550005,7.407998,0.79499996,5.4650016,5.921002,7.2,1
0.0,0.0,0.01,0.044,0.0,0.0,5.285,7.2,1
0.0,1.31,1.32,18.939,0.0,0.0,3.034,7.2,1
0.0,1.9449997,11.4450035,6.7490015,0.88500005,6.4850016,3.3789992,7.2,1
0.0,4.23,4.24,158.584,0.0,0.0,3.94,7.2,1
0.0,0.56,0.33499992,2.9980006,1.3,3.8550007,5.283002,7.2,1
0.0,0.49499992,2.1300006,7.0689983,0.0,0.074999996,5.6560016,7.2,1
0.0,1.005,0.33499992,5.7979984,0.074999996,0.074999996,6.1930017,7.2,1
0.0,0.81499994,2.3650007,5.979998,0.074999996,0.0,2.9859993,7.2,1
0.0,1.56,0.44,9.442,0.0,0.0,6.053,7.2,1
0.0,0.08500002,0.09500004,-0.012999997,0.0,0.0,3.3130007,7.2,1
0.0,3.28,1.94,19.998,0.0,0.0,6.097,7.2,1
0.0,0.6649999,1.2149994,4.018998,0.074999996,0.0,3.2729993,7.2,1
0.0,0.48499992,1.4650005,7.755998,0.42499992,2.8149993,5.7090015,7.2,1
0.0,0.6550001,0.81499994,1.1790005,1.3,5.4049983,5.8849983,7.2,1
0.0,0.9250001,1.0750005,-0.20700008,0.074999996,0.0,6.0139985,7.2,1
0.0,0.4649999,0.7150001,2.3310006,0.43499994,0.7950001,3.1209993,7.2,1
0.0,1.42,1.42,21.43,0.0,0.0,4.294,7.2,1
0.0,1.08,1.08,38.939,0.86,5.58,6.011,7.2,1
0.0,15.49,3.81,12.705,0.64,8.13,3.335,7.2,1
0.0,0.5249999,1.3150005,7.1819983,1.1649995,9.074997,5.975002,7.2,1
0.0,0.44499993,0.67499995,2.8530006,0.8550001,2.7649996,5.0380015,7.2,1
0.0,0.7150001,0.87499994,0.36799994,0.5849999,1.8849995,4.781998,7.2,1
0.0,1.5649995,0.81499994,9.860003,0.0,0.0,6.133002,7.2,1
0.0,1.0449995,0.7849999,6.721998,0.074999996,0.074999996,6.1440015,7.2,1
0.0,1.8549994,2.0150003,1.1050005,1.015,10.975003,6.0159984,7.2,1
0.0,1.7949995,1.9450005,3.7009993,0.074999996,0.074999996,6.018998,7.2,1
0.0,9.57,3.72,57.52,0.0,0.0,6.01,7.2,1
0.0,5.54,1.52,9.25,0.0,0.0,6.086,7.2,1
0.0,4.19,4.2,100.304,0.85,10.89,3.057,7.2,1
0.0,1.5849994,0.67499995,3.5889993,0.5949999,1.9050006,5.880998,7.2,1
0.0,1.3449994,4.5250015,1.8000005,0.6649999,2.4550006,2.9460006,7.2,1
0.0,1.6449995,1.0750005,0.56899995,0.29499993,0.034999996,0.66200006,7.2,1
0.0,1.6150005,4.124998,4.8789983,0.0,0.044999998,3.2469997,7.2,1
0.0,2.1450007,2.2949994,-0.15200007,1.0950005,7.004998,3.0510006,7.2,1
0.0,16.98,4.22,16.291,0.68,11.08,4.368,7.2,1
0.0,1.2650003,0.45499992,7.473998,0.074999996,0.074999996,6.263002,7.2,1
0.0,1.1749995,1.6950005,-0.015000001,0.44499993,0.8450001,1.9079995,7.2,1
0.0,1.2749995,6.765002,8.277001,0.53999996,3.9150007,6.077998,7.2,1
0.0,0.53499997,1.7450005,9.254004,0.074999996,0.074999996,5.6950016,7.2,1
0.0,8.32,2.62,12.802,0.67,8.58,4.905,7.2,1
0.0,1.43,1.44,82.012,0.0,0.0,5.828,7.2,1
0.0,1.35,1.36,44.386,0.0,0.0,6.138,7.2,1
0.0,0.68499994,2.2850006,7.2609982,0.074999996,0.074999996,3.1829994,7.2,1
0.0,0.88499993,2.1450007,2.4930007,0.61499995,1.4650005,3.0950007,7.2,1
0.0,0.53499997,2.9749994,2.4910007,0.0,0.074999996,2.0190003,7.2,1
0.0,0.92999995,0.42499992,5.2939982,0.022499999,0.074999996,6.041002,7.2,1
0.0,4.62,2.09,28.285,0.0,0.0,6.122,7.2,1
0.0,0.6449999,1.5250006,6.5159984,0.074999996,0.074999996,4.6210017,7.2,1
0.0,1.1149995,0.6049999,3.2219994,1.005,3.0049994,5.8629985,7.2,1
0.0,1.97,0.79,10.75,0.0,0.0,5.457,7.2,1
0.0,0.9949996,1.1450006,2.6069994,0.074999996,0.0,6.0109982,7.2,1
0.0,0.76500005,0.9149999,1.9760005,0.074999996,0.0,5.8889985,7.2,1
0.0,1.0549995,1.2150005,1.0760006,0.074999996,0.0,2.1540008,7.2,1
0.0,0.25500008,0.26500008,0.95299995,0.7149999,1.1849995,5.866998,7.2,1
0.0,3.0649993,18.934998,26.740004,0.0,0.0,3.4589994,7.2,1
0.0,3.0950007,3.5249994,3.3989992,0.074999996,0.074999996,3.1000006,7.2,1
0.0,4.87,4.98,50.698,0.0,0.0,3.224,7.2,1
0.0,1.26,1.26,28.741,0.0,0.0,3.279,7.2,1
0.0,4.86,6.75,69.441,0.94,14.84,3.249,7.2,1
0.0,0.595,0.28499994,3.5400007,0.0,0.0,6.001002,7.2,1
0.0,2.2249994,4.6749983,15.486003,0.7850001,13.454997,3.3509994,7.2,1
0.0,0.5950001,0.5849999,1.4700005,0.074999996,0.0,5.736998,7.2,1
0.0,0.6549999,3.1450007,6.0029984,0.0,0.074999996,3.0539994,7.2,1
0.0,3.14,1.13,18.036,1.17,21.1,5.744,7.2,1
0.0,1.9449997,2.1249993,2.3959994,0.074999996,0.0,2.8720007,7.2,1
0.0,4.335002,18.785004,26.197996,0.87499994,20.974997,6.0569983,7.2,1
0.0,1.7950006,8.555003,10.107003,1.0449995,11.474997,5.8449984,7.2,1
0.0,1.45,0.42,8.52,0.0,0.0,5.876,7.2,1
0.0,1.1749997,4.2149982,7.4920015,0.074999996,0.074999996,6.004998,7.2,1
0.0,1.4450005,5.585001,19.160004,0.40999997,7.234998,4.8480015,7.2,1
0.0,15.64,3.27,10.797,0.0,0.0,3.302,7.2,1
0.0,1.3750005,5.254998,4.144998,1.1250005,4.354998,3.3209994,7.2,1
0.0,0.86499995,2.7750006,7.392998,0.074999996,0.0,3.2799993,7.2,1
0.0,3.51,0.92,5.537,0.0,0.0,6.085,7.2,1
0.0,2.6449993,5.374998,15.5479965,0.47499993,6.265002,5.945998,7.2,1
0.0,2.55,5.07,93.199,0.0,0.0,6.074,7.2,1
0.0,5.2350016,11.035003,31.122002,0.074999996,0.0,5.9649982,7.2,1
0.0,8.88,2.49,14.933,0.0,0.0,6.021,7.2,1
0.0,2.3350008,2.5049994,1.3170005,0.73499995,9.545003,5.9759984,7.2,1
0.0,0.57500005,1.6049994,3.8759995,1.1150005,3.8750007,5.7729983,7.2,1
0.0,1.6049994,1.7550005,-0.3730001,1.2150005,6.274998,3.2400007,7.2,1
0.0,4.894998,5.4850016,1.5530006,0.074999996,0.0,3.1780007,7.2,1
0.0,0.93499994,3.9149992,4.4969983,0.0,0.074999996,2.8969994,7.2,1
0.0,2.1450007,2.2550006,5.8860016,0.8349999,9.534997,5.531998,7.2,1
0.0,0.87499994,2.7549994,16.058002,0.25499994,2.9749994,6.1170015,7.2,1
0.0,1.4549994,1.005,9.094003,0.067499995,0.074999996,6.0680017,7.2,1
0.0,12.18,3.8,21.342,0.97,20.7,5.815,7.2,1
0.0,0.55499995,2.1650007,5.8699985,0.074999996,0.074999996,3.2209992,7.2,1
0.0,1.7950006,3.2050006,10.743003,0.0,0.0,3.3729994,7.2,1
0.0,0.024999999,20.074997,-0.056,0.0,0.0,1.9300002,7.2,1
0.0,1.9049995,2.2149994,1.4090005,1.0850005,5.7449985,2.8330007,7.2,1
0.0,1.4949995,1.6550006,4.0059996,0.55499995,4.4649982,5.947998,7.2,1
0.0,0.30499995,0.31499994,3.4800007,0.68499994,0.39500004,3.2269993,7.2,1
0.0,2.9549994,11.855003,27.212004,0.0,0.0,3.5589993,7.2,1
0.0,3.7349994,13.905003,20.072996,0.4649999,7.7249985,5.3889985,7.2,1
0.0,1.6150005,4.8150015,18.137003,1.1249995,21.924997,4.8050017,7.2,1
0.0,0.82500005,3.6050007,5.521001,0.074999996,0.0,6.025998,7.2,1
0.0,2.0750008,1.2250005,7.175998,0.92499995,6.2350016,3.4479992,7.2,1
0.0,3.0450006,3.1949992,3.0999994,0.074999996,0.074999996,5.959998,7.2,1
0.0,8.64,4.19,25.24,0.0,0.0,6.024,7.2,1
0.0,1.1550006,3.2950006,2.4259994,1.3,2.8450007,2.1020007,7.2,1
0.0,1.7149994,1.0750005,5.6289983,0.0,0.074999996,3.2619994,7.2,1
0.0,8.6,3.19,6.564,1.1,7.22,3.186,7.2,1
0.0,0.38499993,0.36500007,1.8970006,0.074999996,0.074999996,5.801998,7.2,1
0.0,1.0250001,3.6850007,4.4819984,0.074999996,0.0,4.842001,7.2,1
0.0,0.195,0.14499998,1.0069996,0.7049999,0.685,5.973001,7.2,1
0.0,0.28499994,0.29499993,1.2459995,0.61499995,0.42499992,3.1939993,7.2,1
0.0,0.085,3.8450007,0.0119999945,0.26499993,0.095,1.6649995,7.2,1
0.0,9.66,3.39,10.304,0.0,0.0,3.04,7.2,1
0.0,1.4549994,0.67499995,4.920998,0.074999996,0.0,3.3399994,7.2,1
0.0,1.7450005,6.234998,4.817002,0.80499995,3.5349994,2.7650006,7.2,1
0.0,0.32499993,0.8349999,4.3069983,0.56500006,2.8749993,5.9180017,7.2,1
0.0,3.77,3.77,122.463,1.0,23.14,6.137,7.2,1
0.0,1.1350005,1.9950005,6.7589984,0.62500006,4.855002,3.3919992,7.2,1
0.0,1.6850005,6.3849983,5.3450017,1.0700004,5.395002,3.1980007,7.2,1
0.0,2.4150007,2.8049994,3.3529994,0.41499993,4.7849984,5.6689982,7.2,1
0.0,6.4949985,17.864998,6.1150017,0.27499995,4.265002,3.1130006,7.2,1
0.0,2.9450006,3.1049993,3.9249992,0.34499994,2.6850002,3.2340007,7.2,1
0.0,2.5250006,2.6749992,0.57199997,0.074999996,0.0,6.0499983,7.2,1
0.0,0.4650001,0.21499993,1.7059995,1.015,1.5949994,3.3729994,7.2,1
0.0,0.8449999,2.3650007,6.3319983,0.6649999,3.7050006,3.1699994,7.2,1
0.0,8.7,2.82,17.027,0.78,13.28,6.059,7.2,1
0.0,2.65,1.13,15.79,0.0,0.0,5.958,7.2,1
0.0,6.41,2.3,4.397,0.75,3.3,2.266,7.2,1
0.0,0.7049999,1.2049994,4.683998,0.9849996,5.1150017,3.8219993,7.2,1
0.0,1.4249995,3.0749993,-0.19300008,0.074999996,0.0,2.5700006,7.2,1
0.0,0.42499992,1.0499996,2.3810008,0.074999996,0.0,2.2879994,7.2,1
0.0,1.2499995,0.44499993,7.485998,0.074999996,0.074999996,5.8470016,7.2,1
0.0,1.5050005,4.254998,3.9589996,0.0,0.074999996,2.8959994,7.2,1
0.0,0.115,0.115,0.96099985,0.69,0.19499993,4.6500015,7.2,1
0.0,0.29500008,0.45499992,-0.20200008,0.0,0.0,6.0629983,7.2,1
0.0,10.42,15.13,377.539,0.0,0.0,4.079,7.2,1
0.0,0.68499994,1.2750006,7.162998,0.074999996,0.074999996,6.1570015,7.2,1
0.0,0.56500006,0.36499992,3.3940008,1.3,4.4700007,5.7620015,7.2,1
0.0,2.9550006,3.6050007,2.4199994,0.45499992,6.2649984,5.4309983,7.2,1
0.0,1.0950005,3.7450006,3.1820006,0.5500001,2.0649996,3.2679994,7.2,1
0.0,4.08,4.08,106.515,0.42,5.71,3.332,7.2,1
0.0,0.73499995,1.4749994,4.159002,1.015,3.7650006,6.1129985,7.2,1
0.0,4.17,1.11,6.587,1.17,7.71,5.988,7.2,1
0.0,12.21,6.29,59.89,1.03,61.69,4.905,7.2,1
0.0,5.02,5.41,208.614,0.0,0.0,4.82,7.2,1
0.0,2.45,0.89,8.205,0.0,0.0,3.349,7.2,1
0.0,3.31,3.32,-0.005,0.58,11.63,6.059,7.2,1
0.0,3.38,1.28,4.186,0.0,0.0,3.296,7.2,1
0.0,2.0250006,0.9649999,5.352,0.074999996,0.074999996,6.006998,7.2,1
0.0,1.1849995,1.3350005,1.1810005,0.0,0.0,4.7409983,7.2,1
0.0,0.44499993,1.3450005,7.6749983,0.074999996,0.074999996,6.177002,7.2,1
0.0,1.0849994,3.2149994,1.3750005,0.5149999,1.4949995,2.9970007,7.2,1
0.0,3.9,1.81,11.083,0.0,0.0,6.123,7.2,1
0.0,0.57500005,0.23499992,0.9799999,0.9149999,0.68500006,5.9579983,7.2,1
0.0,1.0700004,0.50499994,6.188998,0.074999996,0.074999996,6.277002,7.2,1
0.0,14.24,3.37,19.724,1.06,20.91,5.853,7.2,1
0.0,0.81,0.81,46.185,0.41,1.96,5.91,7.2,1
0.0,0.8550001,0.5249999,2.7769992,0.6449999,1.6150005,6.065998,7.2,1
0.0,0.5749999,1.3850005,7.6539984,0.74499995,5.2550015,6.020002,7.2,1
0.0,1.7049999,8.16,10.488999,0.074999996,0.0,6.0149984,7.2,1
0.0,0.7649999,2.5350006,2.2430003,0.9549999,1.9249995,3.2190006,7.2,1
0.0,1.0950005,2.0649996,11.481003,0.38,4.4650016,5.882002,7.2,1
0.0,1.6349995,1.4850005,5.3059983,0.24499993,0.98499995,3.2219994,7.2,1
0.0,0.18499994,0.31999993,1.4549994,0.86500007,1.5150006,6.1950016,7.2,1
0.0,2.5049994,10.725003,14.977003,0.0,0.0,6.118998,7.2,1
0.0,0.44499993,1.2950006,4.8979983,0.0,0.074999996,5.6010017,7.2,1
0.0,0.985,0.62499994,6.090998,0.014999997,0.074999996,6.2410016,7.2,1
0.0,1.7049997,0.92499995,10.690003,0.034999996,1.2550005,6.2260017,7.2,1
0.0,0.32499993,0.5,1.6069995,0.074999996,0.074999996,3.3099992,7.2,1
0.0,1.1149995,0.42499992,2.0180001,0.074999996,0.074999996,5.6399984,7.2,1
0.0,1.2949995,0.50499994,2.5620008,0.074999996,0.0,2.0000005,7.2,1
0.0,0.63500005,0.29499993,2.2470007,0.074999996,0.074999996,3.3449993,7.2,1
0.0,0.09500004,0.09500004,0.16399996,0.0,0.0,3.0720007,7.2,1
0.0,0.125,0.24499997,0.6230001,0.6650001,0.5949999,3.5649993,7.2,1
0.0,0.81500006,0.47499993,1.7209995,0.074999996,0.0,2.0929992,7.2,1
0.0,1.7750006,5.4649982,15.746003,0.075000025,2.2950006,3.3439994,7.2,1
0.0,3.9949987,4.335002,0.61099994,1.1050005,12.565003,2.9400008,7.2,1
0.0,0.7250001,0.35499993,2.4570007,0.074999996,0.0075,3.2399993,7.2,1
0.0,0.58000004,0.32499993,3.3000007,0.88499993,2.6550007,5.6080017,7.2,1
0.0,0.21,0.22,8.77,0.0,0.0,5.933,7.2,1
0.0,8.1,8.37,1.929,0.0,0.0,5.676,7.2,1
0.0,1.1950005,2.2950006,7.091998,0.5250001,4.375002,3.1119993,7.2,1
0.0,0.49,2.035,1.6369996,0.074999996,0.0,3.3379993,7.2,1
0.0,2.0050006,2.1549993,1.5510005,0.074999996,0.074999996,5.986998,7.2,1
0.0,0.98499995,1.5750005,8.973003,0.73499995,6.0450015,6.1470017,7.2,1
0.0,0.7750001,0.41499993,1.4600005,0.22500008,0.49499992,3.9989984,7.2,1
0.0,3.82,1.27,7.636,0.68,5.19,6.013,7.2,1
0.0,0.5849999,3.0450006,8.018003,1.1750005,0.98499995,1.6990005,7.2,1
0.0,3.05,3.06,95.47,0.0,0.0,3.288,7.2,1
0.0,3.94,1.24,24.218,0.0,0.0,6.147,7.2,1
0.0,0.94499993,9.454997,4.880998,0.5450001,2.9950006,4.934002,7.2,1
0.0,3.21,3.81,73.64,1.15,21.25,5.755,7.2,1
0.0,0.30500007,0.31500006,0.5949999,0.074999996,0.0,3.1700006,7.2,1
0.0,0.08,0.08499999,0.38200003,0.014999997,0.029999997,5.716001,7.2,1
0.0,51.41,11.7,60.425,0.0,0.0,5.849,7.2,1
0.0,2.6050007,1.0550004,3.1809993,0.61499995,1.6049994,3.1270006,7.2,1
0.0,3.3450007,17.484997,11.199997,0.0,0.0,3.1780007,7.2,1
0.0,1.6650006,5.2449985,15.802003,0.0,0.0,3.2949994,7.2,1
0.0,4.8,1.36,4.395,0.49,2.15,3.256,7.2,1
0.0,4.414998,2.9149992,14.474003,0.074999996,0.0,3.3149993,7.2,1
0.0,2.48,1.13,13.924,0.0,0.0,5.615,7.2,1
0.0,1.6750005,3.3549993,19.764004,0.8249999,14.954997,6.1230016,7.2,1
0.0,0.0,0.25500008,0.1,0.15500008,0.0,2.4250007,7.2,1
0.0,4.4,1.56,26.24,0.79,20.73,5.964,7.2,1
0.0,1.1550006,2.8049994,16.369003,0.0,0.074999996,6.0980015,7.2,1
0.0,8.644997,42.185,49.314003,0.34500006,20.814997,5.6879983,7.2,1
0.0,3.21,3.88,178.703,0.21,3.94,5.848,7.2,1
0.0,0.39,0.39,13.652,0.0,0.0,5.805,7.2,1
0.0,1.6049994,1.1050005,9.317003,0.9749999,8.524997,5.665002,7.2,1
0.0,3.01,3.02,29.682,0.0,0.0,3.322,7.2,1
0.0,0.68500006,3.1350005,4.515999,0.074999996,0.0,5.925998,7.2,1
0.0,2.04,2.05,32.454,0.0,0.0,5.861,7.2,1
0.0,0.69499993,2.0150006,5.747998,0.9749999,5.3150015,3.1719992,7.2,1
0.0,1.6650006,2.5049994,14.627003,0.074999996,0.0,6.125002,7.2,1
0.0,2.16,2.17,63.285,0.12,0.78,2.997,7.2,1
0.0,1.57,3.39,86.588,0.69,6.61,6.102,7.2,1
0.0,3.3,0.99,3.124,0.3,0.94,3.156,7.2,1
0.0,0.7149999,2.0750008,5.756998,0.33499992,1.4449995,3.2619994,7.2,1
0.0,3.6750007,4.0950017,-0.059000008,0.074999996,0.0,4.6359982,7.2,1
0.0,1.3049997,6.314998,8.069997,0.7149999,5.044998,5.846998,7.2,1
0.0,3.4,3.4,145.401,0.0,0.0,6.026,7.2,1
0.0,2.1150007,0.88499993,5.9819984,0.80499995,4.495002,2.8409994,7.2,1
0.0,2.1250007,13.064997,6.5180016,0.56500006,4.044998,3.0039992,7.2,1
0.0,0.36499992,0.9749999,5.3039985,0.69500005,4.0550013,6.119002,7.2,1
0.0,10.67,3.49,20.355,0.9,18.32,5.832,7.2,1
0.0,6.58,1.36,8.455,0.81,6.85,6.263,7.2,1
0.0,1.7249994,0.67499995,6.4109983,1.3,8.444997,3.6779993,7.2,1
0.0,2.5450006,0.99499995,2.9939992,0.074999996,0.0,3.1330006,7.2,1
0.0,10.42,2.4,13.985,0.0,0.0,5.851,7.2,1
0.0,1.8649995,0.88499993,2.3429992,0.074999996,0.0,2.7250006,7.2,1
0.0,1.6150005,3.6249993,19.742002,0.7149999,12.754997,5.6570015,7.2,1
0.0,3.53,1.05,6.212,0.18,1.12,5.916,7.2,1
0.0,0.80499995,1.9950005,11.734003,0.68500006,9.044997,6.2260017,7.2,1
0.0,3.5949993,8.475003,21.302998,1.2149994,27.454996,5.9559984,7.2,1
0.0,1.7549996,5.6549983,10.958997,0.074999996,0.074999996,5.971998,7.2,1
0.0,2.35,0.97,13.725,0.67,9.2,5.84,7.2,1
0.0,4.2550015,16.075003,25.249996,1.0350002,24.244997,5.947998,7.2,1
0.0,6.38,1.52,4.845,0.23,1.11,3.188,7.2,1
0.0,1.5549995,0.8449999,5.189998,0.61499995,2.9149992,3.3049994,7.2,1
0.0,2.2650006,1.4950005,13.208003,0.6449999,7.645002,5.751002,7.2,1
0.0,0.7250001,1.7950006,-0.43900007,0.30500007,0.8450001,2.9540007,7.2,1
0.0,3.7150006,5.0749984,11.864997,0.42499992,4.0549984,3.0360007,7.2,1
0.0,0.9049999,13.154997,7.320998,0.44500005,3.9249992,2.4529994,7.2,1
0.0,0.4650001,1.3049995,3.3189993,0.074999996,0.0,5.9319983,7.2,1
0.0,1.5050005,1.6900002,7.3839984,0.55499995,1.4500002,2.0170002,7.2,1
0.0,1.8450005,13.815003,31.434004,0.0,0.0,5.8780017,7.2,1
0.0,2.6450007,2.8849993,-0.29600006,0.074999996,0.0,5.868998,7.2,1
0.0,11.8,3.74,22.517,0.0,0.0,6.037,7.2,1
0.0,3.3050008,3.4649994,2.6789994,0.074999996,0.074999996,5.372998,7.2,1
0.0,0.07,0.025,0.20399992,0.074999996,0.037499998,4.254999,7.2,1
0.0,2.06,2.07,37.632,0.0,0.0,3.261,7.2,1
0.0,3.7049994,17.575003,20.121998,0.61499995,10.904997,5.447998,7.2,1
0.0,3.3450007,1.8550005,10.930003,0.074999996,0.0,3.2929993,7.2,1
0.0,1.7249994,1.9750005,0.63399994,0.074999996,0.0,3.0690007,7.2,1
0.0,2.28,0.78,13.226,0.0,0.0,5.801,7.2,1
0.0,2.8950007,3.0449994,0.097,0.074999996,0.0,5.946998,7.2,1
0.0,2.14,2.23,63.15,0.74,4.68,2.958,7.2,1
0.0,2.17,2.18,27.642,1.06,13.7,5.954,7.2,1
0.0,1.8349994,1.2950006,6.8759985,0.0,0.074999996,3.7139993,7.2,1
0.0,0.51500005,1.4549994,3.5209994,0.99499995,3.0950007,5.7659984,7.2,1
0.0,3.1850007,4.414998,1.8280005,0.074999996,0.0,5.7209983,7.2,1
0.0,0.9849996,1.1450006,0.88399994,1.0550004,3.2850006,3.1630006,7.2,1
0.0,2.43,2.43,46.0,0.63,8.82,5.759,7.2,1
0.0,2.9549994,8.365003,17.408997,0.074999996,0.0,5.9439983,7.2,1
0.0,2.1549993,10.025003,5.960998,0.0,0.0,2.9769993,7.2,1
0.0,0.26499993,0.39999995,1.9519998,0.0,0.074999996,6.217002,7.2,1
0.0,0.67499995,1.9249995,6.432998,0.074999996,0.074999996,3.3449993,7.2,1
0.0,1.2350005,5.9650016,5.9109983,0.0,0.0,5.2350016,7.2,1
0.0,6.65,3.04,13.814,0.0,0.0,5.78,7.2,1
0.0,3.45,1.24,20.901,0.64,13.38,6.058,7.2,1
0.0,8.86,1.9,6.01,0.0,0.0,3.18,7.2,1
0.0,0.9049999,2.4349992,14.325003,0.074999996,0.074999996,6.177002,7.2,1
0.0,0.31499994,0.7250001,2.5460007,1.1650006,2.9349992,3.3509994,7.2,1
0.0,2.2950006,2.4449992,4.8180017,0.13499999,1.6550006,5.486998,7.2,1
0.0,1.0149996,0.48499992,6.188998,1.1150005,6.585002,5.9840016,7.2,1
0.0,0.14500001,0.38500008,0.378,0.015,0.03,2.1940007,7.2,1
0.0,2.9,0.79,2.332,0.0,0.0,3.109,7.2,1
0.0,1.0149995,2.5850008,6.5230017,0.074999996,0.0,5.840998,7.2,1
0.0,0.63500005,0.79499996,0.15599997,0.7249999,1.3949995,3.1170006,7.2,1
0.0,1.5950005,7.4449983,4.820998,0.12500007,0.9050001,3.2959993,7.2,1
0.0,2.5350006,2.6949992,0.6779999,1.005,7.8849983,3.2040007,7.2,1
0.0,0.28499994,0.92499995,3.0400007,0.074999996,0.074999996,3.7399993,7.2,1
0.0,0.17500007,0.18500006,0.19899993,0.0,0.0,3.2090006,7.2,1
0.0,2.36,0.86,13.479,0.0,0.0,5.711,7.2,1
0.0,3.7349994,15.665003,20.356997,0.074999996,0.0,5.466998,7.2,1
0.0,2.2949994,4.025,25.112003,0.0,0.0,3.2729993,7.2,1
0.0,3.62,4.45,49.439,0.98,14.78,4.166,7.2,1
0.0,1.1150005,2.6649992,13.856003,0.18499994,1.5900004,5.928002,7.2,1
0.0,2.9750006,2.9750006,6.7280016,1.2550005,17.615004,4.8399982,7.2,1
0.0,1.0349995,1.1850005,-0.06500001,0.62499994,3.6050007,5.9559984,7.2,1
0.0,3.7950006,9.364997,5.264002,0.074999996,0.0,4.3099985,7.2,1
0.0,3.57,1.35,21.155,1.23,26.02,5.926,7.2,1
0.0,0.6649999,2.0050004,11.093003,0.074999996,0.074999996,5.862002,7.2,1
0.0,0.66,0.66,28.548,0.0,0.0,5.797,7.2,1
0.0,0.7149999,2.9350007,6.2139983,0.0,0.074999996,3.1729994,7.2,1
0.0,0.5250001,0.47499993,3.5600007,0.074999996,0.015,6.133002,7.2,1
0.0,1.58,1.59,36.33,1.01,5.06,3.172,7.2,1
0.0,5.18,2.03,12.091,0.14,1.69,5.956,7.2,1
0.0,7.3049984,10.765003,4.085002,0.074999996,0.0,5.933998,7.2,1
0.0,2.12,3.22,60.274,0.0,0.0,2.969,7.2,1
0.0,1.15,1.16,18.643,1.04,4.66,3.892,7.2,1
0.0,1.97,2.34,29.595,0.0,0.0,2.75,7.2,1
0.0,1.9149995,2.4250007,4.5830016,0.4649999,4.004998,5.1869984,7.2,1
0.0,18.6,3.79,23.113,0.62,14.33,6.098,7.2,1
0.0,0.67499995,2.6350007,5.6269984,0.074999996,0.044999998,2.9839993,7.2,1
0.0,1.4950005,4.9049983,4.4449983,0.0,0.074999996,3.2429996,7.2,1
0.0,5.33,2.59,6.575,0.72,4.73,3.116,7.2,1
0.0,1.36,1.67,29.118,0.0,0.0,2.727,7.2,1
0.0,2.2350006,0.7249999,5.683998,1.2550005,6.875002,2.5604994,7.2,1
0.0,2.05,0.53,6.334,0.0,0.0,3.09,7.2,1
0.0,0.5350001,0.69499993,-0.24600008,0.44499993,1.2449995,5.7769985,7.2,1
0.0,1.2849995,1.4450005,-0.033999994,0.074999996,0.0,5.9249983,7.2,1
0.0,2.82,2.82,40.296,0.18,1.67,3.287,7.2,1
0.0,2.15,2.15,81.285,0.0,0.0,5.893,7.2,1
0.0,0.06,0.9149999,0.34300002,0.074999996,0.0,4.7080016,7.2,1
0.0,1.7250005,1.8049995,9.339997,0.7850001,8.044998,5.539998,7.2,1
0.0,1.7750006,4.205002,24.809004,0.0,0.074999996,6.1150017,7.2,1
0.0,2.93,2.93,144.65,0.0,0.0,5.993,7.2,1
0.0,0.40500006,0.17499995,0.66099995,0.81499994,0.35500008,5.7849984,7.2,1
0.0,0.68499994,3.3250008,6.1459985,0.0,0.074999996,3.1549993,7.2,1
0.0,1.55,2.66,56.666,0.41,3.59,5.657,7.2,1
0.0,3.3,3.32,81.787,0.61,7.38,3.664,7.2,1
0.0,9.61,3.74,5.916,0.27,1.6,2.943,7.2,1
0.0,10.56,2.35,13.674,0.5,6.84,5.894,7.2,1
0.0,1.6750005,2.8050008,9.809003,1.1549995,12.234997,4.1760015,7.2,1
0.0,1.6050005,3.4749994,15.247003,0.074999996,0.0,5.4510016,7.2,1
0.0,3.77,1.58,17.62,1.29,22.73,4.674,7.2,1
0.0,9.46,2.92,16.282,1.25,20.35,5.733,7.2,1
0.0,6.0,2.88,6.292,0.0,0.0,2.913,7.2,1
0.0,10.39,2.62,6.51,1.21,7.88,2.932,7.2,1
0.0,1.0899996,3.7350006,7.0500016,0.074999996,0.074999996,5.9899983,7.2,1
0.0,2.52,2.94,132.255,0.0,0.0,5.813,7.2,1
0.0,2.1749992,6.6349983,12.681003,0.88499993,10.404997,5.998998,7.2,1
0.0,3.77,4.08,154.681,1.1,24.95,6.016,7.2,1
0.0,0.86,1.24,33.858,0.86,4.22,5.708,7.2,1
0.0,4.9,1.88,5.75,0.0,0.0,3.075,7.2,1
0.0,0.71,0.71,25.932,0.0,0.0,5.877,7.2,1
0.0,6.4649982,6.4749985,13.427997,1.3,49.135002,5.8969984,7.2,1
0.0,1.1549995,1.3050005,1.2400005,0.074999996,0.0,5.854998,7.2,1
0.0,1.3749999,0.45499992,8.377003,1.2550001,10.5549965,6.1560016,7.2,1
0.0,1.0600002,0.36499992,6.163998,0.074999996,0.074999996,6.132002,7.2,1
0.0,1.05,1.06,34.114,0.0,0.0,6.086,7.2,1
0.0,1.5349995,1.6850005,0.64799994,0.074999996,0.0,4.361998,7.2,1
0.0,1.96,1.98,87.372,0.0,0.0,6.044,7.2,1
0.0,1.2650006,3.6250007,3.5470006,0.0,0.074999996,1.0840005,7.2,1
0.0,1.49,1.49,18.682,1.27,10.36,5.477,7.2,1
0.0,1.7,6.865,9.388999,0.074999996,0.0,5.438998,7.2,1
0.0,0.23,0.24,9.483,0.0,0.0,5.926,7.2,1
0.0,1.6549995,0.93499994,10.252003,0.14500007,2.3449993,6.0440016,7.2,1
0.0,3.8950007,3.7749994,2.5619993,1.1650006,2.6350007,1.9800004,7.2,1
0.0,1.4449995,0.8449999,8.762003,0.0,0.074999996,5.889002,7.2,1
0.0,0.14499998,0.44500005,0.52800006,0.69499993,0.44499993,2.3520005,7.2,1
0.0,1.33,1.33,39.437,0.0,0.0,5.459,7.2,1
0.0,7.69,1.76,5.729,0.0,0.0,3.255,7.2,1
0.0,0.35500008,0.5149999,-0.4650001,1.3,1.6849995,3.1780007,7.2,1
0.0,4.1949983,4.2850003,4.093002,1.0950005,14.235003,3.2110007,7.2,1
0.0,2.87,0.83,4.923,0.0,0.0,6.004,7.2,1
0.0,7.35,2.59,7.87,0.0,0.0,3.098,7.2,1
0.0,0.79499996,5.4049983,1.1979995,0.12500007,0.32499993,1.8430005,7.2,1
0.0,1.2249997,8.215003,2.3820007,0.0,0.0,2.0100002,7.2,1
0.0,0.5250001,0.68499994,0.8769999,1.3,4.544998,6.182998,7.2,1
0.0,1.185,3.9050007,7.368002,1.1650006,8.025,6.0029984,7.2,1
0.0,1.77,1.78,95.688,1.26,13.95,6.255,7.2,1
0.0,0.82,0.83,34.251,0.0,0.0,5.813,7.2,1
0.0,4.71,2.32,27.963,0.15,4.19,5.937,7.2,1
0.0,0.37499994,2.0750008,5.5539985,0.2850001,2.1049993,5.9390016,7.2,1
0.0,14.35,4.36,26.212,0.0,0.0,6.026,7.2,1
0.0,2.16,0.75,11.99,0.29,3.48,5.551,7.2,1
0.0,1.21,1.36,61.882,0.14,0.99,5.836,7.2,1
0.0,0.7350001,0.86499995,2.1129994,0.074999996,0.0,6.0409985,7.2,1
0.0,0.56499994,0.56499994,6.6279984,0.074999996,0.074999996,5.804002,7.2,1
0.0,2.2149994,15.794997,7.2729983,1.2149994,9.405003,3.5089993,7.2,1
0.0,0.9050001,1.0650004,-0.39600006,0.0,0.0,5.932998,7.2,1
0.0,1.3549994,1.8449994,2.6509993,0.40499994,2.6650007,5.7259984,7.2,1
0.0,0.4650001,0.33499992,1.6249995,0.074999996,0.0,3.2229993,7.2,1
0.0,0.96499974,1.1150005,0.21699993,0.074999996,0.0,3.1970007,7.2,1
0.0,0.34000003,0.20499992,2.1670008,0.06,0.03,6.1340017,7.2,1
0.0,0.75499994,3.2150006,7.8579984,0.0,0.074999996,3.1979992,7.2,1
0.0,0.47500008,0.63499993,0.72299993,0.074999996,0.0,5.4759984,7.2,1
0.0,2.1649992,4.3650017,25.818003,1.1950005,29.074997,6.1110015,7.2,1
0.0,1.89,0.53,11.495,0.51,5.86,6.082,7.2,1
0.0,0.8950001,1.0450003,2.2589993,0.9149999,4.774998,5.873998,7.2,1
0.0,0.27499995,0.88499993,3.6190007,0.27500007,1.3650005,5.429002,7.2,1
0.0,1.43,1.43,30.866,0.0,0.0,6.176,7.2,1
0.0,11.54,3.13,18.878,0.0,0.0,6.051,7.2,1
0.0,0.37499994,0.54499996,2.7290006,0.0,0.074999996,6.171002,7.2,1
0.0,4.83,1.37,4.407,0.5,2.2,3.24,7.2,1
0.0,0.48499992,1.6650006,8.078003,0.5850001,5.455002,5.2350016,7.2,1
0.0,0.9949996,0.73499995,6.327998,0.074999996,0.074999996,6.059002,7.2,1
0.0,2.39,2.4,50.503,0.95,13.38,5.892,7.2,1
0.0,1.0750005,4.894998,3.1770008,1.3,4.0999994,3.3269994,7.2,1
0.0,1.79,1.79,74.123,0.53,5.87,6.184,7.2,1
0.0,1.7950006,4.8849983,4.745002,1.1850005,5.2550015,2.6400006,7.2,1
0.0,2.1150007,2.6249993,0.33699992,0.074999996,0.0,2.6740007,7.2,1
0.0,2.4350007,1.4050006,8.276003,0.17499995,0.76500005,3.4019992,7.2,1
0.0,3.3449993,13.475003,19.792997,0.9149999,16.634996,5.9549985,7.2,1
0.0,5.18,2.4,30.384,0.37,11.24,5.866,7.2,1
0.0,22.48,5.07,15.882,0.0,0.0,3.222,7.2,1
0.0,1.8750005,3.0049994,17.883003,0.074999996,0.0,6.204002,7.2,1
0.0,2.4,2.53,77.457,0.95,13.13,5.758,7.2,1
0.0,0.68499994,1.7950006,10.1620035,0.074999996,0.074999996,6.0620017,7.2,1
0.0,13.54,2.95,17.154,0.24,4.12,5.855,7.2,1
0.0,3.3950007,3.5449994,5.817002,0.074999996,0.074999996,5.815998,7.2,1
0.0,0.73499995,1.9850004,6.2919984,0.4649999,2.4050007,3.1809993,7.2,1
0.0,5.01,6.1,69.938,1.07,17.25,3.218,7.2,1
0.0,0.52,0.53,17.623,0.0,0.0,5.9,7.2,1
0.0,6.06,1.36,8.189,0.91,7.45,6.066,7.2,1
0.0,1.1899998,0.38499993,6.999998,0.074999996,0.074999996,5.8740015,7.2,1
0.0,1.0249995,1.1850005,0.26499993,0.074999996,0.0,3.2940006,7.2,1
0.0,1.4949995,1.6550006,3.1349993,0.7149999,6.024998,5.997998,7.2,1
0.0,3.25,0.9,9.154,0.21,1.92,2.817,7.2,1
0.0,13.03,3.53,21.588,0.58,12.52,6.133,7.2,1
0.0,7.87,2.38,6.137,0.2,1.23,2.909,7.2,1
0.0,2.25,2.25,37.424,0.49,6.56,5.953,7.2,1
0.0,0.38499993,1.4300004,1.7729995,0.115000054,0.42499992,3.0079994,7.2,1
0.0,2.8650007,3.0549994,5.7610016,0.45499992,6.4850016,5.6619983,7.2,1
0.0,1.9149995,0.6649999,3.3279994,0.074999996,0.0,5.438998,7.2,1
0.0,2.83,2.83,66.799,0.0,0.0,6.066,7.2,1
0.0,3.08,3.08,177.24,1.2,22.2,6.006,7.2,1
0.0,2.0550008,1.1950005,12.966003,0.55500007,8.294997,6.198002,7.2,1
0.0,3.8249993,10.795003,22.762997,0.074999996,0.0,5.9749985,7.2,1
0.0,2.8349993,3.5549994,29.943003,0.044999998,0.0,3.9539993,7.2,1
0.0,3.05,3.06,101.632,0.0,0.0,6.163,7.2,1
0.0,1.2949997,0.56499994,7.7529984,0.0,0.074999996,5.9170017,7.2,1
0.0,1.5799996,0.92499995,9.814003,0.9849996,10.5549965,6.105002,7.2,1
0.0,0.81499994,1.9449997,4.6399984,0.13999999,0.44500005,3.0219994,7.2,1
0.0,1.1449997,1.2650006,11.608003,0.074999996,0.0,3.2899992,7.2,1
0.0,3.55,0.96,21.609,0.0,0.0,6.087,7.2,1
0.0,10.4,2.79,6.637,0.65,4.31,3.087,7.2,1
0.0,2.4949994,12.385003,13.981003,0.0,0.0,5.7329984,7.2,1
0.0,7.5149984,7.6750016,15.421997,0.074999996,0.074999996,6.0099983,7.2,1
0.0,0.33,0.33,17.806,1.1,1.99,5.47,7.2,1
0.0,2.0550008,10.604997,6.110998,0.0,0.0,2.9789994,7.2,1
0.0,0.94499993,2.5049994,14.112003,0.074999996,0.074999996,5.9130015,7.2,1
0.0,0.0,0.01,-0.36000007,0.0,0.0,3.2920008,7.2,1
0.0,0.37500006,0.55499995,0.14899997,0.06,0.0,5.4029984,7.2,1
0.0,3.16,0.93,3.095,0.62,1.92,3.328,7.2,1
0.0,1.0449995,1.2050005,-0.096000046,0.074999996,0.0,5.787998,7.2,1
0.0,7.76,2.53,15.221,0.42,6.39,6.04,7.2,1
0.0,0.41,0.41,12.376,1.21,2.98,6.01,7.2,1
0.0,0.62499994,1.7850006,10.231003,1.0649995,11.824997,6.1370015,7.2,1
0.0,1.1749995,1.3450005,1.1410005,0.074999996,0.0,1.9349996,7.2,1
0.0,4.88,2.18,5.866,0.0,0.0,3.188,7.2,1
0.0,2.5750008,17.454996,14.061997,1.2300004,16.285004,5.202998,7.2,1
0.0,5.27,2.77,31.849,0.76,24.21,6.043,7.2,1
0.0,1.4949995,2.2249994,-0.31200007,1.2950006,5.9749985,3.0840006,7.2,1
0.0,0.61500007,0.7649999,-0.31000006,1.3,2.7050006,3.0440006,7.2,1
0.0,1.2649995,0.5849999,7.379998,0.074999996,0.074999996,5.638002,7.2,1
0.0,2.2749994,7.2449985,6.8050017,0.0,0.0,2.9840007,7.2,1
0.0,2.69,2.69,156.765,0.0,0.0,5.941,7.2,1
0.0,2.1350007,2.2849994,1.9430006,0.074999996,0.074999996,4.743998,7.2,1
0.0,2.7249994,8.485003,14.501997,0.074999996,0.0,5.368998,7.2,1
0.0,2.2850006,1.4750005,13.676003,1.1250005,14.514997,5.902002,7.2,1
0.0,2.0250006,2.1749992,3.1109993,0.074999996,0.0,2.8680007,7.2,1
0.0,1.2750006,2.4149992,10.758003,0.0,0.074999996,5.8990016,7.2,1
0.0,3.4050007,3.5649993,3.2639992,0.074999996,0.074999996,6.0079985,7.2,1
0.0,1.1249995,1.2750006,0.73199993,0.074999996,0.0,5.946998,7.2,1
0.0,1.8950006,4.9949985,11.057003,0.86499995,8.864997,6.0409985,7.2,1
0.0,1.1399996,0.5949999,7.1469984,0.7649999,5.0550017,6.093002,7.2,1
0.0,1.1149995,11.674997,3.2310007,0.0,0.0,2.8529994,7.2,1
0.0,0.67499995,2.3750007,5.9779983,0.26499993,1.0749995,2.9709992,7.2,1
0.0,2.2449994,3.0149994,22.010002,0.0,0.015,3.1989994,7.2,1
0.0,0.8349999,2.025,10.722003,0.074999996,0.074999996,5.612002,7.2,1
0.0,1.0950005,3.3350008,3.1600006,0.09500004,0.62499994,3.2469993,7.2,1
0.0,9.32,2.34,6.737,0.0,0.0,3.062,7.2,1
0.0,0.195,0.13999999,1.0629998,0.88499993,0.87,6.0190005,7.2,1
0.0,0.93,0.93,46.208,0.0,0.0,6.003,7.2,1
0.0,1.9750001,1.9050006,11.382003,0.0,0.074999996,5.664002,7.2,1
0.0,1.66,1.66,78.597,0.0,0.0,5.912,7.2,1
0.0,3.2750006,3.4349992,0.107,0.074999996,0.0,5.947998,7.2,1
0.0,1.0549995,4.9749985,6.9440017,0.074999996,0.0,6.0039983,7.2,1
0.0,0.44500005,1.3849995,3.3049994,0.074999996,0.0,6.136998,7.2,1
0.0,3.48,1.5,11.348,0.94,10.67,3.261,7.2,1
0.0,3.92,1.16,12.24,0.63,7.71,3.122,7.2,1
0.0,3.0749993,9.755003,18.221996,0.074999996,0.0,5.973998,7.2,1
0.0,10.13,3.21,10.98,0.36,3.95,3.907,7.2,1
0.0,0.7750001,0.5149999,2.6090007,1.3,3.5149994,3.2329993,7.2,1
0.0,0.8550001,0.31499994,2.9250007,0.87499994,2.4,3.3009994,7.2,1
0.0,2.3850007,1.3350005,14.538003,0.41250005,7.085002,6.015002,7.2,1
0.0,2.68,0.84,16.145,1.15,18.57,6.024,7.2,1
0.0,4.7849984,4.935002,8.452997,0.074999996,0.074999996,3.5040007,7.2,1
0.0,3.3049994,6.5550017,35.397003,0.074999996,0.0,5.948002,7.2,1
0.0,0.5749999,2.4250007,4.971998,0.074999996,0.074999996,2.9259994,7.2,1
0.0,0.47499993,1.1250005,5.8899984,0.0,0.074999996,5.756002,7.2,1
0.0,0.80499995,2.0650008,5.268998,1.1749995,6.7550015,3.3739994,7.2,1
0.0,1.0149995,1.0249995,3.3499994,1.2850006,7.9249983,5.991998,7.2,1
0.0,0.48,0.49,24.829,0.0,0.0,6.06,7.2,1
0.0,0.9150001,1.0650004,-0.052,1.0850005,5.814998,5.8189983,7.2,1
0.0,5.9,5.91,1.774,0.0,0.0,5.96,7.2,1
0.0,1.6249995,1.7850006,2.5489993,0.074999996,0.074999996,6.0679984,7.2,1
0.0,0.74499995,2.6049993,13.620003,0.0,0.074999996,5.5100017,7.2,1
0.0,2.1349993,5.3649983,4.3169985,1.2150005,5.085002,2.0570006,7.2,1
0.0,10.12,3.26,6.13,0.0,0.0,2.919,7.2,1
0.0,4.51,1.76,4.254,0.0,0.0,3.017,7.2,1
0.0,0.16499996,3.2550006,0.39100006,0.074999996,0.074999996,3.1819994,7.2,1
0.0,1.8949995,1.1150005,5.3529983,0.074999996,0.0,2.8299994,7.2,1
0.0,1.2150005,2.9350007,3.6310008,0.0,0.074999996,3.3259993,7.2,1
0.0,2.23,2.99,31.563,0.37,2.56,3.102,7.2,1
0.0,2.0549996,9.784997,6.0209985,0.0,0.0,3.1539993,7.2,1
0.0,0.43500006,0.45000005,0.6869999,0.074999996,0.0,3.1700006,7.2,1
0.0,4.83,1.83,10.933,0.0,0.0,6.007,7.2,1
0.0,2.62,0.91,15.856,0.0,0.0,6.052,7.2,1
0.0,3.35,1.1,6.482,0.0,0.0,5.947,7.2,1
0.0,0.88499993,2.3149993,13.275003,0.074999996,0.074999996,6.0890017,7.2,1
0.0,4.0,1.72,10.491,0.52,5.46,6.135,7.2,1
0.0,0.61499995,1.5249995,1.0970005,1.2050005,1.0749995,1.8179995,7.2,1
0.0,4.644998,27.830002,27.425,1.1149995,32.694996,5.7319984,7.2,1
0.0,3.36,1.22,7.196,0.86,6.19,5.947,7.2,1
0.0,3.97,4.66,46.586,0.65,7.96,3.083,7.2,1
0.0,2.15,3.25,58.771,0.0,0.0,2.967,7.2,1
0.0,1.6650006,3.3250008,10.991003,0.0,0.0,3.3299994,7.2,1
0.0,1.8550005,3.984999,3.2899992,0.49499992,1.2749995,1.7309995,7.2,1
0.0,1.63,2.69,42.52,0.0,0.0,3.194,7.2,1
0.0,2.47,0.65,14.831,0.64,9.49,6.004,7.2,1
0.0,2.1049993,5.3049984,5.9240017,0.022499999,0.074999996,2.8060007,7.2,1
0.0,0.7849999,1.6450006,9.361003,0.074999996,0.074999996,6.085002,7.2,1
0.0,2.29,0.67,13.445,0.0,0.0,5.871,7.2,1
0.0,7.14,3.23,36.413,0.0,0.0,5.1,7.2,1
0.0,4.71,1.15,5.756,0.81,4.66,5.535,7.2,1
0.0,4.4650016,18.745003,26.046997,0.074999996,0.0,5.840998,7.2,1
0.0,2.0550008,3.1550007,5.520002,0.074999996,0.074999996,5.5409985,7.2,1
0.0,0.45500004,0.27499995,0.7350001,0.074999996,0.0,1.6030005,7.2,1
0.0,1.5449995,0.79499996,5.1929984,0.074999996,0.0,3.3269994,7.2,1
0.0,2.1950006,2.5549994,2.6149993,0.074999996,0.0,3.0810006,7.2,1
0.0,0.515,2.3600004,1.6489995,0.074999996,0.0,3.3279994,7.2,1
0.0,0.7150001,1.6450006,0.9519999,0.074999996,0.0,4.9249983,7.2,1
0.0,1.09,1.1,34.495,0.1,0.66,6.022,7.2,1
